pitch_type,game_date,release_speed,release_pos_x,release_pos_z,player_name,batter,pitcher,events,description,spin_dir,spin_rate_deprecated,break_angle_deprecated,break_length_deprecated,zone,des,game_type,stand,p_throws,home_team,away_team,type,hit_location,bb_type,balls,strikes,game_year,pfx_x,pfx_z,plate_x,plate_z,on_3b,on_2b,on_1b,outs_when_up,inning,inning_topbot,hc_x,hc_y,tfs_deprecated,tfs_zulu_deprecated,umpire,sv_id,vx0,vy0,vz0,ax,ay,az,sz_top,sz_bot,hit_distance_sc,launch_speed,launch_angle,effective_speed,release_spin_rate,release_extension,game_pk,fielder_2,fielder_3,fielder_4,fielder_5,fielder_6,fielder_7,fielder_8,fielder_9,release_pos_y,estimated_ba_using_speedangle,estimated_woba_using_speedangle,woba_value,woba_denom,babip_value,iso_value,launch_speed_angle,at_bat_number,pitch_number,pitch_name,home_score,away_score,bat_score,fld_score,post_away_score,post_home_score,post_bat_score,post_fld_score,if_fielding_alignment,of_fielding_alignment,spin_axis,delta_home_win_exp,delta_run_exp,bat_speed,swing_length,estimated_slg_using_speedangle,delta_pitcher_run_exp,hyper_speed,home_score_diff,bat_score_diff,home_win_exp,bat_win_exp,age_pit_legacy,age_bat_legacy,age_pit,age_bat,n_thruorder_pitcher,n_priorpa_thisgame_player_at_bat,pitcher_days_since_prev_game,batter_days_since_prev_game,pitcher_days_until_next_game,batter_days_until_next_game,api_break_z_with_gravity,api_break_x_arm,api_break_x_batter_in,arm_angle
CH,2024-10-30,85.8,-2.57,5.61,"Kahnle, Tommy",669257,592454,walk,ball,,,,,11,Will Smith walks. Enrique Hernández to 3rd. Tommy Edman to 2nd.,W,R,R,NYY,LAD,B,,,3,0,2024,-0.98,0.28,-1.08,3.24,,571771,669242,0,8,Top,,,,,,,5.545630474986099,-124.7640949447616,0.1472548338834585,-11.323137793291467,26.586612072897097,-29.51889454261412,3.29,1.52,,,,86.0,1246,6.6,775296,669224,519203,650402,665862,683011,657077,592450,665742,53.92,,0.689131,0.7,1,0,0,,72,4,Changeup,6,5,5,6,5,6,5,6,Standard,Standard,262,-0.166,0.122,,,,-0.122,,1,-1,0.544,0.456,34,29,35,29,1,3,2,1,,,2.83,0.98,0.98,27.4
CH,2024-10-30,85.7,-2.41,5.67,"Kahnle, Tommy",669257,592454,,ball,,,,,11,Will Smith walks. Enrique Hernández to 3rd. Tommy Edman to 2nd.,W,R,R,NYY,LAD,B,,,2,0,2024,-0.98,0.35,-0.67,3.52,,571771,669242,0,8,Top,,,,,,,6.1151052318465755,-124.62770071602496,0.5523092697990906,-11.476992429260724,26.636864571954316,-28.92205566252472,3.32,1.5,,,,85.9,1343,6.6,775296,669224,519203,650402,665862,683011,657077,592450,665742,53.89,,,,,,,,72,3,Changeup,6,5,5,6,5,6,5,6,Strategic,Standard,255,0.0,0.153,,,,-0.153,,1,-1,0.544,0.456,34,29,35,29,1,3,2,1,,,2.78,0.98,0.98,29.0
CH,2024-10-30,87.4,-2.42,5.58,"Kahnle, Tommy",669257,592454,,ball,,,,,14,Will Smith walks. Enrique Hernández to 3rd. Tommy Edman to 2nd.,W,R,R,NYY,LAD,B,,,1,0,2024,-1.09,0.24,1.25,1.53,,571771,669242,0,8,Top,,,,,,,11.12132997130696,-126.66697833759352,-4.02003245995516,-14.101174178440449,28.370248483183033,-28.862499947997133,3.34,1.57,,,,87.3,1328,6.7,775296,669224,519203,650402,665862,683011,657077,592450,665742,53.82,,,,,,,,72,2,Changeup,6,5,5,6,5,6,5,6,Strategic,Standard,257,0.0,0.08,,,,-0.08,,1,-1,0.544,0.456,34,29,35,29,1,3,2,1,,,2.79,1.09,1.09,31.9
CH,2024-10-30,87.8,-2.45,5.64,"Kahnle, Tommy",669257,592454,,blocked_ball,,,,,14,Will Smith walks. Enrique Hernández to 3rd. Tommy Edman to 2nd.,W,R,R,NYY,LAD,B,,,0,0,2024,-1.38,-0.27,0.5,0.7,,571771,669242,0,8,Top,,,,,,,10.05951783582561,-127.42373439177418,-5.247408519634296,-17.18767232089767,28.045314651298384,-34.05730523634222,3.22,1.44,,,,87.9,1354,6.7,775296,669224,519203,650402,665862,683011,657077,592450,665742,53.84,,,,,,,,72,1,Changeup,6,5,5,6,5,6,5,6,Strategic,Standard,253,0.0,0.045,,,,-0.045,,1,-1,0.544,0.456,34,29,35,29,1,3,2,1,,,3.25,1.38,1.38,34.1
CH,2024-10-30,87.8,-2.33,5.7,"Kahnle, Tommy",669242,592454,single,hit_into_play,,,,,1,Tommy Edman singles on a ground ball to shortstop Anthony Volpe. Enrique Hernández to 2nd.,W,R,R,NYY,LAD,X,6,ground_ball,0,0,2024,-1.21,-0.07,-0.46,2.9,,,571771,0,8,Top,103.99,146.05,,,,,7.085066233017528,-127.70351437258684,-0.4639225222436174,-14.722405097900207,27.599737696751717,-33.098843637158595,3.27,1.5,47,67.2,2,88.4,1323,6.8,775296,669224,519203,650402,665862,683011,657077,592450,665742,53.71,0.166,0.168,0.9,1,1,0,2,71,1,Changeup,6,5,5,6,5,6,5,6,Standard,Standard,258,-0.121,0.449,76.8,7.2,0.209,-0.449,88.0,1,-1,0.665,0.335,34,29,35,29,1,3,2,1,,,3.04,1.21,1.21,31.8
CH,2024-10-30,88.3,-2.49,5.53,"Kahnle, Tommy",571771,592454,single,hit_into_play,,,,,8,Enrique Hernández singles on a sharp line drive to left fielder Alex Verdugo.,W,R,R,NYY,LAD,X,7,line_drive,1,1,2024,-1.0,0.29,-0.1,1.91,,,,0,8,Top,62.83,95.58,,,,,7.968424254120728,-128.29941409077358,-3.3389849654186685,-12.730032439800173,26.452062368361908,-28.47271780320202,3.33,1.62,247,108.2,13,89.1,1306,6.8,775296,669224,519203,650402,665862,683011,657077,592450,665742,53.66,0.843,0.87,0.9,1,1,0,5,70,3,Changeup,6,5,5,6,5,6,5,6,Standard,Standard,258,-0.088,0.46,77.6,7.8,1.194,-0.46,108.2,1,-1,0.753,0.247,34,32,35,33,1,3,2,1,,,2.64,1.0,1.0,30.4
CH,2024-10-30,87.5,-2.47,5.72,"Kahnle, Tommy",571771,592454,,ball,,,,,12,Enrique Hernández singles on a sharp line drive to left fielder Alex Verdugo.,W,R,R,NYY,LAD,B,,,0,1,2024,-0.97,-0.03,0.32,3.97,,,,0,8,Top,,,,,,,8.773439958067854,-127.07450247320692,2.063878227256736,-12.330551049942404,27.118672609457136,-33.236301802845105,3.37,1.65,,,,87.7,1175,6.6,775296,669224,519203,650402,665862,683011,657077,592450,665742,53.9,,,,,,,,70,2,Changeup,6,5,5,6,5,6,5,6,Standard,Standard,257,0.0,0.025,,,,-0.025,,1,-1,0.753,0.247,34,32,35,33,1,3,2,1,,,3.03,0.97,0.97,30.7
CH,2024-10-30,86.7,-2.34,5.7,"Kahnle, Tommy",571771,592454,,called_strike,,,,,2,Enrique Hernández singles on a sharp line drive to left fielder Alex Verdugo.,W,R,R,NYY,LAD,S,,,0,0,2024,-0.93,-0.35,0.0,3.15,,,,0,8,Top,,,,,,,7.561105421369173,-126.07022968484236,0.852963703786185,-11.521621010268454,26.248680100883615,-36.31905661461001,3.4,1.65,,,,87.3,1209,6.7,775296,669224,519203,650402,665862,683011,657077,592450,665742,53.75,,,,,,,,70,1,Changeup,6,5,5,6,5,6,5,6,Standard,Standard,264,0.0,-0.037,,,,0.037,,1,-1,0.753,0.247,34,32,35,33,1,3,2,1,,,3.39,0.93,0.93,34.4
CH,2024-10-28,86.5,-2.1,5.68,"Kahnle, Tommy",669242,592454,field_out,hit_into_play,,,,,3,"Tommy Edman grounds out, third baseman Jazz Chisholm Jr.  to first baseman Anthony Rizzo.",W,R,R,NYY,LAD,X,5,ground_ball,1,2,2024,-1.04,0.13,0.45,3.09,,,,0,9,Top,108.04,164.8,,,,,8.255636716301092,-125.73180568872834,-0.2194665293627328,-12.70580675541363,25.92230761580346,-30.928751484891837,3.28,1.51,3,74.2,-49,87.1,1241,6.7,775298,669224,519203,650402,665862,683011,657077,592450,665742,53.76,0.217,0.233,0.0,1,0,0,2,68,4,Changeup,0,4,4,0,4,0,4,0,Standard,Standard,252,0.001,-0.186,74.1,7.3,0.225,0.186,88.0,-4,4,0.013,0.987,34,29,35,29,1,3,3,2,2,1,2.92,1.04,1.04,32.1
FF,2024-10-28,94.5,-1.61,6.18,"Kahnle, Tommy",669242,592454,,ball,,,,,11,"Tommy Edman grounds out, third baseman Jazz Chisholm Jr.  to first baseman Anthony Rizzo.",W,R,R,NYY,LAD,B,,,0,2,2024,-0.28,1.36,-1.29,3.37,,,,0,9,Top,,,,,,,1.4568258774011087,-137.56778832999245,-4.682828348238287,-3.862226258717635,31.409872799594893,-14.104351141317045,3.27,1.5,,,,95.2,1971,6.7,775298,669224,519203,650402,665862,683011,657077,592450,665742,53.76,,,,,,,,68,3,4-Seam Fastball,0,4,4,0,4,0,4,0,Standard,Standard,200,0.0,0.023,,,,-0.023,,-4,4,0.013,0.987,34,29,35,29,1,3,3,2,2,1,1.2,0.28,0.28,50.7
CH,2024-10-28,87.6,-2.07,5.81,"Kahnle, Tommy",669242,592454,,foul,,,,,13,"Tommy Edman grounds out, third baseman Jazz Chisholm Jr.  to first baseman Anthony Rizzo.",W,R,R,NYY,LAD,S,,,0,1,2024,-1.06,0.13,-0.27,1.36,,,,0,9,Top,,,,,,,6.572103559431285,-127.27633591678004,-4.86451584921509,-12.942163530082526,27.73786102665744,-29.92629235039307,3.28,1.51,2,85.1,-36,87.8,1231,6.7,775298,669224,519203,650402,665862,683011,657077,592450,665742,53.84,,,,,,,,68,2,Changeup,0,4,4,0,4,0,4,0,Standard,Standard,246,0.0,-0.054,69.7,8.1,,0.054,88.0,-4,4,0.013,0.987,34,29,35,29,1,3,3,2,2,1,2.87,1.06,1.06,40.1
CH,2024-10-28,86.7,-2.28,5.67,"Kahnle, Tommy",669242,592454,,foul,,,,,2,"Tommy Edman grounds out, third baseman Jazz Chisholm Jr.  to first baseman Anthony Rizzo.",W,R,R,NYY,LAD,S,,,0,0,2024,-0.89,0.22,0.24,2.87,,,,0,9,Top,,,,,,,7.904938132817546,-125.98798171418817,-0.8964255478423566,-11.161173855820053,26.481256256863592,-29.91179059460486,3.28,1.51,,,,87.0,1291,6.6,775298,669224,519203,650402,665862,683011,657077,592450,665742,53.9,,,,,,,,68,1,Changeup,0,4,4,0,4,0,4,0,Standard,Standard,260,0.0,-0.037,73.8,7.6,,0.037,,-4,4,0.013,0.987,34,29,35,29,1,3,3,2,2,1,2.83,0.89,0.89,31.7
CH,2024-10-28,88.5,-2.23,5.65,"Kahnle, Tommy",571771,592454,field_out,hit_into_play,,,,,5,Enrique Hernández pops out to first baseman Anthony Rizzo.,W,R,R,NYY,LAD,X,3,popup,1,1,2024,-1.13,0.02,0.19,2.69,,,,2,8,Top,173.92,136.42,,,,,8.31290190231438,-128.54242733608052,-1.1261649624469987,-14.239253621195974,27.94581908097101,-31.97511678554036,3.36,1.64,175,93.4,62,88.8,1277,6.7,775298,669224,519203,650402,665862,683011,657077,592450,665742,53.81,0.009,0.008,0.0,1,0,0,3,63,3,Changeup,0,4,4,0,4,0,4,0,Standard,Standard,254,0.002,-0.244,72.3,7.6,0.012,0.244,93.4,-4,4,0.037,0.963,34,32,35,33,1,3,3,2,2,1,2.92,1.13,1.13,30.9
CH,2024-10-28,87.9,-2.28,5.68,"Kahnle, Tommy",571771,592454,,swinging_strike,,,,,13,Enrique Hernández pops out to first baseman Anthony Rizzo.,W,R,R,NYY,LAD,S,,,1,0,2024,-1.18,0.42,-1.08,2.3,,,,2,8,Top,,,,,,,5.380009477938827,-127.86776367915516,-2.961061877246014,-14.00386550921503,26.596523388150388,-27.120828128915385,3.36,1.64,,,,88.6,1351,6.7,775298,669224,519203,650402,665862,683011,657077,592450,665742,53.76,,,,,,,,63,2,Changeup,0,4,4,0,4,0,4,0,Standard,Standard,251,0.0,-0.051,71.7,7.6,,0.051,,-4,4,0.037,0.963,34,32,35,33,1,3,3,2,2,1,2.53,1.18,1.18,30.8
SI,2024-10-28,95.9,-1.96,5.71,"Kahnle, Tommy",571771,592454,,ball,,,,,14,Enrique Hernández pops out to first baseman Anthony Rizzo.,W,R,R,NYY,LAD,B,,,0,0,2024,-1.29,1.03,0.2,0.82,,,,2,8,Top,,,,,,,8.693638958071977,-139.1615218793089,-9.729802008266184,-18.728221870789817,29.839697244507487,-16.776440086841102,3.35,1.63,,,,96.8,2116,6.8,775298,669224,519203,650402,665862,683011,657077,592450,665742,53.66,,,,,,,,63,1,Sinker,0,4,4,0,4,0,4,0,Standard,Standard,226,0.0,0.04,,,,-0.04,,-4,4,0.037,0.963,34,32,35,33,1,3,3,2,2,1,1.45,1.29,1.29,33.8
CH,2024-10-28,88.1,-2.24,5.69,"Kahnle, Tommy",666158,592454,strikeout,called_strike,,,,,13,Gavin Lux called out on strikes.,W,L,R,NYY,LAD,S,2,,1,2,2024,-0.93,-0.12,-0.96,1.97,,,,1,8,Top,,,,,,,5.060231107927667,-128.1716186929558,-2.6706475024403296,-11.291457609079458,27.61901923467908,-33.173850929364214,3.2,1.52,,,,88.6,1231,6.7,775298,669224,519203,650402,665862,683011,657077,592450,665742,53.79,,0.0,0.0,1,0,0,,62,4,Changeup,0,4,4,0,4,0,4,0,Standard,Standard,256,0.002,-0.182,,,,0.182,,-4,4,0.035,0.965,34,26,35,27,1,3,3,3,2,1,3.07,0.93,-0.93,33.4
CH,2024-10-28,87.0,-2.33,5.57,"Kahnle, Tommy",666158,592454,,ball,,,,,14,Gavin Lux called out on strikes.,W,L,R,NYY,LAD,B,,,0,2,2024,-0.92,0.09,0.09,1.05,,,,1,8,Top,,,,,,,7.729541861501824,-126.3821767073592,-4.852286532671109,-11.391305885678957,25.448499983140454,-30.37384527142849,3.23,1.59,,,,87.5,1239,6.7,775298,669224,519203,650402,665862,683011,657077,592450,665742,53.81,,,,,,,,62,3,Changeup,0,4,4,0,4,0,4,0,Standard,Standard,259,0.0,0.02,,,,-0.02,,-4,4,0.035,0.965,34,26,35,27,1,3,3,3,2,1,2.93,0.92,-0.92,28.3
CH,2024-10-28,87.3,-2.26,5.71,"Kahnle, Tommy",666158,592454,,foul,,,,,4,Gavin Lux called out on strikes.,W,L,R,NYY,LAD,S,,,0,1,2024,-0.88,-0.12,-0.41,2.54,,,,1,8,Top,,,,,,,6.30999795969322,-127.05182513328238,-1.2663967000813814,-10.820340635102731,24.967510555088992,-33.448341634242816,3.24,1.58,3,79.0,-39,88.0,1283,6.6,775298,669224,519203,650402,665862,683011,657077,592450,665742,53.88,,,,,,,,62,2,Changeup,0,4,4,0,4,0,4,0,Standard,Standard,261,0.0,-0.057,73.2,7.9,,0.057,88.0,-4,4,0.035,0.965,34,26,35,27,1,3,3,3,2,1,3.1,0.88,-0.88,36.4
CH,2024-10-28,86.9,-2.27,5.74,"Kahnle, Tommy",666158,592454,,called_strike,,,,,8,Gavin Lux called out on strikes.,W,L,R,NYY,LAD,S,,,0,0,2024,-1.04,-0.31,-0.14,1.78,,,,1,8,Top,,,,,,,7.283634118228857,-126.43962502143955,-2.7020238550352467,-12.66951637897326,25.56396857637237,-35.11872332499313,3.34,1.61,,,,87.6,1273,6.7,775298,669224,519203,650402,665862,683011,657077,592450,665742,53.81,,,,,,,,62,1,Changeup,0,4,4,0,4,0,4,0,Standard,Standard,258,0.0,-0.037,,,,0.037,,-4,4,0.035,0.965,34,26,35,27,1,3,3,3,2,1,3.32,1.04,-1.04,33.1
CH,2024-10-25,87.1,-2.42,5.44,"Kahnle, Tommy",660271,592454,double,hit_into_play,,,,,4,"Shohei Ohtani doubles (1) on a sharp line drive to right fielder Juan Soto. Shohei Ohtani to 3rd. Shohei Ohtani advances to 3rd, on a throwing error by right fielder Juan Soto.",W,L,R,LAD,NYY,X,9,line_drive,1,0,2024,-1.23,-0.18,-0.36,2.17,,,,1,8,Bot,184.96,56.73,,,,,7.510516984211628,-126.64477895625656,-1.2893563389388325,-14.775768269608998,26.57810567466105,-34.055365158683,3.4,1.61,377,113.9,19,87.6,1417,6.7,775300,669224,519203,650402,665862,683011,657077,592450,665742,53.79,0.843,1.348,1.25,1,1,1,6,62,2,Changeup,1,2,1,2,2,1,1,2,Standard,Standard,255,0.215,0.618,78.9,8.0,2.381,-0.618,113.9,-1,-1,0.235,0.235,34,29,35,30,1,3,7,5,3,1,3.2,1.23,-1.23,28.2
CH,2024-10-25,87.4,-2.47,5.41,"Kahnle, Tommy",660271,592454,,ball,,,,,13,"Shohei Ohtani doubles (1) on a sharp line drive to right fielder Juan Soto. Shohei Ohtani to 3rd. Shohei Ohtani advances to 3rd, on a throwing error by right fielder Juan Soto.",W,L,R,LAD,NYY,B,,,0,0,2024,-1.2,0.13,-1.82,2.22,,,,1,8,Bot,,,,,,,4.067369591822795,-127.20999147918086,-1.778254748378352,-13.809147528477649,27.898177409643083,-30.584827947945826,3.44,1.67,,,,87.6,1401,6.6,775300,669224,519203,650402,665862,683011,657077,592450,665742,53.94,,,,,,,,62,1,Changeup,1,2,1,2,2,1,1,2,Standard,Standard,256,0.0,0.039,,,,-0.039,,-1,-1,0.235,0.235,34,29,35,30,1,3,7,5,3,1,2.87,1.2,-1.2,28.9
CH,2024-10-25,89.3,-2.26,5.62,"Kahnle, Tommy",669242,592454,field_out,hit_into_play,,,,,5,"Tommy Edman grounds out, shortstop Anthony Volpe to first baseman Anthony Rizzo.",W,R,R,LAD,NYY,X,6,ground_ball,0,2,2024,-1.06,0.35,0.04,2.17,,,,0,8,Bot,119.39,147.29,,,,,7.928054445821889,-129.72514595864632,-3.176512043868117,-13.63890041853508,29.16852451524257,-27.716963325861737,3.27,1.5,5,70.7,-22,89.6,1219,6.8,775300,669224,519203,650402,665862,683011,657077,592450,665742,53.74,0.034,0.063,0.0,1,0,0,2,61,4,Changeup,1,2,1,2,2,1,1,2,Standard,Standard,254,-0.062,-0.163,71.5,6.9,0.034,0.163,88.0,-1,-1,0.297,0.297,34,29,35,29,1,2,7,5,3,1,2.53,1.06,1.06,35.2
CH,2024-10-25,88.5,-2.33,5.58,"Kahnle, Tommy",669242,592454,,foul,,,,,4,"Tommy Edman grounds out, shortstop Anthony Volpe to first baseman Anthony Rizzo.",W,R,R,LAD,NYY,S,,,0,2,2024,-1.23,0.03,-0.37,2.12,,,,0,8,Bot,,,,,,,7.430840689038151,-128.6831136364912,-2.424150273788311,-15.252605692561271,27.049946443231807,-31.48917983193923,3.27,1.5,,,,89.1,1279,6.7,775300,669224,519203,650402,665862,683011,657077,592450,665742,53.79,,,,,,,,61,3,Changeup,1,2,1,2,2,1,1,2,Standard,Standard,246,0.0,0.0,76.9,7.0,,0.0,,-1,-1,0.297,0.297,34,29,35,29,1,2,7,5,3,1,2.88,1.23,1.23,34.4
CH,2024-10-25,88.4,-2.28,5.54,"Kahnle, Tommy",669242,592454,,foul,,,,,8,"Tommy Edman grounds out, shortstop Anthony Volpe to first baseman Anthony Rizzo.",W,R,R,LAD,NYY,S,,,0,1,2024,-1.2,0.11,0.22,1.58,,,,0,8,Bot,,,,,,,8.660301027919875,-128.3884402799976,-3.7590793309139023,-15.10305352753873,28.592708429794357,-30.342859479696415,3.27,1.5,1,88.3,-48,88.7,1333,6.7,775300,669224,519203,650402,665862,683011,657077,592450,665742,53.77,,,,,,,,61,2,Changeup,1,2,1,2,2,1,1,2,Standard,Standard,256,0.0,-0.054,75.1,7.7,,0.054,88.3,-1,-1,0.297,0.297,34,29,35,29,1,2,7,5,3,1,2.84,1.2,1.2,31.3
CH,2024-10-25,87.1,-2.48,5.5,"Kahnle, Tommy",669242,592454,,called_strike,,,,,5,"Tommy Edman grounds out, shortstop Anthony Volpe to first baseman Anthony Rizzo.",W,R,R,LAD,NYY,S,,,0,0,2024,-0.75,-0.03,0.09,2.4,,,,0,8,Bot,,,,,,,7.760688978145804,-126.59273511215696,-1.171033451997982,-9.699530685430028,26.62272462498371,-32.51131901214486,3.32,1.54,,,,87.4,1276,6.6,775300,669224,519203,650402,665862,683011,657077,592450,665742,53.91,,,,,,,,61,1,Changeup,1,2,1,2,2,1,1,2,Standard,Standard,257,0.0,-0.037,,,,0.037,,-1,-1,0.297,0.297,34,29,35,29,1,2,7,5,3,1,3.05,0.75,0.75,28.2
CH,2024-10-25,87.1,-2.21,5.59,"Kahnle, Tommy",666158,592454,field_out,hit_into_play,,,,,7,"Gavin Lux grounds out, second baseman Gleyber Torres to first baseman Anthony Rizzo.",W,L,R,LAD,NYY,X,4,ground_ball,0,1,2024,-1.04,0.04,-0.83,1.65,606192,571970,,2,7,Bot,157.71,157.2,,,,,5.473774734239552,-126.78388040850452,-3.389378269179166,-12.31509509246127,26.60352764972856,-31.20626123313645,3.25,1.56,4,67.3,-21,87.5,1233,6.6,775300,669224,519203,650402,665862,683011,657077,592450,665742,53.9,0.034,0.055,0.0,1,0,0,2,57,2,Changeup,1,2,1,2,2,1,1,2,Standard,Standard,258,-0.129,-0.236,69.3,7.9,0.041,0.236,88.0,-1,-1,0.376,0.376,34,26,35,27,1,2,7,7,3,3,2.97,1.04,-1.04,34.0
CH,2024-10-25,87.2,-2.3,5.55,"Kahnle, Tommy",666158,592454,,foul,,,,,13,"Gavin Lux grounds out, second baseman Gleyber Torres to first baseman Anthony Rizzo.",W,L,R,LAD,NYY,S,,,0,0,2024,-1.09,0.11,-0.94,2.21,606192,571970,,2,7,Bot,,,,,,,5.548311082813894,-126.98301664929446,-2.158706087226397,-12.888256935921383,23.272470670309655,-30.793035363736717,3.25,1.56,1,76.5,-59,88.2,1372,6.6,775300,669224,519203,650402,665862,683011,657077,592450,665742,53.86,,,,,,,,57,1,Changeup,1,2,1,2,2,1,1,2,Standard,Standard,256,0.0,-0.046,71.8,7.0,,0.046,88.0,-1,-1,0.376,0.376,34,26,35,27,1,2,7,7,3,3,2.86,1.09,-1.09,31.5
CH,2024-10-18,86.6,-2.43,5.66,"Kahnle, Tommy",677587,592454,field_out,hit_into_play,,,,,7,"Brayan Rocchio grounds out, second baseman Jon Berti to first baseman Oswaldo Cabrera.",L,L,R,CLE,NYY,X,4,ground_ball,0,2,2024,-1.21,0.36,-0.6,1.74,,678877,665926,2,9,Bot,144.16,151.63,,,,,6.845145597155974,-125.95129630786512,-3.895311308617908,-14.26278364076414,24.569392996513415,-27.781084403628455,3.09,1.4,8,98.4,-13,86.9,1281,6.4,775311,669224,665828,542932,665862,683011,657077,592450,665742,54.05,0.249,0.222,0.0,1,0,0,2,85,3,Changeup,6,8,6,8,8,6,6,8,Standard,Standard,251,-0.09,-0.186,69.3,6.9,0.3,0.186,98.4,-2,-2,0.09,0.09,34,23,35,23,1,4,1,1,7,1,2.68,1.21,-1.21,33.0
CH,2024-10-18,84.6,-2.49,5.47,"Kahnle, Tommy",677587,592454,,foul_tip,,,,,8,"Brayan Rocchio grounds out, second baseman Jon Berti to first baseman Oswaldo Cabrera.",L,L,R,CLE,NYY,S,,,0,1,2024,-1.06,0.25,-0.05,1.54,,678877,665926,2,9,Bot,,,,,,,7.851243485650987,-123.03181158644598,-3.360423835541321,-12.299570470486584,22.968174245571557,-29.14464676798004,3.09,1.4,,,,85.2,1299,6.6,775311,669224,665828,542932,665862,683011,657077,592450,665742,53.93,,,,,,,,85,2,Changeup,6,8,6,8,8,6,6,8,Strategic,Standard,255,0.0,-0.046,72.2,7.7,,0.046,,-2,-2,0.09,0.09,34,23,35,23,1,4,1,1,7,1,2.92,1.06,-1.06,30.0
CH,2024-10-18,86.1,-2.42,5.59,"Kahnle, Tommy",677587,592454,,foul,,,,,4,"Brayan Rocchio grounds out, second baseman Jon Berti to first baseman Oswaldo Cabrera.",L,L,R,CLE,NYY,S,,,0,0,2024,-1.24,1.05,-0.67,2.55,,678877,665926,2,9,Bot,,,,,,,6.677604262589967,-125.22504316175312,-3.1029549547950985,-14.35592926543106,25.841547223282433,-20.714156736203837,3.09,1.4,4,43.4,-35,86.5,1318,6.6,775311,669224,665828,542932,665862,683011,657077,592450,665742,53.88,,,,,,,,85,1,Changeup,6,8,6,8,8,6,6,8,Standard,Standard,256,0.0,-0.048,69.9,7.4,,0.048,88.0,-2,-2,0.09,0.09,34,23,35,23,1,4,1,1,7,1,2.03,1.24,-1.24,32.6
CH,2024-10-18,84.4,-2.66,5.53,"Kahnle, Tommy",666310,592454,field_out,hit_into_play,,,,,4,Bo Naylor flies out sharply to center fielder Aaron Judge.,L,L,R,CLE,NYY,X,8,fly_ball,0,0,2024,-1.29,0.3,-0.36,2.38,,678877,665926,1,9,Bot,130.88,63.9,,,,,7.967683477377263,-122.7359051971661,-1.555240467229014,-14.660263021856323,23.9546923302484,-29.07582210290771,3.27,1.56,335,102.9,43,84.9,1366,6.6,775311,669224,665828,542932,665862,683011,657077,592450,665742,53.86,0.154,0.295,0.0,1,0,0,5,84,1,Changeup,6,8,6,8,8,6,6,8,Standard,Standard,252,-0.103,-0.239,74.6,7.6,0.57,0.239,102.9,-2,-2,0.193,0.193,34,24,35,24,1,2,1,1,7,1,2.9,1.29,-1.29,30.3
CH,2024-10-18,85.2,-2.38,5.53,"Kahnle, Tommy",665926,592454,single,hit_into_play,,,,,12,Andrés Giménez singles on a fly ball to right fielder Juan Soto.   Jhonkensy Noel to 2nd.,L,L,R,CLE,NYY,X,9,fly_ball,1,0,2024,-0.99,0.47,0.85,2.91,,,678877,1,9,Bot,168.02,120.07,,,,,9.62496100412581,-123.69905471992836,-0.7661866335183222,-12.089033095282284,23.982552798846417,-27.439543319365352,3.16,1.43,211,63.3,33,85.5,1314,6.5,775311,669224,665828,542932,665862,683011,657077,592450,665742,53.95,0.74,0.677,0.9,1,1,0,4,83,2,Changeup,6,8,6,8,8,6,6,8,Standard,Standard,260,0.09,0.369,72.2,6.7,0.806,-0.369,88.0,-2,-2,0.103,0.103,34,25,35,26,1,4,1,1,7,1,2.68,0.99,-0.99,30.2
CH,2024-10-18,84.9,-2.51,5.54,"Kahnle, Tommy",665926,592454,,ball,,,,,14,Andrés Giménez singles on a fly ball to right fielder Juan Soto.   Jhonkensy Noel to 2nd.,L,L,R,CLE,NYY,B,,,0,0,2024,-1.06,0.46,0.96,1.53,,,678877,1,9,Bot,,,,,,,10.2263120932296,-123.15782447163136,-3.9627405555741615,-12.766405820051034,23.92018230174356,-26.88776232296879,3.14,1.5,,,,85.0,1343,6.5,775311,669224,665828,542932,665862,683011,657077,592450,665742,54.01,,,,,,,,83,1,Changeup,6,8,6,8,8,6,6,8,Standard,Standard,256,0.0,0.036,,,,-0.036,,-2,-2,0.103,0.103,34,25,35,26,1,4,1,1,7,1,2.72,1.06,-1.06,30.1
CH,2024-10-18,88.5,-2.3,5.55,"Kahnle, Tommy",678877,592454,walk,ball,,,,,14,Jhonkensy Noel walks.,L,R,R,CLE,NYY,B,,,3,2,2024,-1.23,0.34,1.7,0.47,,,,1,9,Bot,,,,,,,12.380945581463177,-128.09307060594324,-6.975776512026707,-16.255387340866555,28.18833723241873,-26.950848362822864,3.33,1.61,,,,88.5,1303,6.7,775311,669224,665828,542932,665862,683011,657077,592450,665742,53.78,,0.689131,0.7,1,0,0,,82,6,Changeup,6,8,6,8,8,6,6,8,Strategic,Standard,251,0.06,0.348,,,,-0.348,,-2,-2,0.043,0.043,34,22,35,23,1,1,1,1,7,1,2.61,1.23,1.23,33.6
CH,2024-10-18,86.5,-2.54,5.57,"Kahnle, Tommy",678877,592454,,foul,,,,,5,Jhonkensy Noel walks.,L,R,R,CLE,NYY,S,,,3,1,2024,-1.05,0.65,-0.12,2.74,,,,1,9,Bot,,,,,,,7.934451773355001,-125.8494979564221,-1.8882725731784868,-12.780878806658436,24.732355812880066,-25.064430007069532,3.48,1.7,371,102.3,27,86.9,1379,6.5,775311,669224,665828,542932,665862,683011,657077,592450,665742,54.05,,,,,,,,82,5,Changeup,6,8,6,8,8,6,6,8,Strategic,Standard,253,0.0,-0.092,84.0,7.7,,0.092,102.3,-2,-2,0.043,0.043,34,22,35,23,1,1,1,1,7,1,2.39,1.05,1.05,31.1
CH,2024-10-18,87.3,-2.48,5.41,"Kahnle, Tommy",678877,592454,,ball,,,,,14,Jhonkensy Noel walks.,L,R,R,CLE,NYY,B,,,2,1,2024,-1.23,0.46,0.55,0.81,,,,1,9,Bot,,,,,,,9.85929190224933,-126.69214527830452,-5.867482163853204,-15.209098516569986,24.744515586443597,-26.22049012062086,3.36,1.64,,,,87.8,1391,6.6,775311,669224,665828,542932,665862,683011,657077,592450,665742,53.87,,,,,,,,82,4,Changeup,6,8,6,8,8,6,6,8,Strategic,Standard,255,0.0,0.122,,,,-0.122,,-2,-2,0.043,0.043,34,22,35,23,1,1,1,1,7,1,2.54,1.23,1.23,29.0
CH,2024-10-18,86.6,-2.49,5.49,"Kahnle, Tommy",678877,592454,,ball,,,,,14,Jhonkensy Noel walks.,L,R,R,CLE,NYY,B,,,1,1,2024,-1.36,-0.11,1.01,0.63,,,,1,9,Bot,,,,,,,11.134815030803782,-125.48367582147684,-5.08684366089245,-16.6438508919977,26.828208948137853,-32.44492803533228,3.36,1.67,,,,86.4,1385,6.5,775311,669224,665828,542932,665862,683011,657077,592450,665742,53.98,,,,,,,,82,3,Changeup,6,8,6,8,8,6,6,8,Strategic,Standard,251,0.0,0.059,,,,-0.059,,-2,-2,0.043,0.043,34,22,35,23,1,1,1,1,7,1,3.19,1.36,1.36,30.7
CH,2024-10-18,88.1,-2.35,5.5,"Kahnle, Tommy",678877,592454,,ball,,,,,14,Jhonkensy Noel walks.,L,R,R,CLE,NYY,B,,,0,1,2024,-1.24,0.48,0.31,0.82,,,,1,9,Bot,,,,,,,9.060107012996689,-127.8608442265512,-6.249259836035442,-15.438622365332986,26.25063093513941,-25.722002389548532,3.36,1.64,,,,88.4,1413,6.6,775311,669224,665828,542932,665862,683011,657077,592450,665742,53.91,,,,,,,,82,2,Changeup,6,8,6,8,8,6,6,8,Strategic,Standard,249,0.0,0.024,,,,-0.024,,-2,-2,0.043,0.043,34,22,35,23,1,1,1,1,7,1,2.47,1.24,1.24,28.9
CH,2024-10-18,86.1,-2.57,5.57,"Kahnle, Tommy",678877,592454,,called_strike,,,,,6,Jhonkensy Noel walks.,L,R,R,CLE,NYY,S,,,0,0,2024,-1.03,0.41,0.55,2.44,,,,1,9,Bot,,,,,,,9.506850423602888,-125.00214147509593,-1.9858865394632843,-12.65571183716742,24.76018679358791,-27.71881426115355,3.3,1.64,,,,86.5,1322,6.6,775311,669224,665828,542932,665862,683011,657077,592450,665742,53.87,,,,,,,,82,1,Changeup,6,8,6,8,8,6,6,8,Strategic,Standard,254,0.0,-0.037,,,,0.037,,-2,-2,0.043,0.043,34,22,35,23,1,1,1,1,7,1,2.68,1.03,1.03,30.7
CH,2024-10-18,86.2,-2.35,5.59,"Kahnle, Tommy",657041,592454,strikeout,called_strike,,,,,14,Lane Thomas called out on strikes.,L,R,R,CLE,NYY,S,2,,3,2,2024,-1.13,0.02,0.87,1.51,,,,0,9,Bot,,,,,,,9.968674784533723,-125.14369459102498,-3.476944371084599,-13.963581726576308,25.909465448841313,-31.45630975631312,3.04,1.4,,,,86.3,1491,6.6,775311,669224,665828,542932,665862,683011,657077,592450,665742,53.93,,0.0,0.0,1,0,0,,81,6,Changeup,6,8,6,8,8,6,6,8,Strategic,Standard,254,-0.044,-0.333,,,,0.333,,-2,-2,0.087,0.087,34,28,35,29,1,4,1,1,7,1,3.07,1.13,1.13,32.0
CH,2024-10-18,86.6,-2.31,5.58,"Kahnle, Tommy",657041,592454,,called_strike,,,,,2,Lane Thomas called out on strikes.,L,R,R,CLE,NYY,S,,,3,1,2024,-1.16,0.16,0.15,2.9,,,,0,9,Bot,,,,,,,8.275578961349783,-125.87511284982251,-0.4837971546606618,-14.064352361946996,26.3660122986992,-30.555697226769283,3.07,1.41,,,,86.8,1388,6.6,775311,669224,665828,542932,665862,683011,657077,592450,665742,53.92,,,,,,,,81,5,Changeup,6,8,6,8,8,6,6,8,Strategic,Standard,257,0.0,-0.085,,,,0.085,,-2,-2,0.087,0.087,34,28,35,29,1,4,1,1,7,1,2.89,1.16,1.16,29.4
CH,2024-10-18,87.3,-2.31,5.6,"Kahnle, Tommy",657041,592454,,ball,,,,,14,Lane Thomas called out on strikes.,L,R,R,CLE,NYY,B,,,2,1,2024,-1.24,-0.17,0.84,1.2,,,,0,9,Bot,,,,,,,10.179189076190257,-126.63291791039909,-4.019539462098043,-15.508288895983087,27.11183376636583,-33.364583756012244,3.08,1.42,,,,87.4,1526,6.6,775311,669224,665828,542932,665862,683011,657077,592450,665742,53.87,,,,,,,,81,4,Changeup,6,8,6,8,8,6,6,8,Strategic,Standard,252,0.0,0.122,,,,-0.122,,-2,-2,0.087,0.087,34,28,35,29,1,4,1,1,7,1,3.2,1.24,1.24,31.0
CH,2024-10-18,86.5,-2.3,5.62,"Kahnle, Tommy",657041,592454,,ball,,,,,14,Lane Thomas called out on strikes.,L,R,R,CLE,NYY,B,,,1,1,2024,-1.03,0.63,2.03,1.45,,,,0,9,Bot,,,,,,,12.433560222705738,-125.27599385517613,-4.961769369425382,-13.355029782399145,24.748194027867708,-24.70732297384497,3.05,1.42,,,,86.7,1358,6.6,775311,669224,665828,542932,665862,683011,657077,592450,665742,53.88,,,,,,,,81,3,Changeup,6,8,6,8,8,6,6,8,Standard,Standard,254,0.0,0.053,,,,-0.053,,-2,-2,0.087,0.087,34,28,35,29,1,4,1,1,7,1,2.44,1.03,1.03,30.3
CH,2024-10-18,85.6,-2.45,5.53,"Kahnle, Tommy",657041,592454,,called_strike,,,,,9,Lane Thomas called out on strikes.,L,R,R,CLE,NYY,S,,,1,0,2024,-1.17,0.15,0.59,1.71,,,,0,9,Bot,,,,,,,9.544456478707186,-124.28676731011852,-3.0370367692020435,-13.953523086368316,23.98412647023333,-30.17954980383217,3.05,1.42,,,,86.0,1386,6.6,775311,669224,665828,542932,665862,683011,657077,592450,665742,53.95,,,,,,,,81,2,Changeup,6,8,6,8,8,6,6,8,Standard,Standard,257,0.0,-0.049,,,,0.049,,-2,-2,0.087,0.087,34,28,35,29,1,4,1,1,7,1,2.96,1.17,1.17,28.3
CH,2024-10-18,87.7,-2.33,5.64,"Kahnle, Tommy",657041,592454,,ball,,,,,14,Lane Thomas called out on strikes.,L,R,R,CLE,NYY,B,,,0,0,2024,-1.37,-0.23,0.53,0.88,,,,0,9,Bot,,,,,,,9.738983778649336,-127.21370222718171,-4.8639632173277985,-16.88738162689506,26.978690503104616,-33.762969032488286,3.08,1.48,,,,87.7,1511,6.5,775311,669224,665828,542932,665862,683011,657077,592450,665742,53.99,,,,,,,,81,1,Changeup,6,8,6,8,8,6,6,8,Standard,Standard,248,0.0,0.038,,,,-0.038,,-2,-2,0.087,0.087,34,28,35,29,1,4,1,1,7,1,3.22,1.37,1.37,34.0
CH,2024-10-17,85.7,-2.56,5.48,"Kahnle, Tommy",680757,592454,walk,ball,,,,,13,Steven Kwan walks.,L,L,R,CLE,NYY,B,,,3,1,2024,-0.96,0.15,-0.95,2.03,,686823,,2,8,Bot,,,,,,,5.781065910861084,-124.7188883226548,-2.210262911747328,-11.213939786865224,24.078688519119652,-30.42263032935331,3.19,1.49,,,,86.4,1331,6.6,775310,669224,519203,650402,665862,683011,657077,592450,665742,53.86,,0.689131,0.7,1,0,0,,70,5,Changeup,3,4,3,4,4,3,3,4,Standard,Standard,255,0.022,0.056,,,,-0.056,,-1,-1,0.258,0.258,34,26,35,27,1,4,2,2,1,1,2.95,0.96,-0.96,30.7
CH,2024-10-17,86.4,-2.46,5.44,"Kahnle, Tommy",680757,592454,,ball,,,,,8,Steven Kwan walks.,L,L,R,CLE,NYY,B,,,2,1,2024,-0.95,-0.1,0.19,1.53,,686823,,2,8,Bot,,,,,,,8.314331796847563,-125.55019475444892,-2.8920093923433443,-11.704346508834533,24.91671922563436,-32.873907474406565,3.21,1.53,,,,87.0,1253,6.7,775310,669224,519203,650402,665862,683011,657077,592450,665742,53.78,,,,,,,,70,4,Changeup,3,4,3,4,4,3,3,4,Standard,Standard,257,0.0,0.045,,,,-0.045,,-1,-1,0.258,0.258,34,26,35,27,1,4,2,2,1,1,3.16,0.95,-0.95,31.6
CH,2024-10-17,86.7,-2.59,5.41,"Kahnle, Tommy",680757,592454,,ball,,,,,13,Steven Kwan walks.,L,L,R,CLE,NYY,B,,,1,1,2024,-1.16,-0.23,-0.94,1.27,,686823,,2,8,Bot,,,,,,,6.3648426153142985,-126.08397740164068,-3.2710972075376468,-13.658472178331058,24.945611353585484,-34.140251256848565,3.2,1.54,,,,87.4,1253,6.7,775310,669224,519203,650402,665862,683011,657077,592450,665742,53.8,,,,,,,,70,3,Changeup,3,4,3,4,4,3,3,4,Standard,Standard,255,0.0,0.039,,,,-0.039,,-1,-1,0.258,0.258,34,26,35,27,1,4,2,2,1,1,3.26,1.16,-1.16,28.4
CH,2024-10-17,86.2,-2.53,5.31,"Kahnle, Tommy",680757,592454,,ball,,,,,13,Steven Kwan walks.,L,L,R,CLE,NYY,B,,,0,1,2024,-1.18,0.01,-0.43,1.43,,686823,,2,8,Bot,,,,,,,7.460985717332542,-125.40575160782356,-3.0285269518916005,-13.97523577032898,24.34501040273241,-31.66308390135748,3.19,1.56,,,,87.1,1318,6.8,775310,669224,519203,650402,665862,683011,657077,592450,665742,53.72,,,,,,,,70,2,Changeup,3,4,3,4,4,3,3,4,Standard,Standard,256,0.0,0.012,,,,-0.012,,-1,-1,0.258,0.258,34,26,35,27,1,4,2,2,1,1,3.05,1.18,-1.18,24.9
CH,2024-10-17,86.3,-2.54,5.45,"Kahnle, Tommy",680757,592454,,called_strike,,,,,5,Steven Kwan walks.,L,L,R,CLE,NYY,S,,,0,0,2024,-0.84,0.25,0.05,2.3,,686823,,2,8,Bot,,,,,,,7.920659962632954,-125.57176243612828,-1.8016489312433168,-10.48018743503109,24.222508874627408,-29.386357081500428,3.16,1.47,,,,87.0,1241,6.6,775310,669224,519203,650402,665862,683011,657077,592450,665742,53.9,,,,,,,,70,1,Changeup,3,4,3,4,4,3,3,4,Standard,Standard,256,0.0,-0.04,,,,0.04,,-1,-1,0.258,0.258,34,26,35,27,1,4,2,2,1,1,2.8,0.84,-0.84,28.1
CH,2024-10-17,85.9,-2.46,5.51,"Kahnle, Tommy",677587,592454,field_out,hit_into_play,,,,,5,Brayan Rocchio flies out to center fielder Aaron Judge.,L,L,R,CLE,NYY,X,8,fly_ball,2,2,2024,-0.93,0.47,-0.19,2.17,,686823,,1,8,Bot,135.6,76.48,,,,,7.306591807390578,-124.97924989147408,-2.7131188885431348,-11.122147725580254,21.558947355964193,-26.843926801220466,3.1,1.42,305,93.1,40,87.1,1231,6.8,775310,669224,519203,650402,665862,683011,657077,592450,665742,53.74,0.034,0.06,0.0,1,0,0,3,69,6,Changeup,3,4,3,4,4,3,3,4,Standard,Standard,257,-0.097,-0.203,71.0,7.3,0.102,0.203,93.1,-1,-1,0.355,0.355,34,23,35,23,1,3,2,2,1,1,2.58,0.93,-0.93,30.3
CH,2024-10-17,86.3,-2.56,5.43,"Kahnle, Tommy",677587,592454,,foul,,,,,5,Brayan Rocchio flies out to center fielder Aaron Judge.,L,L,R,CLE,NYY,S,,,2,2,2024,-0.75,0.07,-0.12,2.1,,686823,,1,8,Bot,,,,,,,7.344279404291979,-125.55756082498309,-1.8861021410919256,-9.313186112771724,23.647110560810283,-31.24342810258626,3.1,1.42,4,82.7,-32,86.9,1172,6.5,775310,669224,519203,650402,665862,683011,657077,592450,665742,53.96,,,,,,,,69,5,Changeup,3,4,3,4,4,3,3,4,Standard,Standard,255,0.0,0.0,70.9,7.6,,0.0,88.0,-1,-1,0.355,0.355,34,23,35,23,1,3,2,2,1,1,2.97,0.75,-0.75,27.5
CH,2024-10-17,87.4,-2.39,5.47,"Kahnle, Tommy",677587,592454,,blocked_ball,,,,,14,Brayan Rocchio flies out to center fielder Aaron Judge.,L,L,R,CLE,NYY,B,,,1,2,2024,-1.04,0.0,1.35,-0.61,,686823,,1,8,Bot,,,,,,,11.286644167400134,-126.59413247909154,-8.53020456112184,-13.552260324541823,26.230680334695535,-30.43933905563175,2.95,1.39,,,,88.2,1279,7.1,775310,669224,519203,650402,665862,683011,657077,592450,665742,53.41,,,,,,,,69,4,Changeup,3,4,3,4,4,3,3,4,Standard,Standard,251,0.0,0.018,,,,-0.018,,-1,-1,0.355,0.355,34,23,35,23,1,3,2,2,1,1,3.01,1.04,-1.04,30.2
CH,2024-10-17,85.6,-2.6,5.4,"Kahnle, Tommy",677587,592454,,swinging_strike,,,,,13,Brayan Rocchio flies out to center fielder Aaron Judge.,L,L,R,CLE,NYY,S,,,1,1,2024,-1.0,0.32,-1.0,1.28,,686823,,1,8,Bot,,,,,,,5.835194352445588,-124.53640153596268,-4.1374407307451495,-11.569458720055144,23.91557428525372,-28.19048541977552,3.1,1.42,,,,86.3,1269,6.6,775310,669224,519203,650402,665862,683011,657077,592450,665742,53.86,,,,,,,,69,3,Changeup,3,4,3,4,4,3,3,4,Standard,Standard,257,0.0,-0.062,67.5,8.0,,0.062,,-1,-1,0.355,0.355,34,23,35,23,1,3,2,2,1,1,2.78,1.0,-1.0,28.0
CH,2024-10-17,85.6,-2.65,5.47,"Kahnle, Tommy",677587,592454,,foul,,,,,4,Brayan Rocchio flies out to center fielder Aaron Judge.,L,L,R,CLE,NYY,S,,,1,0,2024,-1.11,0.13,-0.32,2.11,,686823,,1,8,Bot,,,,,,,7.754902106680438,-124.52298751422086,-1.9528196718772195,-13.053452747723842,23.57593902002124,-30.674981397686903,3.1,1.42,2,63.6,-45,86.2,1411,6.5,775310,669224,519203,650402,665862,683011,657077,592450,665742,53.95,,,,,,,,69,2,Changeup,3,4,3,4,4,3,3,4,Standard,Standard,258,0.0,-0.043,69.5,7.8,,0.043,88.0,-1,-1,0.355,0.355,34,23,35,23,1,3,2,2,1,1,2.97,1.11,-1.11,28.9
CH,2024-10-17,86.7,-2.33,5.58,"Kahnle, Tommy",677587,592454,,ball,,,,,9,Brayan Rocchio flies out to center fielder Aaron Judge.,L,L,R,CLE,NYY,B,,,0,0,2024,-1.13,0.32,0.81,1.64,,686823,,1,8,Bot,,,,,,,9.906548775514578,-125.92235708690764,-3.93235226989304,-13.991787015102414,23.74523886733029,-28.151936037941223,3.04,1.48,,,,87.6,1224,6.8,775310,669224,519203,650402,665862,683011,657077,592450,665742,53.68,,,,,,,,69,1,Changeup,3,4,3,4,4,3,3,4,Standard,Standard,249,0.0,0.027,,,,-0.027,,-1,-1,0.355,0.355,34,23,35,23,1,3,2,2,1,1,2.71,1.13,-1.13,34.2
CH,2024-10-17,84.8,-2.34,5.45,"Kahnle, Tommy",686823,592454,double,hit_into_play,,,,,8,"Will Brennan doubles (2) on a ground ball to right fielder Juan Soto, deflected by first baseman Anthony Rizzo.",L,L,R,CLE,NYY,X,3,ground_ball,0,1,2024,-0.94,-0.42,0.06,1.56,,,,1,8,Bot,200.41,125.78,,,,,7.589676001625479,-123.25430198215156,-1.8810191702607837,-11.116491640921204,25.475592284282467,-36.25977691482631,3.29,1.53,44,93.5,0,85.7,1266,7.0,775310,669224,519203,650402,665862,683011,657077,592450,665742,53.5,0.343,0.319,1.25,1,1,1,2,68,2,Changeup,3,4,3,4,4,3,3,4,Infield shade,Standard,260,0.12,0.694,68.1,7.7,0.373,-0.694,93.5,-1,-1,0.235,0.235,34,26,35,26,1,0,2,2,1,1,3.61,0.94,-0.94,29.6
CH,2024-10-17,87.3,-2.34,5.56,"Kahnle, Tommy",686823,592454,,foul,,,,,9,"Will Brennan doubles (2) on a ground ball to right fielder Juan Soto, deflected by first baseman Anthony Rizzo.",L,L,R,CLE,NYY,S,,,0,0,2024,-1.16,0.25,0.5,1.49,,,,1,8,Bot,,,,,,,9.278481279712818,-126.76161397813227,-4.195404665533395,-14.31359825491322,24.875638991308627,-28.813780281127308,3.29,1.53,131,74.9,73,88.1,1253,6.8,775310,669224,519203,650402,665862,683011,657077,592450,665742,53.68,,,,,,,,68,1,Changeup,3,4,3,4,4,3,3,4,Standard,Standard,248,0.0,-0.037,73.3,7.4,,0.037,88.0,-1,-1,0.235,0.235,34,26,35,26,1,0,2,2,1,1,2.74,1.16,-1.16,33.4
CH,2024-10-17,83.4,-2.31,5.44,"Kahnle, Tommy",665926,592454,field_out,hit_into_play,,,,,13,"Andrés Giménez grounds out, shortstop Anthony Volpe to first baseman Anthony Rizzo.",L,L,R,CLE,NYY,X,6,ground_ball,0,1,2024,-0.99,0.16,-1.23,1.79,,,,0,8,Bot,119.76,151.08,,,,,4.487890373163607,-121.45556230697012,-2.2920999300523297,-10.721641475591213,23.651755430211132,-30.38032538591209,3.16,1.45,13,67.0,-7,84.2,1283,6.8,775310,669224,519203,650402,665862,683011,657077,592450,665742,53.74,0.069,0.074,0.0,1,0,0,2,67,2,Changeup,3,4,3,4,4,3,3,4,Standard,Standard,257,-0.062,-0.217,69.1,7.7,0.077,0.217,88.0,-1,-1,0.297,0.297,34,25,35,26,1,3,2,2,1,1,3.11,0.99,-0.99,26.9
CH,2024-10-17,84.8,-2.38,5.6,"Kahnle, Tommy",665926,592454,,called_strike,,,,,2,"Andrés Giménez grounds out, shortstop Anthony Volpe to first baseman Anthony Rizzo.",L,L,R,CLE,NYY,S,,,0,0,2024,-1.07,0.01,-0.17,3.15,,,,0,8,Bot,,,,,,,7.359455806501936,-123.29182544979464,0.5974522334068464,-12.32565565398435,23.38483681529275,-32.42165952257808,3.12,1.47,,,,85.8,1381,6.8,775310,669224,519203,650402,665862,683011,657077,592450,665742,53.65,,,,,,,,67,1,Changeup,3,4,3,4,4,3,3,4,Standard,Standard,255,0.0,-0.037,,,,0.037,,-1,-1,0.297,0.297,34,25,35,26,1,3,2,2,1,1,3.16,1.07,-1.07,32.9
CH,2024-10-17,84.2,-2.47,5.5,"Kahnle, Tommy",682177,592454,field_out,hit_into_play,,,,,8,"Daniel Schneemann grounds out, first baseman Jon Berti to pitcher Tommy Kahnle.",L,L,R,CLE,NYY,X,3,ground_ball,0,1,2024,-1.07,-0.04,-0.27,2.01,,681807,657041,2,7,Bot,152.78,164.29,,,,,7.295514889931348,-122.37256721343242,-1.611031035964514,-12.217129322757678,24.369171307720613,-32.45715059039711,3.39,1.63,5,85.0,-24,84.8,1273,6.8,775310,624431,542932,650402,665862,683011,657077,592450,665742,53.71,0.051,0.062,0.0,1,0,0,2,59,2,Changeup,3,1,3,1,1,3,3,1,Standard,Standard,259,-0.02,-0.232,71.0,7.0,0.057,0.232,88.0,2,2,0.89,0.89,34,27,35,27,1,3,2,3,1,1,3.26,1.07,-1.07,27.4
CH,2024-10-17,85.3,-2.3,5.65,"Kahnle, Tommy",682177,592454,,called_strike,,,,,7,"Daniel Schneemann grounds out, first baseman Jon Berti to pitcher Tommy Kahnle.",L,L,R,CLE,NYY,S,,,0,0,2024,-1.01,0.09,-0.46,1.87,,681807,657041,2,7,Bot,,,,,,,6.4066945556813275,-124.05279455467868,-2.757781966991546,-11.71329578980743,25.43548320634589,-30.90018730817455,3.39,1.61,,,,86.0,1364,6.8,775310,624431,542932,650402,665862,683011,657077,592450,665742,53.7,,,,,,,,59,1,Changeup,3,1,3,1,1,3,3,1,Standard,Standard,251,0.0,-0.048,,,,0.048,,2,2,0.89,0.89,34,27,35,27,1,3,2,3,1,1,3.05,1.01,-1.01,31.5
CH,2024-10-17,85.9,-2.47,5.51,"Kahnle, Tommy",657041,592454,walk,ball,,,,,14,Lane Thomas walks. David Fry to 2nd.,L,R,R,CLE,NYY,B,,,3,0,2024,-0.96,-0.16,0.16,0.82,,,681807,2,7,Bot,,,,,,,8.255228645683706,-124.8120600625885,-4.557185157689936,-11.65872700679751,24.294926991722967,-33.16450430537541,3.08,1.39,,,,86.7,1306,6.8,775310,624431,542932,650402,665862,683011,657077,592450,665742,53.67,,0.689131,0.7,1,0,0,,58,4,Changeup,3,1,3,1,1,3,3,1,Standard,Standard,256,0.009,0.107,,,,-0.107,,2,2,0.881,0.881,34,28,35,29,1,3,2,2,1,1,3.25,0.96,0.96,28.1
CH,2024-10-17,84.9,-2.43,5.48,"Kahnle, Tommy",657041,592454,,ball,,,,,13,Lane Thomas walks. David Fry to 2nd.,L,R,R,CLE,NYY,B,,,2,0,2024,-0.97,-0.12,-0.34,0.82,,,681807,2,7,Bot,,,,,,,6.879431569357408,-123.41322041551317,-4.359268091702482,-11.309592714208598,23.647562522565018,-32.77812200857109,3.09,1.41,,,,85.7,1246,6.8,775310,624431,542932,650402,665862,683011,657077,592450,665742,53.73,,,,,,,,58,3,Changeup,3,1,3,1,1,3,3,1,Standard,Standard,253,0.0,0.076,,,,-0.076,,2,2,0.881,0.881,34,28,35,29,1,3,2,2,1,1,3.28,0.97,0.97,27.0
CH,2024-10-17,84.9,-2.42,5.49,"Kahnle, Tommy",657041,592454,,ball,,,,,13,Lane Thomas walks. David Fry to 2nd.,L,R,R,CLE,NYY,B,,,1,0,2024,-1.07,0.06,-0.22,1.03,,,681807,2,7,Bot,,,,,,,7.367442559778038,-123.4248256898988,-4.267245095415815,-12.435606089411074,24.23163109732703,-30.948722782273485,3.05,1.45,,,,85.6,1219,6.8,775310,624431,542932,650402,665862,683011,657077,592450,665742,53.72,,,,,,,,58,2,Changeup,3,1,3,1,1,3,3,1,Standard,Standard,262,0.0,0.05,,,,-0.05,,2,2,0.881,0.881,34,28,35,29,1,3,2,2,1,1,3.11,1.07,1.07,28.0
CH,2024-10-17,82.6,-2.26,5.64,"Kahnle, Tommy",657041,592454,,ball,,,,,11,Lane Thomas walks. David Fry to 2nd.,L,R,R,CLE,NYY,B,,,0,0,2024,-0.99,-0.02,-0.81,4.85,,,681807,2,7,Bot,,,,,,,5.282554038291291,-120.02481954449637,4.80023137606058,-10.616104581622077,22.699428132290375,-33.50887216151846,3.11,1.46,,,,83.3,1292,6.8,775310,624431,542932,650402,665862,683011,657077,592450,665742,53.73,,,,,,,,58,1,Changeup,3,1,3,1,1,3,3,1,Standard,Standard,255,0.0,0.034,,,,-0.034,,2,2,0.881,0.881,34,28,35,29,1,3,2,2,1,1,3.36,0.99,0.99,31.7
CH,2024-10-17,85.5,-2.56,5.48,"Kahnle, Tommy",647304,592454,strikeout,swinging_strike,,,,,13,Josh Naylor strikes out swinging.,L,L,R,CLE,NYY,S,2,,0,2,2024,-0.92,-0.03,-1.34,1.17,,,681807,1,7,Bot,,,,,,,4.76536785725391,-124.44893192591876,-3.865839893233406,-10.541819516878318,23.2426081860392,-31.961806457615207,3.06,1.48,,,,86.4,1244,6.7,775310,624431,542932,650402,665862,683011,657077,592450,665742,53.83,,0.0,0.0,1,0,0,,57,3,Changeup,3,1,3,1,1,3,3,1,Infield shade,Standard,255,-0.013,-0.159,70.5,8.6,,0.159,,2,2,0.894,0.894,34,27,35,27,1,3,2,2,1,1,3.13,0.92,-0.92,28.7
CH,2024-10-17,84.6,-2.4,5.5,"Kahnle, Tommy",647304,592454,,swinging_strike,,,,,13,Josh Naylor strikes out swinging.,L,L,R,CLE,NYY,S,,,0,1,2024,-1.0,-0.07,-0.32,0.83,,,681807,1,7,Bot,,,,,,,6.876003797404243,-123.007636002899,-4.4357054822138275,-11.504221895075212,23.426363572534783,-32.23235275497119,3.06,1.48,,,,85.3,1383,6.7,775310,624431,542932,650402,665862,683011,657077,592450,665742,53.81,,,,,,,,57,2,Changeup,3,1,3,1,1,3,3,1,Infield shade,Standard,261,0.0,-0.052,71.3,9.0,,0.052,,2,2,0.894,0.894,34,27,35,27,1,3,2,2,1,1,3.25,1.0,-1.0,27.3
CH,2024-10-17,84.9,-2.5,5.49,"Kahnle, Tommy",647304,592454,,swinging_strike,,,,,13,Josh Naylor strikes out swinging.,L,L,R,CLE,NYY,S,,,0,0,2024,-1.02,-0.07,-0.46,1.28,,,681807,1,7,Bot,,,,,,,6.837675962025937,-123.48611316061934,-3.4102453987949444,-11.783696304789109,23.642769324400856,-32.441317741574224,3.06,1.48,,,,85.5,1315,6.6,775310,624431,542932,650402,665862,683011,657077,592450,665742,53.86,,,,,,,,57,1,Changeup,3,1,3,1,1,3,3,1,Infield shade,Standard,262,0.0,-0.04,72.5,8.7,,0.04,,2,2,0.894,0.894,34,27,35,27,1,3,2,2,1,1,3.23,1.02,-1.02,28.6
CH,2024-10-17,84.5,-2.32,5.54,"Kahnle, Tommy",608070,592454,field_out,hit_into_play,,,,,8,José Ramírez flies out to left fielder Alex Verdugo.,L,L,R,CLE,NYY,X,7,fly_ball,0,1,2024,-0.99,-0.13,-0.24,1.51,,,681807,0,7,Bot,97.93,74.65,,,,,6.880188572246876,-122.814518302462,-2.7496255965167387,-11.432647662873444,24.6723091171192,-33.18754423597304,3.36,1.58,317,93.5,37,85.1,1257,6.8,775310,624431,542932,650402,665862,683011,657077,592450,665742,53.73,0.043,0.065,0.0,1,0,0,3,56,2,Changeup,3,1,3,1,1,3,3,1,Infield shade,Standard,256,-0.014,-0.204,74.2,7.4,0.12,0.204,93.5,2,2,0.908,0.908,34,31,35,32,1,3,2,2,1,1,3.34,0.99,-0.99,32.5
CH,2024-10-17,85.4,-2.15,5.72,"Kahnle, Tommy",608070,592454,,called_strike,,,,,5,José Ramírez flies out to left fielder Alex Verdugo.,L,L,R,CLE,NYY,S,,,0,0,2024,-1.16,0.1,0.01,2.22,,,681807,0,7,Bot,,,,,,,7.459698402320618,-124.15923434021497,-2.165504075921183,-13.510154355874263,23.820294595651912,-30.926983122922316,3.24,1.49,,,,86.1,1274,6.7,775310,624431,542932,650402,665862,683011,657077,592450,665742,53.84,,,,,,,,56,1,Changeup,3,1,3,1,1,3,3,1,Infield shade,Standard,255,0.0,-0.042,,,,0.042,,2,2,0.908,0.908,34,31,35,32,1,3,2,2,1,1,3.02,1.16,-1.16,33.3
CH,2024-10-15,84.4,-2.45,5.63,"Kahnle, Tommy",680757,592454,field_out,hit_into_play,,,,,5,Steven Kwan flies out to center fielder Aaron Judge.,L,L,R,NYY,CLE,X,8,fly_ball,2,1,2024,-0.81,0.46,0.18,2.38,,,677587,2,8,Top,115.7,101.96,,,,,7.764397515204591,-122.59353633701068,-2.029177116895097,-9.798718930966968,27.322540333574256,-27.356984292735795,3.11,1.43,245,86.9,51,84.5,1305,6.7,775312,669224,519203,650402,665862,683011,657077,592450,665742,53.78,0.017,0.022,0.0,1,0,0,3,70,4,Changeup,6,2,2,6,2,6,2,6,Standard,Standard,255,0.008,-0.307,68.2,6.7,0.03,0.307,88.0,4,-4,0.981,0.019,34,26,35,27,1,4,6,1,2,2,2.79,0.81,-0.81,29.1
CH,2024-10-15,84.3,-2.46,5.68,"Kahnle, Tommy",680757,592454,,called_strike,,,,,2,Steven Kwan flies out to center fielder Aaron Judge.,L,L,R,NYY,CLE,S,,,2,0,2024,-1.0,0.31,-0.08,2.7,,,677587,2,8,Top,,,,,,,7.562593998008413,-122.42598152739907,-1.0746817081125597,-11.674149408552296,27.07983850996822,-29.04511465531361,3.12,1.4,,,,84.2,1299,6.6,775312,669224,519203,650402,665862,683011,657077,592450,665742,53.87,,,,,,,,70,3,Changeup,6,2,2,6,2,6,2,6,Standard,Standard,255,0.0,-0.048,,,,0.048,,4,-4,0.981,0.019,34,26,35,27,1,4,6,1,2,2,2.94,1.0,-1.0,28.7
CH,2024-10-15,83.6,-2.27,5.67,"Kahnle, Tommy",680757,592454,,ball,,,,,12,Steven Kwan flies out to center fielder Aaron Judge.,L,L,R,NYY,CLE,B,,,1,0,2024,-1.05,0.23,0.95,2.39,,,677587,2,8,Top,,,,,,,9.542080845675594,-121.36374659456872,-1.4795992580429322,-12.350111350163637,26.946354191103335,-29.847017836025003,3.15,1.45,,,,83.6,1221,6.7,775312,669224,519203,650402,665862,683011,657077,592450,665742,53.77,,,,,,,,70,2,Changeup,6,2,2,6,2,6,2,6,Standard,Standard,259,0.0,0.05,,,,-0.05,,4,-4,0.981,0.019,34,26,35,27,1,4,6,1,2,2,3.08,1.05,-1.05,30.6
CH,2024-10-15,85.6,-2.45,5.68,"Kahnle, Tommy",680757,592454,,blocked_ball,,,,,14,Steven Kwan flies out to center fielder Aaron Judge.,L,L,R,NYY,CLE,B,,,0,0,2024,-1.38,-0.24,0.43,-0.16,,,677587,2,8,Top,,,,,,,9.580018806164285,-124.12365900823752,-6.879621161547149,-16.295255553026117,28.29032497053009,-33.26349288694891,3.25,1.43,,,,84.9,1266,6.4,775312,669224,519203,650402,665862,683011,657077,592450,665742,54.13,,,,,,,,70,1,Changeup,6,2,2,6,2,6,2,6,Standard,Standard,256,0.0,0.034,,,,-0.034,,4,-4,0.981,0.019,34,26,35,27,1,4,6,1,2,2,3.41,1.38,-1.38,31.9
FF,2024-10-15,93.9,-1.97,5.92,"Kahnle, Tommy",677587,592454,single,hit_into_play,,,,,4,Brayan Rocchio singles on a line drive to left fielder Alex Verdugo.,L,L,R,NYY,CLE,X,7,line_drive,1,0,2024,-0.35,1.31,-0.57,2.09,,,,2,8,Top,90.8,108.01,,,,,4.419782977488942,-136.4934742911821,-7.104670438300273,-5.3395112733151775,30.84147307254156,-14.412541650494678,3.1,1.42,161,96.6,7,94.4,2143,6.7,775312,669224,519203,650402,665862,683011,657077,592450,665742,53.81,0.577,0.545,0.9,1,1,0,4,69,2,4-Seam Fastball,6,2,2,6,2,6,2,6,Standard,Standard,207,-0.006,0.293,67.4,6.9,0.668,-0.293,96.6,4,-4,0.987,0.013,34,23,35,23,1,3,6,1,2,2,1.29,0.35,-0.35,42.8
CH,2024-10-15,86.8,-2.49,5.57,"Kahnle, Tommy",677587,592454,,ball,,,,,14,Brayan Rocchio singles on a line drive to left fielder Alex Verdugo.,L,L,R,NYY,CLE,B,,,0,0,2024,-1.2,0.08,1.38,-0.56,,,,2,8,Top,,,,,,,11.7699526797646,-125.63752209895137,-8.64248135229707,-15.145216633542598,26.10209775543508,-29.54580757138938,3.12,1.3,,,,87.1,1191,6.8,775312,669224,519203,650402,665862,683011,657077,592450,665742,53.67,,,,,,,,69,1,Changeup,6,2,2,6,2,6,2,6,Standard,Standard,256,0.0,0.04,,,,-0.04,,4,-4,0.987,0.013,34,23,35,23,1,3,6,1,2,2,2.98,1.2,-1.2,33.6
CH,2024-10-15,86.8,-2.23,5.68,"Kahnle, Tommy",595978,592454,field_out,hit_into_play,,,,,9,"Austin Hedges grounds out, third baseman Jazz Chisholm Jr.  to first baseman Anthony Rizzo.",L,R,R,NYY,CLE,X,5,ground_ball,0,0,2024,-1.01,0.08,0.41,1.87,,,,1,8,Top,106.66,166.32,,,,,8.451567812506054,-126.1258296554632,-3.052124609096035,-12.496803720566913,26.76951159851846,-30.91961310627764,3.29,1.5,3,67.2,-36,87.4,1255,6.8,775312,669224,519203,650402,665862,683011,657077,592450,665742,53.67,0.089,0.06,0.0,1,0,0,2,68,1,Changeup,6,2,2,6,2,6,2,6,Standard,Standard,250,0.007,-0.256,73.4,7.9,0.092,0.256,88.0,4,-4,0.98,0.02,34,31,35,32,1,1,6,1,2,2,2.97,1.01,1.01,34.3
FF,2024-10-15,93.1,-1.84,6.05,"Kahnle, Tommy",665926,592454,strikeout,swinging_strike,,,,,11,Andrés Giménez strikes out swinging.,L,L,R,NYY,CLE,S,2,,2,2,2024,-0.28,1.44,-0.12,3.75,,,,0,8,Top,,,,,,,5.054193960753084,-135.36659694256485,-3.2463893119078326,-4.623101351315327,32.43824948852727,-14.0705238833931,3.16,1.45,,,,93.3,2136,6.7,775312,669224,519203,650402,665862,683011,657077,592450,665742,53.83,,0.0,0.0,1,0,0,,67,7,4-Seam Fastball,6,2,2,6,2,6,2,6,Standard,Standard,200,0.012,-0.227,57.8,5.0,,0.227,,4,-4,0.968,0.032,34,25,35,26,1,3,6,1,2,2,1.22,0.28,-0.28,45.1
CH,2024-10-15,85.5,-2.27,5.59,"Kahnle, Tommy",665926,592454,,foul,,,,,14,Andrés Giménez strikes out swinging.,L,L,R,NYY,CLE,S,,,2,2,2024,-1.19,-0.24,0.17,0.83,,,,0,8,Top,,,,,,,8.193730101749653,-124.24143199407072,-4.441930914917968,-13.958504272644213,26.32088020311365,-33.9003983139744,3.16,1.45,2,47.5,-24,85.8,1208,6.7,775312,669224,519203,650402,665862,683011,657077,592450,665742,53.78,,,,,,,,67,6,Changeup,6,2,2,6,2,6,2,6,Standard,Standard,258,0.0,0.0,62.2,7.2,,0.0,88.0,4,-4,0.968,0.032,34,25,35,26,1,3,6,1,2,2,3.38,1.19,-1.19,30.4
CH,2024-10-15,84.9,-2.08,5.74,"Kahnle, Tommy",665926,592454,,foul,,,,,5,Andrés Giménez strikes out swinging.,L,L,R,NYY,CLE,S,,,2,2,2024,-1.13,-0.06,0.07,2.28,,,,0,8,Top,,,,,,,7.370377758211147,-123.38106294188825,-1.6135490353067476,-13.037339682998418,25.781791035353073,-32.63527807733605,3.16,1.45,243,103.0,15,85.4,1306,6.8,775312,669224,519203,650402,665862,683011,657077,592450,665742,53.73,,,,,,,,67,5,Changeup,6,2,2,6,2,6,2,6,Standard,Standard,256,0.0,0.0,74.9,7.6,,0.0,103.0,4,-4,0.968,0.032,34,25,35,26,1,3,6,1,2,2,3.24,1.13,-1.13,34.3
CH,2024-10-15,85.4,-2.46,5.71,"Kahnle, Tommy",665926,592454,,foul,,,,,13,Andrés Giménez strikes out swinging.,L,L,R,NYY,CLE,S,,,2,1,2024,-0.98,0.05,-1.01,1.83,,,,0,8,Top,,,,,,,5.409733373566053,-124.19300241395932,-2.926549168069888,-11.251299713360286,25.627903481910707,-31.235578746427898,3.16,1.45,155,60.2,50,85.8,1313,6.6,775312,669224,519203,650402,665862,683011,657077,592450,665742,53.86,,,,,,,,67,4,Changeup,6,2,2,6,2,6,2,6,Standard,Standard,254,0.0,-0.069,68.5,8.1,,0.069,88.0,4,-4,0.968,0.032,34,25,35,26,1,3,6,1,2,2,3.08,0.98,-0.98,29.0
CH,2024-10-15,84.7,-2.27,5.65,"Kahnle, Tommy",665926,592454,,called_strike,,,,,7,Andrés Giménez strikes out swinging.,L,L,R,NYY,CLE,S,,,2,0,2024,-1.16,-0.05,-0.33,1.35,,,,0,8,Top,,,,,,,6.908046131713355,-123.16789592473418,-3.623881637887205,-13.210169596632072,25.018552081125737,-32.10911977802543,3.07,1.3,,,,85.3,1295,6.7,775312,669224,519203,650402,665862,683011,657077,592450,665742,53.75,,,,,,,,67,3,Changeup,6,2,2,6,2,6,2,6,Standard,Standard,257,0.0,-0.065,,,,0.065,,4,-4,0.968,0.032,34,25,35,26,1,3,6,1,2,2,3.23,1.16,-1.16,31.4
FF,2024-10-15,92.7,-2.09,5.99,"Kahnle, Tommy",665926,592454,,ball,,,,,11,Andrés Giménez strikes out swinging.,L,L,R,NYY,CLE,B,,,1,0,2024,-0.64,1.33,-0.1,3.77,,,,0,8,Top,,,,,,,6.494321591557953,-134.7433649728541,-2.7433646387834143,-9.250865724231325,32.460060798762335,-15.663488869382316,3.17,1.38,,,,92.8,2321,6.7,775312,669224,519203,650402,665862,683011,657077,592450,665742,53.85,,,,,,,,67,2,4-Seam Fastball,6,2,2,6,2,6,2,6,Standard,Standard,211,0.0,0.069,,,,-0.069,,4,-4,0.968,0.032,34,25,35,26,1,3,6,1,2,2,1.35,0.64,-0.64,40.0
CH,2024-10-15,85.5,-2.18,5.79,"Kahnle, Tommy",665926,592454,,ball,,,,,14,Andrés Giménez strikes out swinging.,L,L,R,NYY,CLE,B,,,0,0,2024,-1.11,-0.09,1.05,2.21,,,,0,8,Top,,,,,,,9.871810052152023,-124.0923943992124,-1.919342149270649,-13.523921603765972,25.846761964449374,-32.89426299059664,3.17,1.3,,,,85.5,1366,6.5,775312,669224,519203,650402,665862,683011,657077,592450,665742,53.97,,,,,,,,67,1,Changeup,6,2,2,6,2,6,2,6,Standard,Standard,252,0.0,0.038,,,,-0.038,,4,-4,0.968,0.032,34,25,35,26,1,3,6,1,2,2,3.23,1.11,-1.11,33.7
CH,2024-10-15,86.6,-2.21,5.81,"Kahnle, Tommy",686823,592454,field_out,hit_into_play,,,,,11,"Will Brennan grounds out, second baseman Gleyber Torres to first baseman Anthony Rizzo.",L,L,R,NYY,CLE,X,4,ground_ball,0,2,2024,-1.05,0.64,-0.67,3.45,,,657041,2,7,Top,147.18,142.17,,,,,5.8843426830602725,-125.99276080630418,-0.7147522980218945,-12.369123270902469,25.62243747677868,-25.455257635772774,3.28,1.53,14,97.3,-13,87.5,1288,6.9,775312,669224,519203,650402,665862,683011,657077,592450,665742,53.64,0.214,0.206,0.0,1,0,0,2,61,4,Changeup,4,2,2,4,2,4,2,4,Standard,Standard,248,0.033,-0.17,69.8,6.9,0.247,0.17,97.3,2,-2,0.86,0.14,34,26,35,26,1,3,6,1,2,2,2.4,1.05,-1.05,37.3
CH,2024-10-15,87.9,-2.42,5.67,"Kahnle, Tommy",686823,592454,,foul,,,,,7,"Will Brennan grounds out, second baseman Gleyber Torres to first baseman Anthony Rizzo.",L,L,R,NYY,CLE,S,,,0,2,2024,-1.11,0.46,-0.34,1.64,,,657041,2,7,Top,,,,,,,7.327540520863165,-127.63150382929008,-4.53165105362279,-13.650301658752245,28.99463697229109,-26.32090625130853,3.28,1.53,1,42.9,-52,87.5,1349,6.4,775312,669224,519203,650402,665862,683011,657077,592450,665742,54.13,,,,,,,,61,3,Changeup,4,2,2,4,2,4,2,4,Standard,Standard,255,0.0,0.0,66.4,7.7,,0.0,88.0,2,-2,0.86,0.14,34,26,35,26,1,3,6,1,2,2,2.52,1.11,-1.11,32.0
CH,2024-10-15,85.9,-2.28,5.62,"Kahnle, Tommy",686823,592454,,swinging_strike,,,,,14,"Will Brennan grounds out, second baseman Gleyber Torres to first baseman Anthony Rizzo.",L,L,R,NYY,CLE,S,,,0,1,2024,-1.29,-0.02,0.15,0.65,,,657041,2,7,Top,,,,,,,8.410607082808559,-124.71953578011764,-5.435300560787018,-15.193461531890456,26.53421873276375,-31.42535556236378,3.28,1.53,,,,86.3,1259,6.8,775312,669224,519203,650402,665862,683011,657077,592450,665742,53.73,,,,,,,,61,2,Changeup,4,2,2,4,2,4,2,4,Standard,Standard,259,0.0,-0.054,65.3,8.4,,0.054,,2,-2,0.86,0.14,34,26,35,26,1,3,6,1,2,2,3.14,1.29,-1.29,29.9
CH,2024-10-15,86.3,-2.48,5.71,"Kahnle, Tommy",686823,592454,,swinging_strike,,,,,1,"Will Brennan grounds out, second baseman Gleyber Torres to first baseman Anthony Rizzo.",L,L,R,NYY,CLE,S,,,0,0,2024,-1.1,0.6,-0.65,2.85,,,657041,2,7,Top,,,,,,,6.6198967116768825,-125.4460565306661,-1.782787343952409,-12.98145895121278,26.06179430661827,-25.6601206213962,3.28,1.53,,,,86.7,1272,6.6,775312,669224,519203,650402,665862,683011,657077,592450,665742,53.86,,,,,,,,61,1,Changeup,4,2,2,4,2,4,2,4,Standard,Standard,256,0.0,-0.047,69.4,6.3,,0.047,,2,-2,0.86,0.14,34,26,35,26,1,3,6,1,2,2,2.47,1.1,-1.1,28.0
FF,2024-10-15,93.6,-1.77,6.0,"Kahnle, Tommy",657041,592454,walk,ball,,,,,11,Lane Thomas walks.,L,R,R,NYY,CLE,B,,,3,2,2024,-0.16,1.48,-0.28,4.0,,,,2,7,Top,,,,,,,4.235213308939794,-136.16318827026123,-2.649307790620998,-3.0042552862822145,32.46281577150781,-13.491892641610477,2.99,1.45,,,,93.7,2165,6.5,775312,669224,519203,650402,665862,683011,657077,592450,665742,53.96,,0.689131,0.7,1,0,0,,60,7,4-Seam Fastball,4,2,2,4,2,4,2,4,Strategic,Standard,202,-0.02,0.267,,,,-0.267,,2,-2,0.88,0.12,34,28,35,29,1,3,6,1,2,2,1.14,0.16,0.16,44.3
CH,2024-10-15,87.9,-2.25,5.75,"Kahnle, Tommy",657041,592454,,foul,,,,,2,Lane Thomas walks.,L,R,R,NYY,CLE,S,,,3,2,2024,-0.97,0.29,0.13,2.71,,,,2,7,Top,,,,,,,7.853287589803728,-127.89183724345357,-1.9104730640959096,-12.19237143696384,23.588480047071993,-28.76772757146609,3.11,1.45,339,97.9,23,89.0,1249,6.7,775312,669224,519203,650402,665862,683011,657077,592450,665742,53.77,,,,,,,,60,6,Changeup,4,2,2,4,2,4,2,4,Strategic,Standard,252,0.0,0.0,75.8,7.8,,0.0,97.9,2,-2,0.88,0.12,34,28,35,29,1,3,6,1,2,2,2.63,0.97,0.97,33.9
CH,2024-10-15,86.3,-2.37,5.66,"Kahnle, Tommy",657041,592454,,called_strike,,,,,3,Lane Thomas walks.,L,R,R,NYY,CLE,S,,,3,1,2024,-0.77,0.1,0.82,3.17,,,,2,7,Top,,,,,,,9.195180751472748,-125.48413231278772,0.0212390906808959,-9.812432117215703,21.704716245484057,-31.30633793904665,3.07,1.37,,,,87.2,1092,6.6,775312,669224,519203,650402,665862,683011,657077,592450,665742,53.93,,,,,,,,60,5,Changeup,4,2,2,4,2,4,2,4,Strategic,Standard,256,0.0,-0.089,,,,0.089,,2,-2,0.88,0.12,34,28,35,29,1,3,6,1,2,2,2.93,0.77,0.77,28.4
CH,2024-10-15,87.0,-2.37,5.63,"Kahnle, Tommy",657041,592454,,ball,,,,,11,Lane Thomas walks.,L,R,R,NYY,CLE,B,,,2,1,2024,-0.75,0.01,-0.17,4.34,,,,2,7,Top,,,,,,,6.847981640267833,-126.54493698517662,3.0280354469098647,-9.402288505349064,23.3490931794972,-32.79639399413276,3.02,1.3,,,,87.7,1124,6.6,775312,669224,519203,650402,665862,683011,657077,592450,665742,53.93,,,,,,,,60,4,Changeup,4,2,2,4,2,4,2,4,Strategic,Standard,259,0.0,0.112,,,,-0.112,,2,-2,0.88,0.12,34,28,35,29,1,3,6,1,2,2,2.98,0.75,0.75,28.1
FF,2024-10-15,93.8,-1.9,6.07,"Kahnle, Tommy",657041,592454,,foul,,,,,6,Lane Thomas walks.,L,R,R,NYY,CLE,S,,,2,0,2024,-0.49,1.62,0.5,2.54,,,,2,7,Top,,,,,,,7.3171749395700765,-136.13348494694895,-6.907073971198047,-7.903658887690434,34.746979604989,-10.76401729223889,3.11,1.45,197,76.3,62,93.6,2308,6.7,775312,669224,519203,650402,665862,683011,657077,592450,665742,53.81,,,,,,,,60,3,4-Seam Fastball,4,2,2,4,2,4,2,4,Strategic,Standard,211,0.0,-0.061,70.1,7.0,,0.061,88.0,2,-2,0.88,0.12,34,28,35,29,1,3,6,1,2,2,1.02,0.49,0.49,43.9
CH,2024-10-15,87.2,-2.29,5.66,"Kahnle, Tommy",657041,592454,,ball,,,,,14,Lane Thomas walks.,L,R,R,NYY,CLE,B,,,1,0,2024,-1.27,-0.07,0.63,0.72,,,,2,7,Top,,,,,,,9.672853921328487,-126.4970100359402,-5.4836621162457,-15.715111277774916,29.22169234040258,-31.880528601528606,3.12,1.43,,,,87.1,1253,6.7,775312,669224,519203,650402,665862,683011,657077,592450,665742,53.79,,,,,,,,60,2,Changeup,4,2,2,4,2,4,2,4,Strategic,Standard,253,0.0,0.068,,,,-0.068,,2,-2,0.88,0.12,34,28,35,29,1,3,6,1,2,2,3.12,1.27,1.27,32.9
CH,2024-10-15,88.0,-2.22,5.67,"Kahnle, Tommy",657041,592454,,ball,,,,,14,Lane Thomas walks.,L,R,R,NYY,CLE,B,,,0,0,2024,-1.28,0.22,1.56,1.44,,,,2,7,Top,,,,,,,11.892334411098268,-127.39254630422448,-4.4740075109841655,-16.64316744424672,30.27921962863635,-28.947551959107468,3.12,1.32,,,,87.7,1373,6.8,775312,669224,519203,650402,665862,683011,657077,592450,665742,53.75,,,,,,,,60,1,Changeup,4,2,2,4,2,4,2,4,Standard,Standard,248,0.0,0.04,,,,-0.04,,2,-2,0.88,0.12,34,28,35,29,1,3,6,1,2,2,2.8,1.28,1.28,31.0
CH,2024-10-09,88.3,-2.12,5.42,"Kahnle, Tommy",686681,592454,strikeout,swinging_strike,,,,,13,Michael Massey strikes out swinging.,D,L,R,KC,NYY,S,2,,0,2,2024,-1.09,-0.08,-0.83,1.06,,,,0,8,Bot,,,,,,,5.4463235025930254,-128.60472803221546,-4.46126806710595,-13.181856502885717,24.23920713806904,-32.41609312068273,3.34,1.56,,,,89.2,1401,6.6,775329,669224,665828,650402,665862,683011,657077,592450,665742,53.91,,0.0,0.0,1,0,0,,64,4,Changeup,2,3,2,3,3,2,2,3,Standard,Standard,254,-0.062,-0.163,69.5,8.1,,0.163,,-1,-1,0.297,0.297,34,26,35,26,1,3,2,2,6,1,2.98,1.09,-1.09,28.9
CH,2024-10-09,85.0,-1.69,5.71,"Kahnle, Tommy",686681,592454,,foul,,,,,4,Michael Massey strikes out swinging.,D,L,R,KC,NYY,S,,,0,2,2024,-0.98,0.42,-0.74,2.44,,,,0,8,Bot,,,,,,,4.2064177421866615,-123.80687136951131,-2.218090460585014,-10.888692930418316,24.26154176242712,-27.58265417819967,3.34,1.56,2,48.2,-50,85.5,1250,6.5,775329,669224,665828,650402,665862,683011,657077,592450,665742,53.97,,,,,,,,64,3,Changeup,2,3,2,3,3,2,2,3,Standard,Standard,250,0.0,0.0,66.8,8.0,,0.0,88.0,-1,-1,0.297,0.297,34,26,35,26,1,3,2,2,6,1,2.72,0.98,-0.98,36.2
CH,2024-10-09,86.0,-2.09,5.48,"Kahnle, Tommy",686681,592454,,foul,,,,,13,Michael Massey strikes out swinging.,D,L,R,KC,NYY,S,,,0,1,2024,-1.1,0.14,-0.86,1.87,,,,0,8,Bot,,,,,,,5.171801593676181,-125.31966419533794,-2.670254858115239,-12.5739839124813,22.75288396814319,-30.425454714243877,3.34,1.56,214,79.4,56,87.1,1370,6.7,775329,669224,665828,650402,665862,683011,657077,592450,665742,53.82,,,,,,,,64,2,Changeup,2,3,2,3,3,2,2,3,Infield shade,Standard,255,0.0,-0.054,70.2,7.3,,0.054,88.0,-1,-1,0.297,0.297,34,26,35,26,1,3,2,2,6,1,2.91,1.1,-1.1,31.5
CH,2024-10-09,86.1,-2.05,5.39,"Kahnle, Tommy",686681,592454,,called_strike,,,,,14,Michael Massey strikes out swinging.,D,L,R,KC,NYY,S,,,0,0,2024,-1.0,0.11,0.51,1.28,,,,0,8,Bot,,,,,,,8.150605282635025,-125.1663707475627,-3.750742323124568,-12.16377249386188,24.077438202676728,-30.50769792059591,3.38,1.66,,,,86.8,1268,6.7,775329,669224,665828,650402,665862,683011,657077,592450,665742,53.79,,,,,,,,64,1,Changeup,2,3,2,3,3,2,2,3,Infield shade,Standard,256,0.0,-0.037,,,,0.037,,-1,-1,0.297,0.297,34,26,35,26,1,3,2,2,6,1,2.96,1.0,-1.0,32.5
CH,2024-10-09,85.9,-1.84,5.59,"Kahnle, Tommy",664728,592454,field_out,hit_into_play,,,,,4,Kyle Isbel grounds out softly to first baseman Oswaldo Cabrera.,D,L,R,KC,NYY,X,3,ground_ball,1,1,2024,-0.99,0.15,-0.57,2.34,,,,2,7,Bot,158.36,163.45,,,,,5.043821725908276,-125.11685440227086,-1.83469720567554,-11.386774810256368,22.20242829541836,-30.456890966977777,3.4,1.6,3,74.7,-40,86.9,1244,6.6,775329,669224,665828,650402,665862,683011,657077,592450,665742,53.88,0.069,0.078,0.0,1,0,0,2,57,3,Changeup,2,2,2,2,2,2,2,2,Standard,Standard,250,-0.02,-0.244,70.3,7.2,0.069,0.244,88.0,0,0,0.52,0.52,34,27,35,27,1,2,2,2,6,1,2.9,0.99,-0.99,35.9
CH,2024-10-09,87.4,-1.87,5.43,"Kahnle, Tommy",664728,592454,,ball,,,,,14,Kyle Isbel grounds out softly to first baseman Oswaldo Cabrera.,D,L,R,KC,NYY,B,,,0,1,2024,-1.07,-0.04,0.6,0.68,,,,2,7,Bot,,,,,,,8.218720555546646,-127.06144325380627,-5.31759669858908,-13.179885843426243,23.952589071701972,-31.742906279285464,3.37,1.6,,,,88.5,1259,6.8,775329,669224,665828,650402,665862,683011,657077,592450,665742,53.68,,,,,,,,57,2,Changeup,2,2,2,2,2,2,2,2,Standard,Standard,254,0.0,0.029,,,,-0.029,,0,0,0.52,0.52,34,27,35,27,1,2,2,2,6,1,3.01,1.07,-1.07,28.8
CH,2024-10-09,84.8,-2.08,5.41,"Kahnle, Tommy",664728,592454,,called_strike,,,,,7,Kyle Isbel grounds out softly to first baseman Oswaldo Cabrera.,D,L,R,KC,NYY,S,,,0,0,2024,-0.96,-0.01,-0.35,1.84,,,,2,7,Bot,,,,,,,6.016097095972894,-123.44567853161792,-2.0868545902672064,-10.97279784055262,21.73632163935084,-32.115953605651114,3.3,1.6,,,,86.1,1323,6.8,775329,669224,665828,650402,665862,683011,657077,592450,665742,53.65,,,,,,,,57,1,Changeup,2,2,2,2,2,2,2,2,Standard,Standard,259,0.0,-0.041,,,,0.041,,0,0,0.52,0.52,34,27,35,27,1,2,2,2,6,1,3.15,0.96,-0.96,29.3
CH,2024-10-09,87.4,-2.06,5.46,"Kahnle, Tommy",624428,592454,field_out,hit_into_play,,,,,4,"Adam Frazier grounds out softly, catcher Austin Wells to first baseman Oswaldo Cabrera.",D,L,R,KC,NYY,X,2,ground_ball,0,1,2024,-1.23,0.03,-0.37,2.0,,,,1,7,Bot,125.88,201.46,,,,,6.676992504607757,-127.20424915645344,-2.2897804057458275,-14.763208072753237,25.243534598032305,-31.566688415841888,3.06,1.42,1,51.5,-75,88.2,1343,6.7,775329,669224,665828,650402,665862,683011,657077,592450,665742,53.76,0.149,0.144,0.0,1,0,0,1,56,2,Changeup,2,2,2,2,2,2,2,2,Standard,Standard,255,-0.028,-0.219,63.6,7.8,0.149,0.219,88.0,0,0,0.548,0.548,34,32,35,33,1,2,2,11,6,,2.94,1.23,-1.23,32.1
CH,2024-10-09,86.3,-2.05,5.52,"Kahnle, Tommy",624428,592454,,swinging_strike,,,,,8,"Adam Frazier grounds out softly, catcher Austin Wells to first baseman Oswaldo Cabrera.",D,L,R,KC,NYY,S,,,0,0,2024,-1.04,-0.06,0.1,1.39,,,,1,7,Bot,,,,,,,7.297134638725606,-125.51075524374215,-3.467687795818619,-12.491016259082672,25.8075440107926,-32.33056207221206,3.06,1.42,,,,87.0,1197,6.8,775329,669224,665828,650402,665862,683011,657077,592450,665742,53.72,,,,,,,,56,1,Changeup,2,2,2,2,2,2,2,2,Standard,Standard,258,0.0,-0.037,63.0,8.4,,0.037,,0,0,0.548,0.548,34,32,35,33,1,2,2,11,6,,3.13,1.04,-1.04,30.6
CH,2024-10-09,85.9,-2.04,5.51,"Kahnle, Tommy",672580,592454,field_out,hit_into_play,,,,,9,Maikel Garcia flies out to right fielder Juan Soto.,D,R,R,KC,NYY,X,9,fly_ball,2,1,2024,-1.0,0.03,0.57,1.69,,,,0,7,Bot,181.2,130.01,,,,,8.26662945591969,-124.84262580354796,-2.830416197912867,-12.139370542546713,25.15328053350528,-31.498111457290936,3.58,1.68,220,75.7,44,86.5,1130,6.8,775329,669224,665828,650402,665862,683011,657077,592450,665742,53.73,0.094,0.088,0.0,1,0,0,3,55,4,Changeup,2,2,2,2,2,2,2,2,Standard,Standard,258,-0.038,-0.296,70.6,7.8,0.114,0.296,88.0,0,0,0.586,0.586,34,24,35,24,1,2,2,2,6,1,3.07,1.0,1.0,30.7
CH,2024-10-09,85.9,-2.01,5.57,"Kahnle, Tommy",672580,592454,,ball,,,,,12,Maikel Garcia flies out to right fielder Juan Soto.,D,R,R,KC,NYY,B,,,1,1,2024,-0.95,0.11,0.48,4.33,,,,0,7,Bot,,,,,,,7.885194632150875,-124.8128964335948,3.1650668578110306,-11.583529216887706,25.813578154190356,-31.92978374499601,3.57,1.68,,,,86.3,1162,6.7,775329,669224,665828,650402,665862,683011,657077,592450,665742,53.79,,,,,,,,55,3,Changeup,2,2,2,2,2,2,2,2,Standard,Standard,257,0.0,0.053,,,,-0.053,,0,0,0.586,0.586,34,24,35,24,1,2,2,2,6,1,2.99,0.95,0.95,31.3
CH,2024-10-09,87.0,-2.0,5.54,"Kahnle, Tommy",672580,592454,,called_strike,,,,,2,Maikel Garcia flies out to right fielder Juan Soto.,D,R,R,KC,NYY,S,,,1,0,2024,-1.11,-0.02,-0.19,3.12,,,,0,7,Bot,,,,,,,6.6599453855428346,-126.59071638921672,0.3924551243023453,-13.320749837342012,24.823439071092057,-32.63064413977772,3.67,1.68,,,,87.6,1373,6.6,775329,669224,665828,650402,665862,683011,657077,592450,665742,53.91,,,,,,,,55,2,Changeup,2,2,2,2,2,2,2,2,Standard,Standard,256,0.0,-0.049,,,,0.049,,0,0,0.586,0.586,34,24,35,24,1,2,2,2,6,1,3.02,1.11,1.11,29.6
CH,2024-10-09,87.5,-1.97,5.57,"Kahnle, Tommy",672580,592454,,ball,,,,,14,Maikel Garcia flies out to right fielder Juan Soto.,D,R,R,KC,NYY,B,,,0,0,2024,-1.06,0.28,1.73,1.42,,,,0,7,Bot,,,,,,,11.165061819483263,-126.9593312799431,-4.468888600572947,-13.65501814949342,23.92694384642049,-28.426850477721725,3.55,1.68,,,,88.1,1287,6.7,775329,669224,665828,650402,665862,683011,657077,592450,665742,53.83,,,,,,,,55,1,Changeup,2,2,2,2,2,2,2,2,Standard,Standard,249,0.0,0.038,,,,-0.038,,0,0,0.586,0.586,34,24,35,24,1,2,2,2,6,1,2.7,1.06,1.06,32.9
FF,2024-10-07,93.6,-1.61,6.02,"Kahnle, Tommy",502054,592454,strikeout,called_strike,,,,,6,Tommy Pham called out on strikes.,D,R,R,NYY,KC,S,2,,3,2,2024,-0.51,0.89,0.54,2.55,,,686681,2,8,Top,,,,,,,6.741307318801135,-136.09286142075746,-5.184808939213498,-7.879833984398998,30.690139568171073,-20.210652626706356,3.45,1.53,,,,94.3,2162,6.8,775332,669224,542932,650402,665862,683011,657077,592450,665742,53.67,,0.0,0.0,1,0,0,,63,6,4-Seam Fastball,1,4,4,1,4,1,4,1,Strategic,Standard,195,0.006,-0.319,,,,0.319,,-3,3,0.073,0.927,34,36,35,36,1,3,2,2,2,2,1.73,0.51,0.51,51.5
CH,2024-10-07,86.8,-2.41,5.54,"Kahnle, Tommy",502054,592454,,called_strike,,,,,6,Tommy Pham called out on strikes.,D,R,R,NYY,KC,S,,,3,1,2024,-0.84,0.25,0.79,2.6,,,686681,2,8,Top,,,,,,,9.459957832971382,-126.04523224763616,-1.315386219840342,-10.87634257593149,26.15390147552096,-29.470092843130782,3.51,1.63,,,,87.5,1304,6.9,775332,669224,542932,650402,665862,683011,657077,592450,665742,53.64,,,,,,,,63,5,Changeup,1,4,4,1,4,1,4,1,Standard,Standard,256,0.0,-0.065,,,,0.065,,-3,3,0.073,0.927,34,36,35,36,1,3,2,2,2,2,2.79,0.84,0.84,31.8
CH,2024-10-07,86.6,-2.24,5.58,"Kahnle, Tommy",502054,592454,,called_strike,,,,,14,Tommy Pham called out on strikes.,D,R,R,NYY,KC,S,,,3,0,2024,-0.93,-0.02,1.01,1.63,,,686681,2,8,Top,,,,,,,9.768696527257674,-125.70776043251388,-3.1383047335468923,-11.906098936345346,25.96118438032784,-31.970542660566583,3.41,1.56,,,,87.3,1253,6.9,775332,669224,542932,650402,665862,683011,657077,592450,665742,53.58,,,,,,,,63,4,Changeup,1,4,4,1,4,1,4,1,Standard,Standard,254,0.0,-0.046,,,,0.046,,-3,3,0.073,0.927,34,36,35,36,1,3,2,2,2,2,3.08,0.93,0.93,31.1
CH,2024-10-07,87.9,-2.32,5.53,"Kahnle, Tommy",502054,592454,,blocked_ball,,,,,14,Tommy Pham called out on strikes.,D,R,R,NYY,KC,B,,,2,0,2024,-1.16,0.34,0.6,0.53,,,686681,2,8,Top,,,,,,,9.5761821454304,-127.64886801889604,-6.781877999757935,-14.615851950763508,24.016314741715007,-27.31984715544887,3.45,1.56,,,,88.9,1282,6.8,775332,669224,542932,650402,665862,683011,657077,592450,665742,53.67,,,,,,,,63,3,Changeup,1,4,4,1,4,1,4,1,Standard,Standard,248,0.0,0.076,,,,-0.076,,-3,3,0.073,0.927,34,36,35,36,1,3,2,2,2,2,2.61,1.16,1.16,31.5
CH,2024-10-07,86.7,-2.26,5.5,"Kahnle, Tommy",502054,592454,,ball,,,,,14,Tommy Pham called out on strikes.,D,R,R,NYY,KC,B,,,1,0,2024,-1.07,0.21,0.82,1.64,,,686681,2,8,Top,,,,,,,9.656669605245954,-125.9678862547151,-3.513049586799352,-13.31354684534274,23.600903115572336,-29.378977502981957,3.51,1.86,,,,87.7,1311,6.8,775332,669224,542932,650402,665862,683011,657077,592450,665742,53.66,,,,,,,,63,2,Changeup,1,4,4,1,4,1,4,1,Standard,Standard,250,0.0,0.05,,,,-0.05,,-3,3,0.073,0.927,34,36,35,36,1,3,2,2,2,2,2.81,1.07,1.07,31.8
CH,2024-10-07,87.2,-2.21,5.7,"Kahnle, Tommy",502054,592454,,ball,,,,,11,Tommy Pham called out on strikes.,D,R,R,NYY,KC,B,,,0,0,2024,-1.14,0.15,-1.27,2.57,,,686681,2,8,Top,,,,,,,4.6569323701766745,-126.95263597298522,-1.7015015331420504,-13.25013882762607,24.6604672561021,-30.435397565007698,3.51,1.58,,,,88.0,1221,6.7,775332,669224,542932,650402,665862,683011,657077,592450,665742,53.82,,,,,,,,63,1,Changeup,1,4,4,1,4,1,4,1,Standard,Standard,248,0.0,0.034,,,,-0.034,,-3,3,0.073,0.927,34,36,35,36,1,3,2,2,2,2,2.83,1.14,1.14,36.1
FF,2024-10-07,95.3,-1.61,6.0,"Kahnle, Tommy",686681,592454,walk,ball,,,,,11,Michael Massey walks.,D,L,R,NYY,KC,B,,,3,2,2024,-0.43,1.43,-1.46,2.56,,,,2,8,Top,,,,,,,1.3957369123550498,-138.70753338174086,-6.717889608212144,-5.924215935244808,28.312091970740827,-12.418313630617696,3.45,1.56,,,,96.4,2166,6.7,775332,669224,542932,650402,665862,683011,657077,592450,665742,53.77,,0.689131,0.7,1,0,0,,62,9,4-Seam Fastball,1,4,4,1,4,1,4,1,Strategic,Standard,201,-0.003,0.267,,,,-0.267,,-3,3,0.076,0.924,34,26,35,26,1,3,2,2,2,2,1.06,0.43,-0.43,49.3
CH,2024-10-07,89.2,-1.92,5.69,"Kahnle, Tommy",686681,592454,,ball,,,,,13,Michael Massey walks.,D,L,R,NYY,KC,B,,,2,2,2024,-1.15,0.6,-0.41,0.43,,,,2,8,Top,,,,,,,6.204454169860234,-129.672678261489,-8.29732145017009,-14.211794461365304,24.472575293647807,-23.916040736992016,3.43,1.66,,,,90.4,1275,6.9,775332,669224,542932,650402,665862,683011,657077,592450,665742,53.63,,,,,,,,62,8,Changeup,1,4,4,1,4,1,4,1,Strategic,Standard,244,0.0,0.106,,,,-0.106,,-3,3,0.076,0.924,34,26,35,26,1,3,2,2,2,2,2.25,1.15,-1.15,41.7
FF,2024-10-07,94.4,-1.67,5.92,"Kahnle, Tommy",686681,592454,,foul,,,,,12,Michael Massey walks.,D,L,R,NYY,KC,S,,,2,2,2024,-0.25,1.19,1.21,2.56,,,,2,8,Top,,,,,,,8.127964307822383,-137.2130203113666,-5.74951475132502,-4.902026826209793,28.551620620477483,-16.07298686123441,3.36,1.57,7,83.1,-20,95.2,2051,6.7,775332,669224,542932,650402,665862,683011,657077,592450,665742,53.79,,,,,,,,62,7,4-Seam Fastball,1,4,4,1,4,1,4,1,Strategic,Standard,198,0.0,0.0,66.2,6.9,,0.0,88.0,-3,3,0.076,0.924,34,26,35,26,1,3,2,2,2,2,1.36,0.25,-0.25,48.8
CH,2024-10-07,86.9,-2.38,5.48,"Kahnle, Tommy",686681,592454,,foul,,,,,7,Michael Massey walks.,D,L,R,NYY,KC,S,,,2,2,2024,-0.83,0.05,-0.74,1.7,,,,2,8,Top,,,,,,,5.672827894163322,-126.42059225596849,-3.0112367632037884,-10.072281374811576,25.192025222686024,-31.2103164304087,3.36,1.57,179,75.3,59,87.9,1174,6.9,775332,669224,542932,650402,665862,683011,657077,592450,665742,53.65,,,,,,,,62,6,Changeup,1,4,4,1,4,1,4,1,Strategic,Standard,257,0.0,0.0,68.1,7.3,,0.0,88.0,-3,3,0.076,0.924,34,26,35,26,1,3,2,2,2,2,2.96,0.83,-0.83,29.9
CH,2024-10-07,88.2,-2.08,5.65,"Kahnle, Tommy",686681,592454,,foul,,,,,8,Michael Massey walks.,D,L,R,NYY,KC,S,,,2,2,2024,-1.15,0.02,-0.23,1.97,,,,2,8,Top,,,,,,,6.962773055404384,-128.36742988313205,-2.9709545871539405,-14.153605978068468,24.743579886280433,-31.587252140986543,3.36,1.57,2,60.2,-50,89.5,1295,6.9,775332,669224,542932,650402,665862,683011,657077,592450,665742,53.58,,,,,,,,62,5,Changeup,1,4,4,1,4,1,4,1,Strategic,Standard,249,0.0,0.0,71.1,7.4,,0.0,88.0,-3,3,0.076,0.924,34,26,35,26,1,3,2,2,2,2,2.89,1.15,-1.15,32.3
CH,2024-10-07,88.3,-2.14,5.63,"Kahnle, Tommy",686681,592454,,ball,,,,,13,Michael Massey walks.,D,L,R,NYY,KC,B,,,1,2,2024,-0.96,0.12,-0.92,0.9,,,,2,8,Top,,,,,,,5.005740625356914,-128.65151507780885,-5.851826781014305,-11.64427442942073,22.349618239986217,-29.916737910450845,3.36,1.56,,,,89.8,1134,6.8,775332,669224,542932,650402,665862,683011,657077,592450,665742,53.75,,,,,,,,62,4,Changeup,1,4,4,1,4,1,4,1,Strategic,Standard,255,0.0,0.039,,,,-0.039,,-3,3,0.076,0.924,34,26,35,26,1,3,2,2,2,2,2.75,0.96,-0.96,37.3
CH,2024-10-07,89.7,-1.94,5.63,"Kahnle, Tommy",686681,592454,,ball,,,,,14,Michael Massey walks.,D,L,R,NYY,KC,B,,,0,2,2024,-1.18,0.1,0.19,0.0,,,,2,8,Top,,,,,,,7.856404558178528,-130.26701944466285,-8.277658569882602,-15.072929796666848,25.093490905566107,-29.552025366860892,3.43,1.63,,,,91.0,1349,7.0,775332,669224,542932,650402,665862,683011,657077,592450,665742,53.5,,,,,,,,62,3,Changeup,1,4,4,1,4,1,4,1,Strategic,Standard,245,0.0,0.023,,,,-0.023,,-3,3,0.076,0.924,34,26,35,26,1,3,2,2,2,2,2.72,1.18,-1.18,41.5
CH,2024-10-07,88.0,-2.18,5.77,"Kahnle, Tommy",686681,592454,,swinging_strike,,,,,13,Michael Massey walks.,D,L,R,NYY,KC,S,,,0,1,2024,-1.28,0.27,-0.98,1.65,,,,2,8,Top,,,,,,,5.584085777740617,-127.9684412153622,-4.445960146222129,-15.176918134731377,26.57118643881061,-28.53274245729866,3.36,1.57,,,,88.6,1322,6.7,775332,669224,542932,650402,665862,683011,657077,592450,665742,53.77,,,,,,,,62,2,Changeup,1,4,4,1,4,1,4,1,Standard,Standard,248,0.0,-0.058,68.1,7.9,,0.058,,-3,3,0.076,0.924,34,26,35,26,1,3,2,2,2,2,2.68,1.28,-1.28,33.3
CH,2024-10-07,86.3,-1.92,5.74,"Kahnle, Tommy",686681,592454,,called_strike,,,,,8,Michael Massey walks.,D,L,R,NYY,KC,S,,,0,0,2024,-1.24,0.08,0.03,1.82,,,,2,8,Top,,,,,,,7.220664535317012,-125.50194144801549,-3.276822071369172,-14.525298060110934,25.54510812707182,-30.80607319097963,3.36,1.63,,,,87.2,1350,6.9,775332,669224,542932,650402,665862,683011,657077,592450,665742,53.57,,,,,,,,62,1,Changeup,1,4,4,1,4,1,4,1,Standard,Standard,248,0.0,-0.041,,,,0.041,,-3,3,0.076,0.924,34,26,35,26,1,3,2,2,2,2,2.98,1.24,-1.24,36.7
FF,2024-10-07,94.9,-1.55,6.06,"Kahnle, Tommy",493329,592454,field_out,hit_into_play,,,,,12,Yuli Gurriel flies out to right fielder Juan Soto.,D,R,R,NYY,KC,X,9,fly_ball,0,0,2024,-0.38,1.29,0.84,2.91,,,,1,8,Top,192.76,110.87,,,,,7.174134308653427,-137.94348649846555,-5.507966870194008,-6.4512230482527855,30.9447446400113,-14.618493490124516,3.44,1.56,273,91.3,46,95.7,2208,6.8,775332,669224,542932,650402,665862,683011,657077,592450,665742,53.67,0.003,0.003,0.0,1,0,0,3,61,1,4-Seam Fastball,1,4,4,1,4,1,4,1,Standard,Standard,200,0.004,-0.256,75.6,8.1,0.007,0.256,91.3,-3,3,0.072,0.928,34,40,35,40,1,3,2,2,2,2,1.25,0.38,0.38,49.7
FF,2024-10-07,93.8,-1.49,6.02,"Kahnle, Tommy",521692,592454,strikeout,swinging_strike,,,,,9,Salvador Perez strikes out swinging.,D,R,R,NYY,KC,S,2,,0,2,2024,-0.4,1.4,0.33,1.84,,,,0,8,Top,,,,,,,5.681352636113852,-136.31980561477056,-8.284699101176603,-6.266444053164588,29.998392073218017,-13.029351312031729,3.63,1.68,,,,94.8,2229,7.0,775332,669224,542932,650402,665862,683011,657077,592450,665742,53.55,,0.0,0.0,1,0,0,,60,3,4-Seam Fastball,1,4,4,1,4,1,4,1,Strategic,Standard,199,0.007,-0.163,69.6,7.5,,0.163,,-3,3,0.065,0.935,34,34,35,34,1,3,2,2,2,2,1.19,0.4,0.4,51.7
CH,2024-10-07,89.0,-1.64,5.92,"Kahnle, Tommy",521692,592454,,swinging_strike,,,,,14,Salvador Perez strikes out swinging.,D,R,R,NYY,KC,S,,,0,1,2024,-1.02,0.06,1.49,1.7,,,,0,8,Top,,,,,,,9.8804836298778,-129.25353433355411,-4.467477707750891,-13.400821832845656,25.762012707435375,-30.791118058257695,3.63,1.68,,,,89.8,1215,6.8,775332,669224,542932,650402,665862,683011,657077,592450,665742,53.71,,,,,,,,60,2,Changeup,1,4,4,1,4,1,4,1,Standard,Standard,244,0.0,-0.054,71.6,8.9,,0.054,,-3,3,0.065,0.935,34,34,35,34,1,3,2,2,2,2,2.82,1.02,1.02,43.1
FF,2024-10-07,94.8,-1.55,6.08,"Kahnle, Tommy",521692,592454,,swinging_strike,,,,,9,Salvador Perez strikes out swinging.,D,R,R,NYY,KC,S,,,0,0,2024,-0.07,1.45,0.53,2.05,,,,0,8,Top,,,,,,,5.607018894321897,-137.69778976583888,-8.143274452733525,-2.131223643840251,31.373841331478,-12.082865492143227,3.63,1.68,,,,95.4,2182,6.8,775332,669224,542932,650402,665862,683011,657077,592450,665742,53.72,,,,,,,,60,1,4-Seam Fastball,1,4,4,1,4,1,4,1,Standard,Standard,199,0.0,-0.037,73.2,7.8,,0.037,,-3,3,0.065,0.935,34,34,35,34,1,3,2,2,2,2,1.1,0.07,0.07,52.1
CH,2024-10-05,89.9,-2.04,5.59,"Kahnle, Tommy",641658,592454,walk,ball,,,,,14,Garrett Hampson walks.,D,R,R,NYY,KC,B,,,3,1,2024,-1.29,0.41,1.33,1.46,,,,2,8,Top,,,,,,,11.190688545498444,-130.47815327706144,-5.172212016453788,-17.049833061998896,25.635252726767252,-26.555206109299192,3.26,1.54,,,,90.9,1311,6.9,775334,669224,665828,650402,665862,683011,657077,592450,665742,53.62,,0.689131,0.7,1,0,0,,72,5,Changeup,6,5,5,6,5,6,5,6,Standard,Standard,247,-0.033,0.178,,,,-0.178,,1,-1,0.846,0.154,34,29,35,30,1,1,8,7,2,2,2.41,1.29,1.29,34.4
CH,2024-10-05,87.8,-2.18,5.64,"Kahnle, Tommy",641658,592454,,called_strike,,,,,6,Garrett Hampson walks.,D,R,R,NYY,KC,S,,,3,0,2024,-1.01,0.24,0.53,2.66,,,,2,8,Top,,,,,,,8.723319570751059,-127.49151623714587,-1.521426518906888,-12.912373985204535,28.21223145635779,-29.48520294509727,3.31,1.62,,,,88.1,1180,6.8,775334,669224,665828,650402,665862,683011,657077,592450,665742,53.71,,,,,,,,72,4,Changeup,6,5,5,6,5,6,5,6,Standard,Standard,254,0.0,-0.058,,,,0.058,,1,-1,0.846,0.154,34,29,35,30,1,1,8,7,2,2,2.75,1.01,1.01,35.3
CH,2024-10-05,88.4,-2.29,5.48,"Kahnle, Tommy",641658,592454,,ball,,,,,14,Garrett Hampson walks.,D,R,R,NYY,KC,B,,,2,0,2024,-1.18,0.24,1.21,1.6,,,,2,8,Top,,,,,,,11.066607547414309,-128.27871745410428,-3.883936631436677,-15.322856265478984,25.53462670127892,-28.923933486502268,3.34,1.62,,,,89.1,1182,6.8,775334,669224,665828,650402,665862,683011,657077,592450,665742,53.7,,,,,,,,72,3,Changeup,6,5,5,6,5,6,5,6,Standard,Standard,258,0.0,0.109,,,,-0.109,,1,-1,0.846,0.154,34,29,35,30,1,1,8,7,2,2,2.69,1.18,1.18,29.5
CH,2024-10-05,88.0,-2.06,5.62,"Kahnle, Tommy",641658,592454,,ball,,,,,11,Garrett Hampson walks.,D,R,R,NYY,KC,B,,,1,0,2024,-1.14,0.21,-1.77,3.12,,,,2,8,Top,,,,,,,3.091377900062392,-128.09832965374443,-0.3634146010265187,-13.214290833246904,27.631158806114637,-30.03505482481908,3.39,1.57,,,,88.5,1285,6.7,775334,669224,665828,650402,665862,683011,657077,592450,665742,53.83,,,,,,,,72,2,Changeup,6,5,5,6,5,6,5,6,Standard,Standard,253,0.0,0.068,,,,-0.068,,1,-1,0.846,0.154,34,29,35,30,1,1,8,7,2,2,2.74,1.14,1.14,34.5
SL,2024-10-05,88.3,-1.91,5.72,"Kahnle, Tommy",641658,592454,,ball,,,,,14,Garrett Hampson walks.,D,R,R,NYY,KC,B,,,0,0,2024,0.26,0.4,2.25,1.96,,,,2,8,Top,,,,,,,9.65722850095313,-128.24944357590144,-3.907230301603517,0.7989446620040883,26.92226016310748,-27.069594482604785,3.59,1.54,,,,88.9,2287,6.8,775334,669224,665828,650402,665862,683011,657077,592450,665742,53.68,,,,,,,,72,1,Slider,6,5,5,6,5,6,5,6,Standard,Standard,152,0.0,0.04,,,,-0.04,,1,-1,0.846,0.154,34,29,35,30,1,1,8,7,2,2,2.53,-0.26,-0.26,44.2
CH,2024-10-05,89.0,-2.14,5.6,"Kahnle, Tommy",502054,592454,field_out,hit_into_play,,,,,7,"Tommy Pham grounds out, third baseman Jazz Chisholm Jr.  to first baseman Oswaldo Cabrera.",D,R,R,NYY,KC,X,5,ground_ball,2,1,2024,-1.17,0.4,-0.5,1.97,,,,1,8,Top,104.16,167.58,,,,,6.547584734592724,-129.59015743478753,-3.785263883100472,-14.5394212333375,24.64168122103398,-27.117921861332377,3.51,1.65,6,102.0,-17,90.1,1370,6.7,775334,669224,665828,650402,665862,683011,657077,592450,665742,53.76,0.177,0.175,0.0,1,0,0,2,71,4,Changeup,6,5,5,6,5,6,5,6,Standard,Standard,255,0.039,-0.302,75.8,7.7,0.177,0.302,102.0,1,-1,0.807,0.193,34,36,35,36,1,3,8,3,2,2,2.46,1.17,1.17,33.1
CH,2024-10-05,89.7,-2.1,5.52,"Kahnle, Tommy",502054,592454,,ball,,,,,14,"Tommy Pham grounds out, third baseman Jazz Chisholm Jr.  to first baseman Oswaldo Cabrera.",D,R,R,NYY,KC,B,,,1,1,2024,-0.98,0.12,1.77,1.81,,,,1,8,Top,,,,,,,11.729101395151408,-130.18960276857925,-3.4792054130745624,-13.467797579100992,24.74461145318304,-30.30995542188371,3.46,1.62,,,,90.8,1234,6.9,775334,669224,665828,650402,665862,683011,657077,592450,665742,53.63,,,,,,,,71,3,Changeup,6,5,5,6,5,6,5,6,Standard,Standard,256,0.0,0.059,,,,-0.059,,1,-1,0.807,0.193,34,36,35,36,1,3,8,3,2,2,2.71,0.98,0.98,33.5
CH,2024-10-05,88.5,-1.96,5.71,"Kahnle, Tommy",502054,592454,,foul,,,,,8,"Tommy Pham grounds out, third baseman Jazz Chisholm Jr.  to first baseman Oswaldo Cabrera.",D,R,R,NYY,KC,S,,,1,0,2024,-1.57,-0.08,0.27,2.08,,,,1,8,Top,,,,,,,8.79200264597848,-128.57845939554562,-2.5752073951512213,-19.27520979445682,28.57236656144312,-32.67246129216501,3.51,1.65,2,70.3,-44,88.9,1324,6.8,775334,669224,665828,650402,665862,683011,657077,592450,665742,53.69,,,,,,,,71,2,Changeup,6,5,5,6,5,6,5,6,Standard,Standard,255,0.0,-0.051,76.1,7.7,,0.051,88.0,1,-1,0.807,0.193,34,36,35,36,1,3,8,3,2,2,3.01,1.57,1.57,35.9
CH,2024-10-05,89.3,-2.14,5.54,"Kahnle, Tommy",502054,592454,,ball,,,,,14,"Tommy Pham grounds out, third baseman Jazz Chisholm Jr.  to first baseman Oswaldo Cabrera.",D,R,R,NYY,KC,B,,,0,0,2024,-1.17,0.04,0.85,1.18,,,,1,8,Top,,,,,,,9.922122660288093,-129.74735388707984,-4.8692436607009,-15.27237877790198,25.54648167573095,-30.86527437988838,3.41,1.62,,,,90.4,1166,6.9,775334,669224,665828,650402,665862,683011,657077,592450,665742,53.62,,,,,,,,71,1,Changeup,6,5,5,6,5,6,5,6,Standard,Standard,262,0.0,0.039,,,,-0.039,,1,-1,0.807,0.193,34,36,35,36,1,3,8,3,2,2,2.81,1.17,1.17,30.2
CH,2024-10-05,89.2,-2.02,5.67,"Kahnle, Tommy",669004,592454,field_out,hit_into_play,,,,,13,"MJ Melendez grounds out, second baseman Gleyber Torres to first baseman Oswaldo Cabrera.",D,L,R,NYY,KC,X,4,ground_ball,2,2,2024,-1.11,0.28,-1.14,1.67,,,,0,8,Top,140.62,144.8,,,,,4.541392171838333,-129.92981982939244,-4.469155859184859,-13.538943911987904,25.684068626432904,-28.30220754695685,3.31,1.58,10,88.0,-9,90.3,1242,6.8,775334,669224,665828,650402,665862,683011,657077,592450,665742,53.74,0.163,0.156,0.0,1,0,0,2,70,6,Changeup,6,5,5,6,5,6,5,6,Infield shade,Standard,246,0.054,-0.227,69.2,7.7,0.206,0.227,88.0,1,-1,0.753,0.247,34,25,35,26,1,3,8,3,2,2,2.57,1.11,-1.11,34.2
CH,2024-10-05,88.4,-2.04,5.62,"Kahnle, Tommy",669004,592454,,foul,,,,,11,"MJ Melendez grounds out, second baseman Gleyber Torres to first baseman Oswaldo Cabrera.",D,L,R,NYY,KC,S,,,2,2,2024,-1.08,0.04,-1.33,2.59,,,,0,8,Top,,,,,,,4.026670453839515,-128.78389259830092,-1.4442678633914705,-12.80448418542991,25.798728842360827,-31.623420486349392,3.31,1.58,3,60.2,-38,89.3,1275,6.7,775334,669224,665828,650402,665862,683011,657077,592450,665742,53.78,,,,,,,,70,5,Changeup,6,5,5,6,5,6,5,6,Infield shade,Standard,257,0.0,0.0,70.8,7.9,,0.0,88.0,1,-1,0.753,0.247,34,25,35,26,1,3,8,3,2,2,2.86,1.08,-1.08,34.5
CH,2024-10-05,89.3,-1.97,5.61,"Kahnle, Tommy",669004,592454,,ball,,,,,14,"MJ Melendez grounds out, second baseman Gleyber Torres to first baseman Oswaldo Cabrera.",D,L,R,NYY,KC,B,,,1,2,2024,-1.08,0.28,0.72,0.68,,,,0,8,Top,,,,,,,9.004928335199626,-129.74866794993966,-6.816559927861289,-14.046322471149608,25.585813454314714,-27.778695409405604,3.23,1.57,,,,90.4,1301,6.9,775334,669224,665828,650402,665862,683011,657077,592450,665742,53.6,,,,,,,,70,4,Changeup,6,5,5,6,5,6,5,6,Infield shade,Standard,256,0.0,0.04,,,,-0.04,,1,-1,0.753,0.247,34,25,35,26,1,3,8,3,2,2,2.57,1.08,-1.08,34.8
CH,2024-10-05,89.3,-2.25,5.56,"Kahnle, Tommy",669004,592454,,foul,,,,,8,"MJ Melendez grounds out, second baseman Gleyber Torres to first baseman Oswaldo Cabrera.",D,L,R,NYY,KC,S,,,1,1,2024,-1.16,0.02,0.02,1.6,,,,0,8,Top,,,,,,,8.083104536402187,-129.7453091716916,-3.7683971343229783,-14.765644739703928,27.326926858776535,-31.397572971715142,3.31,1.58,4,77.6,-24,89.8,1271,6.7,775334,669224,665828,650402,665862,683011,657077,592450,665742,53.8,,,,,,,,70,3,Changeup,6,5,5,6,5,6,5,6,Infield shade,Standard,254,0.0,-0.056,73.7,8.5,,0.056,88.0,1,-1,0.753,0.247,34,25,35,26,1,3,8,3,2,2,2.85,1.16,-1.16,31.3
CH,2024-10-05,89.0,-2.03,5.57,"Kahnle, Tommy",669004,592454,,called_strike,,,,,8,"MJ Melendez grounds out, second baseman Gleyber Torres to first baseman Oswaldo Cabrera.",D,L,R,NYY,KC,S,,,1,0,2024,-1.08,0.09,0.24,1.59,,,,0,8,Top,,,,,,,7.909030659699101,-129.46021164696663,-3.967594988774868,-13.792229912654738,25.422545329645928,-30.590495936241876,3.28,1.57,,,,89.9,1224,6.7,775334,669224,665828,650402,665862,683011,657077,592450,665742,53.78,,,,,,,,70,2,Changeup,6,5,5,6,5,6,5,6,Infield shade,Standard,254,0.0,-0.049,,,,0.049,,1,-1,0.753,0.247,34,25,35,26,1,3,8,3,2,2,2.78,1.08,-1.08,33.9
CH,2024-10-05,90.1,-2.13,5.55,"Kahnle, Tommy",669004,592454,,ball,,,,,13,"MJ Melendez grounds out, second baseman Gleyber Torres to first baseman Oswaldo Cabrera.",D,L,R,NYY,KC,B,,,0,0,2024,-1.4,-0.12,-0.11,0.23,,,,0,8,Top,,,,,,,8.038884614514105,-130.8392846465982,-7.043828451589821,-17.70951933924314,26.90641086772145,-32.206846215469,3.28,1.57,,,,90.6,1311,6.7,775334,669224,665828,650402,665862,683011,657077,592450,665742,53.85,,,,,,,,70,1,Changeup,6,5,5,6,5,6,5,6,Infield shade,Standard,258,0.0,0.038,,,,-0.038,,1,-1,0.753,0.247,34,25,35,26,1,3,8,3,2,2,2.93,1.4,-1.4,32.0
FF,2024-09-27,92.3,-2.27,5.77,"Kahnle, Tommy",663698,592454,strikeout,foul_tip,,,,,11,Joey Bart strikes out on a foul tip.,R,R,R,NYY,PIT,S,2,,3,2,2024,-0.61,1.0,-0.48,3.58,,,,1,8,Top,,,,,,,5.9428788955510505,-134.3145247913395,-1.9557263724812377,-8.649062435879936,28.41709600197717,-19.855337125204283,3.4,1.51,,,,93.4,2191,6.9,745692,624431,665828,650402,665862,683011,691176,663757,657077,53.64,,0.0,0.0,1,0,0,,61,6,4-Seam Fastball,2,4,4,2,4,2,4,2,Standard,Standard,211,0.009,-0.332,72.2,6.3,,0.332,,-2,2,0.141,0.859,34,27,35,28,1,3,1,1,8,2,1.67,0.61,0.61,40.6
SL,2024-09-27,87.4,-2.32,5.67,"Kahnle, Tommy",663698,592454,,ball,,,,,14,Joey Bart strikes out on a foul tip.,R,R,R,NYY,PIT,B,,,2,2,2024,0.39,0.56,2.21,-0.5,,,,1,8,Top,,,,,,,10.187331779190986,-126.718886267391,-9.964983989908143,2.265639154481252,24.03756409211231,-24.241256615394544,3.18,1.44,,,,88.4,2289,6.9,745692,624431,665828,650402,665862,683011,691176,663757,657077,53.58,,,,,,,,61,5,Slider,2,4,4,2,4,2,4,2,Standard,Standard,183,0.0,0.108,,,,-0.108,,-2,2,0.141,0.859,34,27,35,28,1,3,1,1,8,2,2.42,-0.39,-0.39,36.9
CH,2024-09-27,93.4,-2.04,5.75,"Kahnle, Tommy",663698,592454,,ball,,,,,14,Joey Bart strikes out on a foul tip.,R,R,R,NYY,PIT,B,,,1,2,2024,-0.63,0.67,1.72,2.09,,,,1,8,Top,,,,,,,11.189664707537135,-135.66367837285628,-5.229829113806418,-10.01664333934329,26.68526078717774,-22.910204633217113,3.36,1.51,,,,94.7,2218,6.9,745692,624431,665828,650402,665862,683011,691176,663757,657077,53.59,,,,,,,,61,4,Changeup,2,4,4,2,4,2,4,2,Standard,Standard,205,0.0,0.043,,,,-0.043,,-2,2,0.141,0.859,34,27,35,28,1,3,1,1,8,2,1.93,0.63,0.63,45.0
CH,2024-09-27,85.7,-2.6,5.57,"Kahnle, Tommy",663698,592454,,foul,,,,,4,Joey Bart strikes out on a foul tip.,R,R,R,NYY,PIT,S,,,1,1,2024,-1.03,0.02,-0.59,2.7,,,,1,8,Top,,,,,,,6.883065386947329,-124.75506569593668,-0.5827595445063506,-12.164041483969758,23.8518632322864,-32.10604711081307,3.4,1.51,137,54.5,39,86.6,1299,6.7,745692,624431,665828,650402,665862,683011,691176,663757,657077,53.76,,,,,,,,61,3,Changeup,2,4,4,2,4,2,4,2,Standard,Standard,259,0.0,-0.061,64.3,5.9,,0.061,88.0,-2,2,0.141,0.859,34,27,35,28,1,3,1,1,8,2,3.07,1.03,1.03,27.4
FF,2024-09-27,94.1,-2.06,5.87,"Kahnle, Tommy",663698,592454,,called_strike,,,,,12,Joey Bart strikes out on a foul tip.,R,R,R,NYY,PIT,S,,,1,0,2024,-0.45,0.98,1.03,2.63,,,,1,8,Top,,,,,,,9.087503460799349,-136.8201601141536,-4.9520824215631025,-7.54284665290267,27.63859247342912,-18.88802646362308,3.3,1.47,,,,95.2,2234,6.8,745692,624431,665828,650402,665862,683011,691176,663757,657077,53.7,,,,,,,,61,2,4-Seam Fastball,2,4,4,2,4,2,4,2,Standard,Standard,209,0.0,-0.051,,,,0.051,,-2,2,0.141,0.859,34,27,35,28,1,3,1,1,8,2,1.58,0.45,0.45,47.2
FF,2024-09-27,94.3,-1.93,5.98,"Kahnle, Tommy",663698,592454,,ball,,,,,12,Joey Bart strikes out on a foul tip.,R,R,R,NYY,PIT,B,,,0,0,2024,-0.43,1.01,1.53,3.1,,,,1,8,Top,,,,,,,10.003080385868351,-137.03141169182098,-4.091841285141869,-7.4810862346978,27.13779839236533,-18.684887804283637,3.03,1.44,,,,95.3,2282,6.7,745692,624431,665828,650402,665862,683011,691176,663757,657077,53.8,,,,,,,,61,1,4-Seam Fastball,2,4,4,2,4,2,4,2,Standard,Standard,201,0.0,0.039,,,,-0.039,,-2,2,0.141,0.859,34,27,35,28,1,3,1,1,8,2,1.54,0.43,0.43,45.6
CH,2024-09-27,85.6,-2.33,5.65,"Kahnle, Tommy",668804,592454,home_run,hit_into_play,,,,,5,Bryan Reynolds homers (24) on a fly ball to center field. Billy Cook scores.,R,L,R,NYY,PIT,X,,fly_ball,1,0,2024,-0.53,0.35,-0.12,2.39,,,695257,1,8,Top,145.59,29.86,,,,,6.332461781850719,-124.51747967835036,-2.159817745140032,-6.702716716216995,23.84069296315523,-28.264599198623547,3.03,1.52,421,106.3,33,86.4,1100,6.7,745692,624431,665828,650402,665862,683011,691176,663757,657077,53.78,0.834,1.695,2.0,1,0,3,6,60,2,Changeup,2,2,2,2,4,2,4,2,Infield shade,Standard,263,-0.356,1.4,75.1,6.9,3.28,-1.4,106.3,0,0,0.497,0.503,34,29,35,29,1,3,1,1,8,1,2.75,0.53,-0.53,32.6
CH,2024-09-27,86.4,-2.41,5.56,"Kahnle, Tommy",668804,592454,,blocked_ball,,,,,14,Bryan Reynolds homers (24) on a fly ball to center field. Billy Cook scores.,R,L,R,NYY,PIT,B,,,0,0,2024,-0.69,0.89,0.59,0.52,,,695257,1,8,Top,,,,,,,8.629952429272413,-125.51567853300249,-7.700783606745402,-8.920217507001006,23.409677266626556,-21.357351156268315,3.1,1.52,,,,87.4,1093,6.8,745692,624431,665828,650402,665862,683011,691176,663757,657077,53.68,,,,,,,,60,1,Changeup,2,2,2,2,2,2,2,2,Infield shade,Standard,258,0.0,0.036,,,,-0.036,,0,0,0.497,0.503,34,29,35,29,1,3,1,1,8,1,2.15,0.69,-0.69,31.1
CH,2024-09-27,86.5,-2.32,5.59,"Kahnle, Tommy",693304,592454,strikeout,foul_tip,,,,,5,Nick Gonzales strikes out on a foul tip.,R,R,R,NYY,PIT,S,2,,0,2,2024,-0.89,0.27,-0.1,2.3,,,695257,0,8,Top,,,,,,,7.161307635496609,-125.90880627006064,-2.261405511436421,-10.829658452799103,23.6885250344766,-29.01204603763088,3.36,1.51,,,,87.6,1062,6.8,745692,624431,665828,650402,665862,683011,691176,663757,657077,53.72,,0.0,0.0,1,0,0,,59,3,Changeup,2,2,2,2,2,2,2,2,Standard,Standard,264,0.065,-0.15,71.4,7.6,,0.15,,0,0,0.432,0.568,34,25,35,25,1,3,1,1,8,1,2.75,0.89,0.89,31.8
FF,2024-09-27,93.6,-1.82,6.04,"Kahnle, Tommy",693304,592454,,swinging_strike,,,,,3,Nick Gonzales strikes out on a foul tip.,R,R,R,NYY,PIT,S,,,0,1,2024,-0.4,1.02,0.6,3.42,,,695257,0,8,Top,,,,,,,7.165486066053218,-136.22223109954382,-3.307650089529239,-6.502664841669318,29.182295835707297,-18.924860414696667,3.36,1.51,,,,94.4,2187,6.7,745692,624431,665828,650402,665862,683011,691176,663757,657077,53.82,,,,,,,,59,2,4-Seam Fastball,2,2,2,2,2,2,2,2,Standard,Standard,204,0.0,-0.048,65.2,5.7,,0.048,,0,0,0.432,0.568,34,25,35,25,1,3,1,1,8,1,1.58,0.4,0.4,47.8
CH,2024-09-27,85.7,-2.39,5.69,"Kahnle, Tommy",693304,592454,,called_strike,,,,,9,Nick Gonzales strikes out on a foul tip.,R,R,R,NYY,PIT,S,,,0,0,2024,-0.82,0.05,0.72,2.08,,,695257,0,8,Top,,,,,,,9.081359744459226,-124.52520136232252,-2.361763555073244,-10.358671181350427,24.479820306826394,-31.395268833119683,3.4,1.55,,,,86.5,1137,6.8,745692,624431,665828,650402,665862,683011,691176,663757,657077,53.68,,,,,,,,59,1,Changeup,2,2,2,2,2,2,2,2,Standard,Standard,256,0.0,-0.042,,,,0.042,,0,0,0.432,0.568,34,25,35,25,1,3,1,1,8,1,3.06,0.82,0.82,31.8
CH,2024-09-27,87.2,-2.32,5.64,"Kahnle, Tommy",695257,592454,single,hit_into_play,,,,,5,Billy Cook singles on a sharp line drive to left fielder Jasson Domínguez.,R,R,R,NYY,PIT,X,7,line_drive,3,2,2024,-1.06,0.26,0.21,2.72,,,,0,8,Top,57.34,112.38,,,,,8.333120350954886,-126.72469331040249,-1.4075217391529122,-13.129771765015876,25.56662705671441,-29.242786557968603,3.56,1.68,173,106.1,9,87.8,1090,6.7,745692,624431,665828,650402,665862,683011,691176,663757,657077,53.77,0.794,0.757,0.9,1,1,0,4,58,8,Changeup,2,2,2,2,2,2,2,2,Standard,Standard,257,-0.068,0.369,75.8,7.8,0.953,-0.369,106.1,0,0,0.5,0.5,34,25,35,25,1,2,1,3,8,1,2.74,1.06,1.06,32.5
FF,2024-09-27,93.3,-1.94,5.94,"Kahnle, Tommy",695257,592454,,foul,,,,,12,Billy Cook singles on a sharp line drive to left fielder Jasson Domínguez.,R,R,R,NYY,PIT,S,,,3,2,2024,-0.36,1.17,1.22,3.09,,,,0,8,Top,,,,,,,9.023850910249294,-135.61136827624614,-4.211279590672483,-6.457098386273562,29.4435468147577,-16.940435076178336,3.56,1.68,228,82.4,56,94.3,2117,6.9,745692,624431,665828,650402,665862,683011,691176,663757,657077,53.61,,,,,,,,58,7,4-Seam Fastball,2,2,2,2,2,2,2,2,Standard,Standard,204,0.0,0.0,70.1,7.0,,0.0,88.0,0,0,0.5,0.5,34,25,35,25,1,2,1,3,8,1,1.45,0.36,0.36,46.9
CH,2024-09-27,84.9,-2.61,5.56,"Kahnle, Tommy",695257,592454,,foul,,,,,4,Billy Cook singles on a sharp line drive to left fielder Jasson Domínguez.,R,R,R,NYY,PIT,S,,,3,2,2024,-0.62,-0.07,-0.62,2.82,,,,0,8,Top,,,,,,,5.947513311232516,-123.58256025802758,0.0550414974825417,-7.548090023347487,24.27204756405524,-33.10829296208662,3.56,1.68,414,108.6,34,85.6,1193,6.7,745692,624431,665828,650402,665862,683011,691176,663757,657077,53.83,,,,,,,,58,6,Changeup,2,2,2,2,2,2,2,2,Standard,Standard,260,0.0,0.0,79.9,8.1,,0.0,108.6,0,0,0.5,0.5,34,25,35,25,1,2,1,3,8,1,3.23,0.62,0.62,31.2
CH,2024-09-27,87.4,-2.17,5.73,"Kahnle, Tommy",695257,592454,,ball,,,,,14,Billy Cook singles on a sharp line drive to left fielder Jasson Domínguez.,R,R,R,NYY,PIT,B,,,2,2,2024,-0.88,0.31,1.61,2.37,,,,0,8,Top,,,,,,,11.01424627275274,-126.79752685272788,-2.603282812751271,-11.681682797389502,25.269257042583146,-28.431833327260147,3.49,1.72,,,,88.2,1252,6.9,745692,624431,665828,650402,665862,683011,691176,663757,657077,53.62,,,,,,,,58,5,Changeup,2,2,2,2,2,2,2,2,Standard,Standard,253,0.0,0.107,,,,-0.107,,0,0,0.5,0.5,34,25,35,25,1,2,1,3,8,1,2.68,0.88,0.88,38.2
CH,2024-09-27,87.5,-2.15,5.66,"Kahnle, Tommy",695257,592454,,ball,,,,,14,Billy Cook singles on a sharp line drive to left fielder Jasson Domínguez.,R,R,R,NYY,PIT,B,,,1,2,2024,-0.89,-0.1,2.73,0.64,,,,0,8,Top,,,,,,,13.713821183497508,-126.63501899352264,-5.752633104357098,-12.39313866033113,26.01179598984635,-32.201353265957636,3.44,1.64,,,,88.0,1291,6.9,745692,624431,665828,650402,665862,683011,691176,663757,657077,53.56,,,,,,,,58,4,Changeup,2,2,2,2,2,2,2,2,Standard,Standard,254,0.0,0.04,,,,-0.04,,0,0,0.5,0.5,34,25,35,25,1,2,1,3,8,1,3.11,0.89,0.89,34.4
CH,2024-09-27,87.7,-2.03,5.76,"Kahnle, Tommy",695257,592454,,ball,,,,,14,Billy Cook singles on a sharp line drive to left fielder Jasson Domínguez.,R,R,R,NYY,PIT,B,,,0,2,2024,-1.17,0.25,2.12,0.75,,,,0,8,Top,,,,,,,12.509498707414188,-126.95730554954152,-6.444598491220949,-15.28142596846942,27.86739803079375,-28.126637344423063,3.49,1.72,,,,87.8,1270,6.8,745692,624431,665828,650402,665862,683011,691176,663757,657077,53.68,,,,,,,,58,3,Changeup,2,2,2,2,2,2,2,2,Standard,Standard,248,0.0,0.023,,,,-0.023,,0,0,0.5,0.5,34,25,35,25,1,2,1,3,8,1,2.76,1.17,1.17,38.4
CH,2024-09-27,86.2,-2.45,5.66,"Kahnle, Tommy",695257,592454,,foul,,,,,11,Billy Cook singles on a sharp line drive to left fielder Jasson Domínguez.,R,R,R,NYY,PIT,S,,,0,1,2024,-0.81,-0.1,-1.04,3.28,,,,0,8,Top,,,,,,,5.038533166496686,-125.54513936763034,0.7775921166255739,-9.538448946268256,24.35039609303979,-33.64724501755917,3.56,1.68,,,,87.1,1111,6.7,745692,624431,665828,650402,665862,683011,691176,663757,657077,53.77,,,,,,,,58,2,Changeup,2,2,2,2,2,2,2,2,Standard,Standard,253,0.0,-0.054,75.0,7.5,,0.054,,0,0,0.5,0.5,34,25,35,25,1,2,1,3,8,1,3.16,0.81,0.81,32.1
CH,2024-09-27,86.4,-2.41,5.69,"Kahnle, Tommy",695257,592454,,called_strike,,,,,6,Billy Cook singles on a sharp line drive to left fielder Jasson Domínguez.,R,R,R,NYY,PIT,S,,,0,0,2024,-0.93,-0.14,0.48,2.73,,,,0,8,Top,,,,,,,8.847803468132954,-125.6514925583506,-0.5560162238325037,-11.644421227869268,24.38900530812432,-33.75638769884513,3.45,1.68,,,,87.0,1147,6.6,745692,624431,665828,650402,665862,683011,691176,663757,657077,53.87,,,,,,,,58,1,Changeup,2,2,2,2,2,2,2,2,Standard,Standard,253,0.0,-0.037,,,,0.037,,0,0,0.5,0.5,34,25,35,25,1,2,1,3,8,1,3.19,0.93,0.93,32.1
CH,2024-09-26,87.3,-2.07,5.79,"Kahnle, Tommy",656775,592454,single,hit_into_play,,,,,11,"Cedric Mullins singles on a line drive to center fielder Aaron Judge, deflected by pitcher Tommy Kahnle.",R,L,R,NYY,BAL,X,1,line_drive,1,2,2024,-0.9,0.39,-0.88,2.64,,,,1,8,Top,110.24,87.84,,,,,4.766813665086059,-127.12591423822012,-2.26314232504029,-10.723250245722852,25.14579888702155,-27.727263401369314,3.4,1.6,111,102.8,5,88.3,1069,6.8,745691,669224,519203,650402,665862,683011,657077,592450,665742,53.71,0.6,0.545,0.9,1,1,0,4,58,9,Changeup,9,0,0,9,0,9,0,9,Infield shade,Standard,245,-0.001,0.495,69.2,7.2,0.656,-0.495,102.8,9,-9,1.0,0.0,34,29,35,30,1,2,2,1,1,1,2.59,0.9,-0.9,38.8
SI,2024-09-26,94.2,-2.21,5.61,"Kahnle, Tommy",656775,592454,,foul,,,,,11,"Cedric Mullins singles on a line drive to center fielder Aaron Judge, deflected by pitcher Tommy Kahnle.",R,L,R,NYY,BAL,S,,,1,2,2024,-1.26,0.97,-1.05,3.36,,,,1,8,Top,,,,,,,5.881263806349651,-136.98888835171027,-2.274533405781413,-17.12837172398474,31.731117788311725,-19.69272580886009,3.4,1.6,249,75.5,34,94.8,2027,6.8,745691,669224,519203,650402,665862,683011,657077,592450,665742,53.71,,,,,,,,58,8,Sinker,9,0,0,9,0,9,0,9,Infield shade,Standard,220,0.0,0.0,66.4,7.2,,0.0,88.0,9,-9,1.0,0.0,34,29,35,30,1,2,2,1,1,1,1.61,1.26,-1.26,31.8
FF,2024-09-26,92.6,-1.78,6.0,"Kahnle, Tommy",656775,592454,,foul,,,,,2,"Cedric Mullins singles on a line drive to center fielder Aaron Judge, deflected by pitcher Tommy Kahnle.",R,L,R,NYY,BAL,S,,,1,2,2024,-0.51,1.18,0.08,3.23,,,,1,8,Top,,,,,,,5.920490662733499,-134.6033948997334,-3.803933235176217,-7.59362137733544,31.86405541995056,-17.22565613278156,3.4,1.6,137,75.4,11,93.0,2107,6.8,745691,669224,519203,650402,665862,683011,657077,592450,665742,53.69,,,,,,,,58,7,4-Seam Fastball,9,0,0,9,0,9,0,9,Infield shade,Standard,202,0.0,0.0,66.3,6.3,,0.0,88.0,9,-9,1.0,0.0,34,29,35,30,1,2,2,1,1,1,1.5,0.51,-0.51,48.1
CH,2024-09-26,87.5,-2.39,5.58,"Kahnle, Tommy",656775,592454,,foul,,,,,13,"Cedric Mullins singles on a line drive to center fielder Aaron Judge, deflected by pitcher Tommy Kahnle.",R,L,R,NYY,BAL,S,,,1,2,2024,-0.98,-0.07,-0.38,1.37,,,,1,8,Top,,,,,,,6.963772504234803,-127.21029848066696,-3.893107936618981,-12.084707034687844,25.68338445999834,-32.32805184075777,3.4,1.6,2,82.9,-34,88.4,1257,6.9,745691,669224,519203,650402,665862,683011,657077,592450,665742,53.64,,,,,,,,58,6,Changeup,9,0,0,9,0,9,0,9,Infield shade,Standard,252,0.0,0.0,70.3,8.0,,0.0,88.0,9,-9,1.0,0.0,34,29,35,30,1,2,2,1,1,1,3.05,0.98,-0.98,32.9
SI,2024-09-26,93.0,-2.09,5.83,"Kahnle, Tommy",656775,592454,,ball,,,,,11,"Cedric Mullins singles on a line drive to center fielder Aaron Judge, deflected by pitcher Tommy Kahnle.",R,L,R,NYY,BAL,B,,,0,2,2024,-1.27,0.92,-1.89,4.56,,,,1,8,Top,,,,,,,3.316361782976911,-135.47667023246467,0.5169002338956269,-16.33653869410234,30.023575002480115,-21.171330393071088,3.26,1.46,,,,93.8,2060,6.8,745691,669224,519203,650402,665862,683011,657077,592450,665742,53.74,,,,,,,,58,5,Sinker,9,0,0,9,0,9,0,9,Infield shade,Standard,219,0.0,0.02,,,,-0.02,,9,-9,1.0,0.0,34,29,35,30,1,2,2,1,1,1,1.71,1.27,-1.27,36.1
CH,2024-09-26,87.5,-2.27,5.64,"Kahnle, Tommy",656775,592454,,foul,,,,,5,"Cedric Mullins singles on a line drive to center fielder Aaron Judge, deflected by pitcher Tommy Kahnle.",R,L,R,NYY,BAL,S,,,0,2,2024,-0.85,0.14,0.04,2.75,,,,1,8,Top,,,,,,,7.399828353718336,-127.27131433379944,-1.102974835086195,-10.710345571767494,26.024301412105647,-30.67140426505321,3.4,1.6,12,90.3,-12,88.4,1173,6.9,745691,669224,519203,650402,665862,683011,657077,592450,665742,53.62,,,,,,,,58,4,Changeup,9,0,0,9,0,9,0,9,Infield shade,Standard,252,0.0,0.0,73.2,8.0,,0.0,90.3,9,-9,1.0,0.0,34,29,35,30,1,2,2,1,1,1,2.84,0.85,-0.85,34.6
CH,2024-09-26,87.9,-2.25,5.72,"Kahnle, Tommy",656775,592454,,foul,,,,,4,"Cedric Mullins singles on a line drive to center fielder Aaron Judge, deflected by pitcher Tommy Kahnle.",R,L,R,NYY,BAL,S,,,0,2,2024,-0.97,0.0,-0.45,2.33,,,,1,8,Top,,,,,,,6.482572164316113,-127.923324076982,-2.115699121156342,-12.041061237154464,26.747660737885855,-31.970719447889785,3.4,1.6,,,,89.1,1145,7.0,745691,669224,519203,650402,665862,683011,657077,592450,665742,53.48,,,,,,,,58,3,Changeup,9,0,0,9,0,9,0,9,Infield shade,Standard,249,0.0,0.0,68.4,8.3,,0.0,,9,-9,1.0,0.0,34,29,35,30,1,2,2,1,1,1,2.96,0.97,-0.97,38.5
CH,2024-09-26,87.1,-2.38,5.74,"Kahnle, Tommy",656775,592454,,foul,,,,,4,"Cedric Mullins singles on a line drive to center fielder Aaron Judge, deflected by pitcher Tommy Kahnle.",R,L,R,NYY,BAL,S,,,0,1,2024,-1.02,0.03,-0.75,2.69,,,,1,8,Top,,,,,,,6.062393108262072,-126.69095271468872,-1.169239293131085,-12.220960992722064,27.67352502995124,-31.86350518954093,3.4,1.6,,,,87.6,1114,6.8,745691,669224,519203,650402,665862,683011,657077,592450,665742,53.74,,,,,,,,58,2,Changeup,9,0,0,9,0,9,0,9,Infield shade,Standard,251,0.0,-0.057,71.1,8.0,,0.057,,9,-9,1.0,0.0,34,29,35,30,1,2,2,1,1,1,3.0,1.02,-1.02,33.8
SI,2024-09-26,93.0,-2.14,5.81,"Kahnle, Tommy",656775,592454,,swinging_strike,,,,,1,"Cedric Mullins singles on a line drive to center fielder Aaron Judge, deflected by pitcher Tommy Kahnle.",R,L,R,NYY,BAL,S,,,0,0,2024,-1.3,1.08,-0.5,3.35,,,,1,8,Top,,,,,,,7.130352939575159,-135.25077975335148,-2.867413599473373,-17.550767729563013,31.275700748773165,-18.581788795693324,3.4,1.6,,,,93.7,2001,6.8,745691,669224,519203,650402,665862,683011,657077,592450,665742,53.66,,,,,,,,58,1,Sinker,9,0,0,9,0,9,0,9,Infield shade,Standard,219,0.0,-0.037,69.8,6.8,,0.037,,9,-9,1.0,0.0,34,29,35,30,1,2,2,1,1,1,1.58,1.3,-1.3,37.5
CH,2024-09-26,86.5,-2.29,5.63,"Kahnle, Tommy",656896,592454,strikeout,swinging_strike_blocked,,,,,14,Emmanuel Rivera strikes out swinging.,R,R,R,NYY,BAL,S,2,,3,2,2024,-1.15,-0.02,0.02,0.66,,,,0,8,Top,,,,,,,7.944014790282328,-125.64497365839146,-5.607810531931911,-13.842906971252564,27.168128767014615,-31.33501214683515,3.39,1.63,,,,87.0,1342,6.9,745691,669224,519203,650402,665862,683011,657077,592450,665742,53.61,,0.0,0.0,1,0,0,,57,6,Changeup,9,0,0,9,0,9,0,9,Standard,Standard,252,0.001,-0.333,71.5,8.5,,0.333,,9,-9,0.999,0.001,34,28,35,28,1,0,2,4,1,1,3.09,1.15,1.15,31.5
CH,2024-09-26,86.9,-2.29,5.65,"Kahnle, Tommy",656896,592454,,ball,,,,,14,Emmanuel Rivera strikes out swinging.,R,R,R,NYY,BAL,B,,,2,2,2024,-1.16,0.11,1.49,1.65,,,,0,8,Top,,,,,,,11.504029233912169,-125.9139516265334,-3.5599711455748784,-14.775427909301431,27.27183067890616,-30.39106348555465,3.06,1.41,,,,87.2,1321,6.8,745691,669224,519203,650402,665862,683011,657077,592450,665742,53.67,,,,,,,,57,5,Changeup,9,0,0,9,0,9,0,9,Standard,Standard,249,0.0,0.107,,,,-0.107,,9,-9,0.999,0.001,34,28,35,28,1,0,2,4,1,1,2.95,1.16,1.16,38.5
CH,2024-09-26,87.5,-1.87,5.77,"Kahnle, Tommy",656896,592454,,ball,,,,,13,Emmanuel Rivera strikes out swinging.,R,R,R,NYY,BAL,B,,,1,2,2024,-1.17,0.35,-2.01,1.84,,,,0,8,Top,,,,,,,2.1181925183681347,-127.3629983395818,-4.078590194241816,-13.188636090554096,27.971123099587697,-27.667877582442827,3.24,1.52,,,,88.0,1336,6.8,745691,669224,519203,650402,665862,683011,657077,592450,665742,53.74,,,,,,,,57,4,Changeup,9,0,0,9,0,9,0,9,Standard,Standard,242,0.0,0.04,,,,-0.04,,9,-9,0.999,0.001,34,28,35,28,1,0,2,4,1,1,2.64,1.17,1.17,37.5
SL,2024-09-26,84.5,-1.54,5.98,"Kahnle, Tommy",656896,592454,,swinging_strike,,,,,2,Emmanuel Rivera strikes out swinging.,R,R,R,NYY,BAL,S,,,1,1,2024,0.57,0.17,0.12,3.4,,,,0,8,Top,,,,,,,2.7359137299801737,-123.09851542865732,-0.02117425689744,5.339229233593992,23.47426201352995,-30.638455709619933,3.39,1.63,,,,85.2,2349,6.6,745691,669224,519203,650402,665862,683011,657077,592450,665742,53.91,,,,,,,,57,3,Slider,9,0,0,9,0,9,0,9,Standard,Standard,126,0.0,-0.056,28.5,4.7,,0.056,,9,-9,0.999,0.001,34,28,35,28,1,0,2,4,1,1,3.0,-0.57,-0.57,43.2
CH,2024-09-26,85.7,-1.72,6.0,"Kahnle, Tommy",656896,592454,,ball,,,,,11,Emmanuel Rivera strikes out swinging.,R,R,R,NYY,BAL,B,,,0,1,2024,0.05,0.39,-0.68,5.51,,,,0,8,Top,,,,,,,2.3893441917179477,-124.732664445827,4.341226110759232,0.0476002943737078,24.12877916797454,-29.119195689126578,3.44,1.62,,,,86.6,2310,6.8,745691,669224,519203,650402,665862,683011,657077,592450,665742,53.73,,,,,,,,57,2,Changeup,9,0,0,9,0,9,0,9,Standard,Standard,155,0.0,0.025,,,,-0.025,,9,-9,0.999,0.001,34,28,35,28,1,0,2,4,1,1,2.7,-0.05,-0.05,42.0
CH,2024-09-26,87.6,-1.78,5.82,"Kahnle, Tommy",656896,592454,,called_strike,,,,,6,Emmanuel Rivera strikes out swinging.,R,R,R,NYY,BAL,S,,,0,0,2024,-1.16,-0.02,0.44,2.78,,,,0,8,Top,,,,,,,7.850891539686935,-127.3731982180704,-1.1060079450214568,-14.32369623403835,27.77481789139088,-32.39210598000296,3.37,1.54,,,,88.1,1199,6.8,745691,669224,519203,650402,665862,683011,657077,592450,665742,53.73,,,,,,,,57,1,Changeup,9,0,0,9,0,9,0,9,Standard,Standard,250,0.0,-0.037,,,,0.037,,9,-9,0.999,0.001,34,28,35,28,1,0,2,4,1,1,3.01,1.16,1.16,35.3
CH,2024-09-26,86.3,-2.29,5.66,"Kahnle, Tommy",656811,592454,field_out,hit_into_play,,,,,5,"Ryan O'Hearn grounds out, second baseman Gleyber Torres to first baseman Anthony Rizzo.",R,L,R,NYY,BAL,X,4,ground_ball,1,0,2024,-1.01,-0.4,-0.04,2.63,,,,2,7,Top,141.06,166.44,,,,,7.4970919401385565,-125.3214010241242,-0.0363162165702044,-12.28866367763751,28.27330903684103,-36.62382557453346,3.43,1.63,3,62.8,-44,86.8,1210,7.0,745691,669224,519203,650402,665862,683011,657077,592450,665742,53.54,0.209,0.214,0.0,1,0,0,2,51,2,Changeup,7,0,0,7,0,7,0,7,Strategic,Standard,253,0.0,-0.295,69.7,7.9,0.209,0.295,88.0,7,-7,0.997,0.003,34,30,35,31,1,2,2,1,1,1,3.51,1.01,-1.01,34.6
CH,2024-09-26,87.1,-2.41,5.65,"Kahnle, Tommy",656811,592454,,ball,,,,,13,"Ryan O'Hearn grounds out, second baseman Gleyber Torres to first baseman Anthony Rizzo.",R,L,R,NYY,BAL,B,,,0,0,2024,-1.07,-0.06,-0.91,2.39,,,,2,7,Top,,,,,,,5.845462654981081,-126.71221553768952,-1.5329856230246834,-12.693131955724258,26.26134242526725,-32.74923514305811,3.29,1.54,,,,87.8,1218,6.8,745691,669224,519203,650402,665862,683011,657077,592450,665742,53.72,,,,,,,,51,1,Changeup,7,0,0,7,0,7,0,7,Strategic,Standard,258,0.0,0.04,,,,-0.04,,7,-7,0.997,0.003,34,30,35,31,1,2,2,1,1,1,3.07,1.07,-1.07,32.0
CH,2024-09-24,85.8,-2.24,5.65,"Kahnle, Tommy",668939,592454,field_out,hit_into_play,,,,,13,Adley Rutschman lines out to third baseman Jazz Chisholm Jr.,R,L,R,NYY,BAL,X,5,line_drive,2,2,2024,-1.13,0.02,-1.53,2.52,,,683002,2,9,Top,104.5,140.23,,,,,4.0047715868893015,-124.92207737464084,-1.179459009612855,-12.680681320360677,26.38251509188012,-31.93276988910888,3.4,1.64,161,74.5,13,86.3,1303,6.7,745688,669224,519203,650402,665862,683011,657077,592450,665742,53.84,0.397,0.357,0.0,1,0,0,4,70,5,Changeup,3,5,5,3,5,3,5,3,Infield shade,Standard,257,0.008,-0.234,62.7,6.4,0.397,0.234,88.0,-2,2,0.079,0.921,34,26,35,26,1,4,6,2,2,2,3.08,1.13,-1.13,35.1
CH,2024-09-24,87.4,-2.33,5.52,"Kahnle, Tommy",668939,592454,,swinging_strike,,,,,9,Adley Rutschman lines out to third baseman Jazz Chisholm Jr.,R,L,R,NYY,BAL,S,,,2,1,2024,-1.06,0.16,0.36,1.89,,,683002,2,9,Top,,,,,,,8.689078065528092,-126.95540517058788,-2.8849791962684583,-13.339663933526314,27.668254293804942,-29.97775657229601,3.4,1.64,,,,87.4,1336,6.5,745688,669224,519203,650402,665862,683011,657077,592450,665742,53.96,,,,,,,,70,4,Changeup,3,5,5,3,5,3,5,3,Infield shade,Standard,251,0.0,-0.072,71.1,8.0,,0.072,,-2,2,0.079,0.921,34,26,35,26,1,4,6,2,2,2,2.85,1.06,-1.06,30.9
CH,2024-09-24,86.1,-2.18,5.6,"Kahnle, Tommy",668939,592454,,ball,,,,,13,Adley Rutschman lines out to third baseman Jazz Chisholm Jr.,R,L,R,NYY,BAL,B,,,1,1,2024,-1.23,0.02,-1.92,2.28,,,683002,2,9,Top,,,,,,,3.142285352178228,-125.40238334327428,-1.6443955141922435,-13.640202878324876,26.918852884011088,-31.880951542187667,3.54,1.69,,,,86.3,1319,6.5,745688,669224,519203,650402,665862,683011,657077,592450,665742,53.99,,,,,,,,70,3,Changeup,3,5,5,3,5,3,5,3,Infield shade,Standard,256,0.0,0.05,,,,-0.05,,-2,2,0.079,0.921,34,26,35,26,1,4,6,2,2,2,3.07,1.23,-1.23,31.4
CH,2024-09-24,87.5,-2.19,5.63,"Kahnle, Tommy",668939,592454,,ball,,,,,13,Adley Rutschman lines out to third baseman Jazz Chisholm Jr.,R,L,R,NYY,BAL,B,,,0,1,2024,-1.07,0.29,-1.16,1.05,,,683002,2,9,Top,,,,,,,4.710071248939542,-127.269974614721,-5.5113005992664625,-12.590480410315118,27.51234571745376,-28.007244280052525,3.54,1.65,,,,87.6,1363,6.5,745688,669224,519203,650402,665862,683011,657077,592450,665742,54.0,,,,,,,,70,2,Changeup,3,5,5,3,5,3,5,3,Infield shade,Standard,254,0.0,0.032,,,,-0.032,,-2,2,0.079,0.921,34,26,35,26,1,4,6,2,2,2,2.7,1.07,-1.07,30.8
CH,2024-09-24,87.3,-2.29,5.7,"Kahnle, Tommy",668939,592454,,called_strike,,,,,5,Adley Rutschman lines out to third baseman Jazz Chisholm Jr.,R,L,R,NYY,BAL,S,,,0,0,2024,-0.96,0.12,0.05,2.82,,,683002,2,9,Top,,,,,,,7.627575143523422,-126.9932402715667,-1.023124575185836,-11.937976105061724,25.41089905663965,-30.82711345147072,3.4,1.64,,,,87.7,1246,6.5,745688,669224,519203,650402,665862,683011,657077,592450,665742,54.01,,,,,,,,70,1,Changeup,3,5,5,3,5,3,5,3,Infield shade,Standard,253,0.0,-0.047,,,,0.047,,-2,2,0.079,0.921,34,26,35,26,1,4,6,2,2,2,2.86,0.96,-0.96,30.0
SI,2024-09-24,94.4,-2.21,5.77,"Kahnle, Tommy",683002,592454,walk,ball,,,,,13,Gunnar Henderson walks.,R,L,R,NYY,BAL,B,,,3,2,2024,-1.47,0.85,-0.92,2.72,,,,2,9,Top,,,,,,,6.687628758985821,-137.38309312899642,-4.162935384221795,-20.06484922248299,30.17485668004337,-20.6933274842021,3.72,1.79,,,,95.1,2026,6.7,745688,669224,519203,650402,665862,683011,657077,592450,665742,53.84,,0.689131,0.7,1,0,0,,69,7,Sinker,3,5,5,3,5,3,5,3,Infield shade,Standard,219,-0.005,0.267,,,,-0.267,,-2,2,0.084,0.916,34,23,35,23,1,4,6,2,2,1,1.71,1.47,-1.47,36.3
CH,2024-09-24,87.8,-1.82,5.68,"Kahnle, Tommy",683002,592454,,foul,,,,,14,Gunnar Henderson walks.,R,L,R,NYY,BAL,S,,,3,2,2024,-1.15,0.07,0.84,2.41,,,,2,9,Top,,,,,,,8.860289500622246,-127.59894873252009,-1.9081415410389664,-14.367201686397276,26.927359561455532,-31.257175010214812,3.64,1.74,291,109.6,17,88.1,1223,6.6,745688,669224,519203,650402,665862,683011,657077,592450,665742,53.9,,,,,,,,69,6,Changeup,3,5,5,3,5,3,5,3,Infield shade,Standard,253,0.0,0.0,78.7,7.6,,0.0,109.6,-2,2,0.084,0.916,34,23,35,23,1,4,6,2,2,1,2.9,1.15,-1.15,37.3
CH,2024-09-24,87.0,-2.09,5.77,"Kahnle, Tommy",683002,592454,,ball,,,,,11,Gunnar Henderson walks.,R,L,R,NYY,BAL,B,,,2,2,2024,-0.97,0.0,-1.0,3.87,,,,2,9,Top,,,,,,,4.6179789586143976,-126.75368033726612,1.5719937377797677,-11.434483279246772,24.10001900328488,-32.72297241918202,3.75,1.71,,,,87.5,1188,6.4,745688,669224,519203,650402,665862,683011,657077,592450,665742,54.13,,,,,,,,69,5,Changeup,3,5,5,3,5,3,5,3,Infield shade,Standard,256,0.0,0.106,,,,-0.106,,-2,2,0.084,0.916,34,23,35,23,1,4,6,2,2,1,2.99,0.97,-0.97,36.5
CH,2024-09-24,87.0,-2.34,5.59,"Kahnle, Tommy",683002,592454,,foul,,,,,6,Gunnar Henderson walks.,R,L,R,NYY,BAL,S,,,2,1,2024,-1.2,0.15,0.57,2.36,,,,2,9,Top,,,,,,,9.466242214499598,-126.1918629661468,-1.7717231906093716,-14.875686702870093,29.105362538955653,-30.38948898907497,3.64,1.74,288,105.2,18,86.8,1247,6.7,745688,669224,519203,650402,665862,683011,657077,592450,665742,53.83,,,,,,,,69,4,Changeup,3,5,5,3,5,3,5,3,Infield shade,Standard,257,0.0,-0.084,80.2,7.6,,0.084,105.2,-2,2,0.084,0.916,34,23,35,23,1,4,6,2,2,1,2.91,1.2,-1.2,30.3
CH,2024-09-24,86.3,-2.43,5.52,"Kahnle, Tommy",683002,592454,,ball,,,,,13,Gunnar Henderson walks.,R,L,R,NYY,BAL,B,,,1,1,2024,-1.17,-0.14,-1.32,0.99,,,,2,9,Top,,,,,,,5.037174664795101,-125.39150457291802,-4.1563680913682886,-13.3750503776265,29.897463556680663,-32.89064083598186,3.71,1.82,,,,86.0,1280,6.6,745688,669224,519203,650402,665862,683011,657077,592450,665742,53.91,,,,,,,,69,3,Changeup,3,5,5,3,5,3,5,3,Infield shade,Standard,258,0.0,0.058,,,,-0.058,,-2,2,0.084,0.916,34,23,35,23,1,4,6,2,2,1,3.26,1.17,-1.17,25.8
CH,2024-09-24,86.8,-2.35,5.6,"Kahnle, Tommy",683002,592454,,called_strike,,,,,4,Gunnar Henderson walks.,R,L,R,NYY,BAL,S,,,1,0,2024,-1.21,-0.04,-0.28,2.92,,,,2,9,Top,,,,,,,7.456106856857983,-126.26866966358016,-0.1544621439924007,-14.472770677414164,25.226692035826872,-32.75013637191951,3.68,1.71,,,,87.3,1402,6.6,745688,669224,519203,650402,665862,683011,657077,592450,665742,53.94,,,,,,,,69,2,Changeup,3,5,5,3,5,3,5,3,Infield shade,Standard,259,0.0,-0.051,,,,0.051,,-2,2,0.084,0.916,34,23,35,23,1,4,6,2,2,1,3.06,1.21,-1.21,28.3
CH,2024-09-24,85.8,-2.6,5.52,"Kahnle, Tommy",683002,592454,,ball,,,,,11,Gunnar Henderson walks.,R,L,R,NYY,BAL,B,,,0,0,2024,-1.07,-0.03,-2.59,2.97,,,,2,9,Top,,,,,,,2.221493013708245,-124.9515895845743,0.3355360642528693,-11.616959065087446,27.868070441410325,-32.74878718661985,3.64,1.5,,,,85.7,1305,6.4,745688,669224,519203,650402,665862,683011,657077,592450,665742,54.05,,,,,,,,69,1,Changeup,3,5,5,3,5,3,5,3,Infield shade,Standard,267,0.0,0.04,,,,-0.04,,-2,2,0.084,0.916,34,23,35,23,1,4,6,2,2,1,3.14,1.07,-1.07,27.1
CH,2024-09-24,85.8,-2.24,5.66,"Kahnle, Tommy",656775,592454,field_out,hit_into_play,,,,,5,Cedric Mullins flies out sharply to right fielder Juan Soto.,R,L,R,NYY,BAL,X,9,fly_ball,0,1,2024,-1.21,-0.06,-0.15,2.32,,,,1,9,Top,186.51,75.72,,,,,7.450156694824235,-124.75319002619392,-1.4797321315675005,-14.191704395498872,26.061246583919853,-32.74311210713405,3.37,1.58,339,101.4,40,86.1,1462,6.6,745688,669224,519203,650402,665862,683011,657077,592450,665742,53.86,0.166,0.304,0.0,1,0,0,5,68,2,Changeup,3,5,5,3,5,3,5,3,Standard,Standard,258,0.006,-0.219,70.0,7.9,0.591,0.219,101.4,-2,2,0.078,0.922,34,29,35,30,1,3,6,2,2,1,3.17,1.21,-1.21,30.1
SI,2024-09-24,91.4,-2.28,5.66,"Kahnle, Tommy",656775,592454,,called_strike,,,,,9,Cedric Mullins flies out sharply to right fielder Juan Soto.,R,L,R,NYY,BAL,S,,,0,0,2024,-1.39,0.92,0.49,2.14,,,,1,9,Top,,,,,,,9.96950736508932,-132.58664239564007,-4.915163856621518,-18.643227108622117,30.147033110971677,-20.424541044283803,3.58,1.72,,,,91.1,2070,6.4,745688,669224,519203,650402,665862,683011,657077,592450,665742,54.07,,,,,,,,68,1,Sinker,3,5,5,3,5,3,5,3,Standard,Standard,227,0.0,-0.037,,,,0.037,,-2,2,0.078,0.922,34,29,35,30,1,3,6,2,2,1,1.84,1.39,-1.39,32.1
CH,2024-09-18,87.1,-2.41,5.65,"Kahnle, Tommy",668942,592454,field_out,hit_into_play,,,,,13,"Josh Rojas grounds out, shortstop Anthony Volpe to first baseman Anthony Rizzo.   J.P. Crawford to 2nd.",R,L,R,SEA,NYY,X,6,ground_ball,0,1,2024,-1.34,0.46,-1.15,2.34,,,641487,1,7,Bot,115.05,155.59,,,,,5.815196117490448,-126.67625412176538,-2.740417846392445,-15.602971221932933,25.832054335175243,-26.838214123356423,3.48,1.6,4,63.2,-32,87.5,1466,6.6,745199,669224,519203,650402,665862,683011,657077,691176,665742,53.94,0.077,0.067,0.0,1,0,0,2,53,2,Changeup,0,1,0,1,1,0,0,1,Standard,Standard,245,-0.038,-0.273,66.6,7.6,0.079,0.273,88.0,-1,-1,0.36,0.36,34,30,35,30,1,0,3,1,6,1,2.54,1.34,-1.34,33.9
CH,2024-09-18,86.8,-2.18,5.73,"Kahnle, Tommy",668942,592454,,called_strike,,,,,9,"Josh Rojas grounds out, shortstop Anthony Volpe to first baseman Anthony Rizzo.   J.P. Crawford to 2nd.",R,L,R,SEA,NYY,S,,,0,0,2024,-1.31,0.57,0.5,1.61,,,641487,1,7,Bot,,,,,,,9.140576936950495,-125.96926676369053,-4.826727583342392,-15.864120181694606,25.7621550596676,-25.27013720241269,3.34,1.42,,,,87.0,1519,6.6,745199,669224,519203,650402,665862,683011,657077,691176,665742,53.93,,,,,,,,53,1,Changeup,0,1,0,1,1,0,0,1,Standard,Standard,251,0.0,-0.04,,,,0.04,,-1,-1,0.36,0.36,34,30,35,30,1,0,3,1,6,1,2.47,1.31,-1.31,33.2
CH,2024-09-18,88.1,-2.39,5.59,"Kahnle, Tommy",571745,592454,strikeout,swinging_strike,,,,,8,Mitch Haniger strikes out swinging.,R,R,R,SEA,NYY,S,2,,1,2,2024,-1.08,0.4,0.19,1.93,,,641487,0,7,Bot,,,,,,,8.53453444103061,-128.04682748817123,-3.639192764173175,-13.604915853905982,26.091598660396382,-27.17769889289344,3.43,1.6,,,,88.5,1386,6.6,745199,669224,519203,650402,665862,683011,657077,691176,665742,53.9,,0.0,0.0,1,0,0,,52,4,Changeup,0,1,0,1,1,0,0,1,Standard,Standard,248,-0.071,-0.184,77.0,7.9,,0.184,,-1,-1,0.431,0.431,34,33,35,34,1,2,3,3,6,3,2.54,1.08,1.08,32.3
CH,2024-09-18,87.6,-2.49,5.66,"Kahnle, Tommy",571745,592454,,swinging_strike,,,,,14,Mitch Haniger strikes out swinging.,R,R,R,SEA,NYY,S,,,1,1,2024,-1.13,0.1,0.88,1.64,,,641487,0,7,Bot,,,,,,,10.476667709218615,-127.1380817073295,-3.789198709024779,-14.367720057448564,24.914137884891616,-30.515632072769304,3.43,1.6,,,,87.9,1258,6.5,745199,669224,519203,650402,665862,683011,657077,691176,665742,53.96,,,,,,,,52,3,Changeup,0,1,0,1,1,0,0,1,Standard,Standard,253,0.0,-0.049,71.1,8.1,,0.049,,-1,-1,0.431,0.431,34,33,35,34,1,2,3,3,6,3,2.88,1.13,1.13,30.7
CH,2024-09-18,86.4,-2.24,5.69,"Kahnle, Tommy",571745,592454,,called_strike,,,,,9,Mitch Haniger strikes out swinging.,R,R,R,SEA,NYY,S,,,1,0,2024,-1.14,0.1,0.63,1.9,,,641487,0,7,Bot,,,,,,,9.154677021631077,-125.59425896640076,-3.0348306166815093,-13.873050100157242,24.839570668842565,-30.671151918679826,3.11,1.45,,,,86.6,1221,6.4,745199,669224,519203,650402,665862,683011,657077,691176,665742,54.06,,,,,,,,52,2,Changeup,0,1,0,1,1,0,0,1,Standard,Standard,256,0.0,-0.049,,,,0.049,,-1,-1,0.431,0.431,34,33,35,34,1,2,3,3,6,3,2.95,1.14,1.14,30.0
CH,2024-09-18,87.7,-1.82,5.69,"Kahnle, Tommy",571745,592454,,ball,,,,,14,Mitch Haniger strikes out swinging.,R,R,R,SEA,NYY,B,,,0,0,2024,-1.27,0.51,1.09,1.08,,,641487,0,7,Bot,,,,,,,9.71897265973274,-127.3433052444374,-6.072707049226631,-15.806926294438464,25.43772327238672,-25.55669466016927,3.15,1.53,,,,88.2,1441,6.7,745199,669224,519203,650402,665862,683011,657077,691176,665742,53.84,,,,,,,,52,1,Changeup,0,1,0,1,1,0,0,1,Standard,Standard,242,0.0,0.042,,,,-0.042,,-1,-1,0.431,0.431,34,33,35,34,1,2,3,3,6,3,2.46,1.27,1.27,34.3
FF,2024-09-18,93.3,-2.18,5.86,"Kahnle, Tommy",641487,592454,walk,ball,,,,,12,J.P. Crawford walks.,R,L,R,SEA,NYY,B,,,3,0,2024,-0.64,1.47,1.37,2.72,,,,0,7,Bot,,,,,,,10.568515631344717,-135.4632419357374,-5.583871550487399,-10.122757511430857,27.815311503355236,-13.011455293683138,3.22,1.4,,,,93.8,2178,6.6,745199,669224,519203,650402,665862,683011,657077,691176,665742,53.94,,0.689131,0.7,1,0,0,,51,4,4-Seam Fastball,0,1,0,1,1,0,0,1,Standard,Standard,215,0.077,0.197,,,,-0.197,,-1,-1,0.354,0.354,34,29,35,29,1,2,3,1,6,1,1.15,0.64,-0.64,36.8
CH,2024-09-18,87.8,-2.54,5.56,"Kahnle, Tommy",641487,592454,,ball,,,,,9,J.P. Crawford walks.,R,L,R,SEA,NYY,B,,,2,0,2024,-1.37,0.38,0.64,1.41,,,,0,7,Bot,,,,,,,10.550497589253892,-127.51720210745572,-4.784896460499887,-16.998413167039665,23.871266190926494,-27.18722530696105,3.22,1.51,,,,88.4,1377,6.6,745199,669224,519203,650402,665862,683011,657077,691176,665742,53.93,,,,,,,,51,3,Changeup,0,1,0,1,1,0,0,1,Standard,Standard,250,0.0,0.147,,,,-0.147,,-1,-1,0.354,0.354,34,29,35,29,1,2,3,1,6,1,2.56,1.37,-1.37,30.3
CH,2024-09-18,87.1,-2.38,5.48,"Kahnle, Tommy",641487,592454,,ball,,,,,14,J.P. Crawford walks.,R,L,R,SEA,NYY,B,,,1,0,2024,-0.88,-0.09,2.33,0.32,,,,0,7,Bot,,,,,,,13.176869537691095,-126.21193411397948,-6.072697755789379,-11.92643971884182,23.323608210883823,-32.12386468626226,3.14,1.46,,,,87.8,1244,6.8,745199,669224,519203,650402,665862,683011,657077,691176,665742,53.74,,,,,,,,51,2,Changeup,0,1,0,1,1,0,0,1,Standard,Standard,259,0.0,0.069,,,,-0.069,,-1,-1,0.354,0.354,34,29,35,29,1,2,3,1,6,1,3.1,0.88,-0.88,27.7
CH,2024-09-18,88.1,-2.17,5.69,"Kahnle, Tommy",641487,592454,,ball,,,,,14,J.P. Crawford walks.,R,L,R,SEA,NYY,B,,,0,0,2024,-1.23,0.72,1.83,1.1,,,,0,7,Bot,,,,,,,12.304146847358512,-127.62128285266164,-6.557441625779236,-15.860510557505677,24.184486187290982,-23.088227983742065,3.18,1.49,,,,88.6,1430,6.7,745199,669224,519203,650402,665862,683011,657077,691176,665742,53.85,,,,,,,,51,1,Changeup,0,1,0,1,1,0,0,1,Standard,Standard,246,0.0,0.038,,,,-0.038,,-1,-1,0.354,0.354,34,29,35,29,1,2,3,1,6,1,2.22,1.23,-1.23,30.6
CH,2024-09-15,87.3,-2.65,5.53,"Kahnle, Tommy",680776,592454,grounded_into_double_play,hit_into_play,,,,,7,"Jarren Duran grounds into a double play, shortstop Anthony Volpe to first baseman Oswaldo Cabrera. Wilyer Abreu out at 2nd. Jarren Duran out at 1st.",R,L,R,NYY,BOS,X,6,ground_ball,2,1,2024,-1.1,0.18,-0.62,2.05,,596115,677800,1,9,Top,114.29,151.89,,,,,7.198824005656345,-127.00542366910358,-2.620518186397408,-13.353846471526769,25.38033235289835,-29.87405233867553,3.59,1.71,15,105.8,-7,87.9,1310,6.6,745693,624431,665828,650402,665862,683011,691176,592450,665742,53.87,0.343,0.377,0.0,1,0,0,2,74,4,Changeup,5,2,2,5,2,5,2,5,Standard,Standard,249,0.079,-0.324,71.3,7.8,0.352,0.324,105.8,3,-3,0.921,0.079,34,27,35,28,1,4,3,1,3,2,2.8,1.1,-1.1,26.9
CH,2024-09-15,88.7,-2.51,5.59,"Kahnle, Tommy",680776,592454,,ball,,,,,14,"Jarren Duran grounds into a double play, shortstop Anthony Volpe to first baseman Oswaldo Cabrera. Wilyer Abreu out at 2nd. Jarren Duran out at 1st.",R,L,R,NYY,BOS,B,,,1,1,2024,-1.27,-0.04,0.48,0.75,,596115,677800,1,9,Top,,,,,,,10.013499084366302,-128.7878540195726,-5.719575220414547,-16.16785745321556,26.34711714445834,-31.625834071698996,3.68,1.71,,,,89.2,1464,6.7,745693,624431,665828,650402,665862,683011,691176,592450,665742,53.83,,,,,,,,74,3,Changeup,5,2,2,5,2,5,2,5,Standard,Standard,250,0.0,0.042,,,,-0.042,,3,-3,0.921,0.079,34,27,35,28,1,4,3,1,3,2,2.95,1.27,-1.27,28.2
CH,2024-09-15,87.9,-2.53,5.54,"Kahnle, Tommy",680776,592454,,swinging_strike,,,,,13,"Jarren Duran grounds into a double play, shortstop Anthony Volpe to first baseman Oswaldo Cabrera. Wilyer Abreu out at 2nd. Jarren Duran out at 1st.",R,L,R,NYY,BOS,S,,,1,0,2024,-1.28,0.08,-0.22,1.5,,596115,677800,1,9,Top,,,,,,,8.315012127130178,-127.79311245153956,-3.911089766071144,-15.676314396502288,24.494086535084772,-30.742816722250534,3.59,1.71,,,,88.9,1285,6.8,745693,624431,665828,650402,665862,683011,691176,592450,665742,53.69,,,,,,,,74,2,Changeup,5,2,2,5,2,5,2,5,Standard,Standard,252,0.0,-0.054,80.1,8.9,,0.054,,3,-3,0.921,0.079,34,27,35,28,1,4,3,1,3,2,2.86,1.28,-1.28,26.6
CH,2024-09-15,87.1,-2.67,5.67,"Kahnle, Tommy",680776,592454,,ball,,,,,11,"Jarren Duran grounds into a double play, shortstop Anthony Volpe to first baseman Oswaldo Cabrera. Wilyer Abreu out at 2nd. Jarren Duran out at 1st.",R,L,R,NYY,BOS,B,,,0,0,2024,-1.21,0.11,-1.39,3.27,,596115,677800,1,9,Top,,,,,,,5.605677084056789,-126.6735803898528,0.2147348418404282,-14.221188151944444,26.7851621258808,-31.23111931595842,3.34,1.41,,,,87.6,1167,6.7,745693,624431,665828,650402,665862,683011,691176,592450,665742,53.79,,,,,,,,74,1,Changeup,5,2,2,5,2,5,2,5,Standard,Standard,253,0.0,0.03,,,,-0.03,,3,-3,0.921,0.079,34,27,35,28,1,4,3,1,3,2,2.9,1.21,-1.21,31.7
CH,2024-09-12,86.1,-2.41,5.7,"Kahnle, Tommy",677800,592454,field_out,hit_into_play,,,,,13,Wilyer Abreu flies out to left fielder Jasson Domínguez.,R,L,R,NYY,BOS,X,7,fly_ball,0,0,2024,-0.93,-0.07,-1.02,1.75,,671213,,0,10,Top,46.42,118.37,,,,,5.197409646982764,-125.1618830560258,-2.9226610088514096,-10.84047825535843,27.72624750374205,-32.445402352570966,3.38,1.62,279,86.0,39,86.2,1173,6.6,745695,669224,519203,650402,665862,683011,691176,592450,665742,53.89,0.014,0.021,0.0,1,0,0,3,72,1,Changeup,1,1,1,1,1,1,1,1,Infield shade,Standard,250,0.115,-0.265,71.5,7.5,0.037,0.265,88.0,0,0,0.5,0.5,34,25,35,25,1,3,1,1,3,1,3.17,0.93,-0.93,30.9
CH,2024-09-12,87.2,-2.56,5.58,"Kahnle, Tommy",671213,592454,field_out,hit_into_play,,,,,8,Triston Casas flies out sharply to center fielder Aaron Judge.,R,L,R,NYY,BOS,X,8,fly_ball,2,1,2024,-0.92,0.21,-0.09,2.12,,641933,657136,2,9,Top,113.96,57.05,,,,,7.881455825123283,-126.79451825013416,-2.603724721844943,-11.530651576914083,24.99703040855091,-29.599919007639343,3.73,1.85,353,104.1,41,87.9,1303,6.7,745695,669224,519203,650402,665862,683011,691176,592450,665742,53.82,0.314,0.64,0.0,1,0,0,5,68,4,Changeup,1,1,1,1,1,1,1,1,Standard,Standard,259,0.114,-0.305,80.0,8.4,1.226,0.305,104.1,0,0,0.52,0.48,34,24,35,24,1,0,1,1,3,1,2.79,0.92,-0.92,29.9
CH,2024-09-12,87.4,-2.62,5.59,"Kahnle, Tommy",671213,592454,,ball,,,,,13,Triston Casas flies out sharply to center fielder Aaron Judge.,R,L,R,NYY,BOS,B,,,1,1,2024,-1.22,0.27,-0.12,1.11,,641933,657136,2,9,Top,,,,,,,8.58274255022923,-126.90982207489952,-5.232480223918013,-14.910802873026272,25.059150862696377,-28.354413979218336,3.63,1.6,,,,87.9,1357,6.7,745695,669224,519203,650402,665862,683011,691176,592450,665742,53.84,,,,,,,,68,3,Changeup,1,1,1,1,1,1,1,1,Standard,Standard,252,0.0,0.042,,,,-0.042,,0,0,0.52,0.48,34,24,35,24,1,0,1,1,3,1,2.72,1.22,-1.22,29.4
CH,2024-09-12,87.9,-2.6,5.59,"Kahnle, Tommy",671213,592454,,swinging_strike,,,,,8,Triston Casas flies out sharply to center fielder Aaron Judge.,R,L,R,NYY,BOS,S,,,1,0,2024,-1.09,0.16,0.1,2.06,,641933,657136,2,9,Top,,,,,,,8.845338072140278,-127.70565005209656,-2.8046972813507467,-13.68260827146767,25.447341812737392,-30.0131652359372,3.73,1.85,,,,88.5,1328,6.6,745695,669224,519203,650402,665862,683011,691176,592450,665742,53.85,,,,,,,,68,2,Changeup,1,1,1,1,1,1,1,1,Standard,Standard,252,0.0,-0.042,75.0,9.3,,0.042,,0,0,0.52,0.48,34,24,35,24,1,0,1,1,3,1,2.79,1.09,-1.09,30.6
CH,2024-09-12,87.5,-2.69,5.51,"Kahnle, Tommy",671213,592454,,ball,,,,,13,Triston Casas flies out sharply to center fielder Aaron Judge.,R,L,R,NYY,BOS,B,,,0,0,2024,-1.0,-0.14,-0.64,0.87,,641933,657136,2,9,Top,,,,,,,7.084837195431827,-127.3020080406247,-4.835581154638213,-12.354837959049236,25.27161818820505,-32.89073217521314,3.57,1.55,,,,88.4,1252,6.8,745695,669224,519203,650402,665862,683011,691176,592450,665742,53.73,,,,,,,,68,1,Changeup,1,1,1,1,1,1,1,1,Standard,Standard,256,0.0,0.026,,,,-0.026,,0,0,0.52,0.48,34,24,35,24,1,0,1,1,3,1,3.11,1.0,-1.0,29.3
CH,2024-09-12,88.2,-2.54,5.67,"Kahnle, Tommy",596115,592454,strikeout,swinging_strike,,,,,9,Trevor Story strikes out swinging.,R,R,R,NYY,BOS,S,2,,1,2,2024,-0.9,0.05,0.77,1.9,,641933,657136,1,9,Top,,,,,,,10.017654538774073,-128.15135355893335,-3.1958221954747574,-11.969899950098435,25.508331009967637,-31.211634981648967,3.36,1.58,,,,89.1,1260,6.8,745695,669224,519203,650402,665862,683011,691176,592450,665742,53.66,,0.0,0.0,1,0,0,,67,4,Changeup,1,1,1,1,1,1,1,1,Standard,Standard,254,0.099,-0.177,75.0,7.3,,0.177,,0,0,0.421,0.579,34,31,35,32,1,3,1,1,3,1,2.88,0.9,0.9,32.4
CH,2024-09-12,86.2,-2.77,5.51,"Kahnle, Tommy",596115,592454,,foul,,,,,8,Trevor Story strikes out swinging.,R,R,R,NYY,BOS,S,,,1,1,2024,-1.07,0.1,0.22,1.67,,641933,657136,1,9,Top,,,,,,,9.33149426557773,-125.29586593729071,-3.113214483521145,-13.107135326901997,24.242233927498624,-30.66477290040389,3.36,1.58,6,87.2,-17,86.9,1177,6.7,745695,669224,519203,650402,665862,683011,691176,592450,665742,53.82,,,,,,,,67,3,Changeup,1,1,1,1,1,1,1,1,Standard,Standard,258,0.0,-0.04,76.5,7.9,,0.04,88.0,0,0,0.421,0.579,34,31,35,32,1,3,1,1,3,1,2.96,1.07,1.07,28.4
CH,2024-09-12,87.9,-2.41,5.61,"Kahnle, Tommy",596115,592454,,ball,,,,,14,Trevor Story strikes out swinging.,R,R,R,NYY,BOS,B,,,0,1,2024,-0.86,-0.09,1.42,1.25,,641933,657136,1,9,Top,,,,,,,11.082942777774416,-127.39158630454496,-4.186233784862017,-11.763481450494604,28.17876776441088,-32.39122402826254,3.32,1.52,,,,87.9,1174,6.7,745695,669224,519203,650402,665862,683011,691176,592450,665742,53.83,,,,,,,,67,2,Changeup,1,1,1,1,1,1,1,1,Standard,Standard,255,0.0,0.015,,,,-0.015,,0,0,0.421,0.579,34,31,35,32,1,3,1,1,3,1,3.08,0.86,0.86,30.5
CH,2024-09-12,86.4,-2.6,5.59,"Kahnle, Tommy",596115,592454,,foul,,,,,4,Trevor Story strikes out swinging.,R,R,R,NYY,BOS,S,,,0,0,2024,-0.81,-0.12,-0.43,2.14,,641933,657136,1,9,Top,,,,,,,6.852662351071745,-125.66589529196584,-1.7217695531570203,-9.97813111184453,27.14362978173646,-33.272591184257614,3.36,1.58,12,86.1,-11,86.6,1102,6.6,745695,669224,519203,650402,665862,683011,691176,592450,665742,53.88,,,,,,,,67,1,Changeup,1,1,1,1,1,1,1,1,Standard,Standard,259,0.0,-0.039,,,,0.039,88.0,0,0,0.421,0.579,34,31,35,32,1,3,1,1,3,1,3.19,0.81,0.81,28.1
SI,2024-09-12,92.8,-2.43,5.75,"Kahnle, Tommy",657136,592454,walk,ball,,,,,11,Connor Wong walks.,R,R,R,NYY,BOS,B,,,3,2,2024,-1.42,0.69,-1.68,4.42,,641933,,1,9,Top,,,,,,,5.086294574458583,-135.14440179041898,0.890196337460411,-18.52842138103556,29.483691461083566,-24.189791513930796,2.94,1.27,,,,93.5,1987,6.7,745695,669224,519203,650402,665862,683011,691176,592450,665742,53.84,,0.689131,0.7,1,0,0,,66,7,Sinker,1,1,1,1,1,1,1,1,Standard,Standard,222,-0.017,0.21,,,,-0.21,,0,0,0.438,0.562,34,28,35,28,1,3,1,1,3,1,1.96,1.42,1.42,36.0
CH,2024-09-12,87.8,-2.54,5.6,"Kahnle, Tommy",657136,592454,,foul,,,,,9,Connor Wong walks.,R,R,R,NYY,BOS,S,,,3,2,2024,-0.95,0.5,0.46,1.9,,641933,,1,9,Top,,,,,,,9.305336416422676,-127.5408509580366,-3.8836068757436433,-12.292035168437517,25.93158171650043,-26.134482712013423,3.27,1.43,128,74.3,74,88.4,1210,6.8,745695,669224,519203,650402,665862,683011,691176,592450,665742,53.74,,,,,,,,66,6,Changeup,1,1,1,1,1,1,1,1,Standard,Standard,255,0.0,0.0,68.2,7.9,,0.0,88.0,0,0,0.438,0.562,34,28,35,28,1,3,1,1,3,1,2.47,0.95,0.95,31.0
SL,2024-09-12,86.1,-2.43,5.69,"Kahnle, Tommy",657136,592454,,ball,,,,,14,Connor Wong walks.,R,R,R,NYY,BOS,B,,,2,2,2024,0.23,0.24,2.19,1.41,,641933,,1,9,Top,,,,,,,10.570836320923238,-124.92312074681033,-4.410178261263197,0.3074251800940016,24.50311891499489,-28.89541766931886,3.12,1.27,,,,86.6,2360,6.7,745695,669224,519203,650402,665862,683011,691176,592450,665742,53.77,,,,,,,,66,5,Slider,1,1,1,1,1,1,1,1,Standard,Standard,161,0.0,0.074,,,,-0.074,,0,0,0.438,0.562,34,28,35,28,1,3,1,1,3,1,2.84,-0.23,-0.23,36.4
CH,2024-09-12,86.5,-2.63,5.5,"Kahnle, Tommy",657136,592454,,ball,,,,,14,Connor Wong walks.,R,R,R,NYY,BOS,B,,,1,2,2024,-0.9,0.23,1.56,1.43,,641933,,1,9,Top,,,,,,,11.876602245773876,-125.41966265336356,-3.9535429552228543,-11.797230882777049,24.101526408711297,-29.16274723509988,3.07,1.32,,,,87.0,1104,6.7,745695,669224,519203,650402,665862,683011,691176,592450,665742,53.78,,,,,,,,66,4,Changeup,1,1,1,1,1,1,1,1,Standard,Standard,257,0.0,0.018,,,,-0.018,,0,0,0.438,0.562,34,28,35,28,1,3,1,1,3,1,2.83,0.9,0.9,24.7
CH,2024-09-12,88.4,-2.64,5.53,"Kahnle, Tommy",657136,592454,,ball,,,,,14,Connor Wong walks.,R,R,R,NYY,BOS,B,,,0,2,2024,-0.81,0.43,1.57,1.23,,641933,,1,9,Top,,,,,,,11.986819365201873,-128.15194909163853,-5.3009320638281725,-11.352459164641996,25.050811208807612,-26.523110769879967,3.12,1.34,,,,88.9,1185,6.7,745695,669224,519203,650402,665862,683011,691176,592450,665742,53.82,,,,,,,,66,3,Changeup,1,1,1,1,1,1,1,1,Standard,Standard,252,0.0,0.024,,,,-0.024,,0,0,0.438,0.562,34,28,35,28,1,3,1,1,3,1,2.5,0.81,0.81,30.9
CH,2024-09-12,87.5,-2.44,5.57,"Kahnle, Tommy",657136,592454,,foul,,,,,8,Connor Wong walks.,R,R,R,NYY,BOS,S,,,0,1,2024,-1.03,0.14,-0.14,1.71,,641933,,1,9,Top,,,,,,,7.72735644107321,-127.2878599198939,-3.495706557119419,-12.77851894351994,25.26627402602083,-30.12286294901934,3.27,1.43,4,86.5,-25,88.2,1146,6.7,745695,669224,519203,650402,665862,683011,691176,592450,665742,53.84,,,,,,,,66,2,Changeup,1,1,1,1,1,1,1,1,Standard,Standard,258,0.0,-0.065,75.0,7.9,,0.065,88.0,0,0,0.438,0.562,34,28,35,28,1,3,1,1,3,1,2.83,1.03,1.03,29.8
CH,2024-09-12,87.9,-2.71,5.65,"Kahnle, Tommy",657136,592454,,swinging_strike,,,,,8,Connor Wong walks.,R,R,R,NYY,BOS,S,,,0,0,2024,-1.0,0.06,-0.22,1.44,,641933,,1,9,Top,,,,,,,8.153642601634193,-127.82166202518953,-4.236801143053242,-12.60130739562544,25.70124319053583,-30.828935141530188,3.27,1.43,,,,88.6,1113,6.7,745695,669224,519203,650402,665862,683011,691176,592450,665742,53.79,,,,,,,,66,1,Changeup,1,1,1,1,1,1,1,1,Standard,Standard,255,0.0,-0.036,73.3,8.6,,0.036,,0,0,0.438,0.562,34,28,35,28,1,3,1,1,3,1,2.89,1.0,1.0,31.4
CH,2024-09-12,87.9,-2.54,5.68,"Kahnle, Tommy",641933,592454,double,hit_into_play,,,,,9,Tyler O'Neill doubles (18) on a line drive to center fielder Aaron Judge.,R,R,R,NYY,BOS,X,8,line_drive,0,1,2024,-0.97,0.21,0.53,1.72,,,,1,9,Top,153.17,64.62,,,,,9.524219449419068,-127.64929806236898,-3.9546635920045503,-12.536453737563702,25.12224144949723,-29.20675761444101,3.21,1.45,329,95.2,22,88.7,1174,6.8,745695,669224,519203,650402,665862,683011,691176,592450,665742,53.72,0.186,0.232,1.25,1,1,1,3,65,2,Changeup,1,1,1,1,1,1,1,1,Standard,Standard,250,-0.12,0.694,73.3,7.6,0.365,-0.694,95.2,0,0,0.558,0.442,34,29,35,29,1,3,1,1,3,1,2.74,0.97,0.97,34.8
CH,2024-09-12,88.2,-2.85,5.55,"Kahnle, Tommy",641933,592454,,foul,,,,,4,Tyler O'Neill doubles (18) on a line drive to center fielder Aaron Judge.,R,R,R,NYY,BOS,S,,,0,0,2024,-1.1,0.09,-0.39,2.49,,,,1,9,Top,,,,,,,8.311393943347221,-128.32030685230865,-1.621858500694898,-13.840829234330696,23.945654927242888,-31.004491568038937,3.21,1.45,353,105.0,44,89.1,1265,6.6,745695,669224,519203,650402,665862,683011,691176,592450,665742,53.87,,,,,,,,65,1,Changeup,1,1,1,1,1,1,1,1,Standard,Standard,257,0.0,-0.037,,,,0.037,105.0,0,0,0.558,0.442,34,29,35,29,1,3,1,1,3,1,2.81,1.1,1.1,27.9
CH,2024-09-12,86.6,-2.45,5.69,"Kahnle, Tommy",807799,592454,field_out,hit_into_play,,,,,5,"Masataka Yoshida grounds out, second baseman Gleyber Torres to first baseman Anthony Rizzo.",R,L,R,NYY,BOS,X,4,ground_ball,2,1,2024,-1.1,0.29,-0.19,2.21,,,,0,9,Top,145.39,163.59,,,,,7.696206785323839,-125.8445753668938,-2.7043082009629833,-13.27265439508625,25.500787821642767,-28.755203899487608,3.19,1.42,35,79.6,0,87.2,1330,6.8,745695,669224,519203,650402,665862,683011,691176,592450,665742,53.75,0.191,0.156,0.0,1,0,0,2,64,4,Changeup,1,1,1,1,1,1,1,1,Infield shade,Standard,250,0.058,-0.296,74.4,7.4,0.223,0.296,88.0,0,0,0.5,0.5,34,30,35,31,1,0,1,1,3,1,2.76,1.1,-1.1,31.2
CH,2024-09-12,86.4,-2.52,5.64,"Kahnle, Tommy",807799,592454,,ball,,,,,14,"Masataka Yoshida grounds out, second baseman Gleyber Torres to first baseman Anthony Rizzo.",R,L,R,NYY,BOS,B,,,1,1,2024,-1.09,-0.05,0.49,0.62,,,,0,9,Top,,,,,,,9.396788983621567,-125.41276190335368,-5.678837136128491,-13.344019760026468,23.783092227600715,-31.81571070622629,3.12,1.22,,,,86.9,1345,6.6,745695,669224,519203,650402,665862,683011,691176,592450,665742,53.92,,,,,,,,64,3,Changeup,1,1,1,1,1,1,1,1,Strategic,Standard,258,0.0,0.053,,,,-0.053,,0,0,0.5,0.5,34,30,35,31,1,0,1,1,3,1,3.11,1.09,-1.09,29.6
CH,2024-09-12,87.6,-2.71,5.54,"Kahnle, Tommy",807799,592454,,foul,,,,,8,"Masataka Yoshida grounds out, second baseman Gleyber Torres to first baseman Anthony Rizzo.",R,L,R,NYY,BOS,S,,,1,0,2024,-1.02,-0.15,-0.16,1.79,,,,0,9,Top,,,,,,,8.28428235006174,-127.22346989256232,-2.5566995760495153,-12.81666585188816,27.540932420650872,-33.445880215106605,3.19,1.42,2,70.1,-39,87.7,1174,6.6,745695,669224,519203,650402,665862,683011,691176,592450,665742,53.9,,,,,,,,64,2,Changeup,1,1,1,1,1,1,1,1,Strategic,Standard,257,0.0,-0.049,75.1,8.2,,0.049,88.0,0,0,0.5,0.5,34,30,35,31,1,0,1,1,3,1,3.14,1.02,-1.02,27.1
CH,2024-09-12,87.3,-2.61,5.69,"Kahnle, Tommy",807799,592454,,ball,,,,,13,"Masataka Yoshida grounds out, second baseman Gleyber Torres to first baseman Anthony Rizzo.",R,L,R,NYY,BOS,B,,,0,0,2024,-0.99,-0.02,-1.21,1.69,,,,0,9,Top,,,,,,,5.437591382534418,-127.06883024625698,-3.4718031042007995,-11.84252309852101,26.20352418431383,-31.830642359702313,3.17,1.34,,,,87.5,1162,6.4,745695,669224,519203,650402,665862,683011,691176,592450,665742,54.08,,,,,,,,64,1,Changeup,1,1,1,1,1,1,1,1,Strategic,Standard,258,0.0,0.038,,,,-0.038,,0,0,0.5,0.5,34,30,35,31,1,0,1,1,3,1,3.01,0.99,-0.99,30.0
CH,2024-09-11,88.6,-2.35,5.74,"Kahnle, Tommy",657557,592454,strikeout,swinging_strike,,,,,8,Paul DeJong strikes out swinging.,R,R,R,NYY,KC,S,2,,2,2,2024,-1.05,0.25,0.24,1.59,,,,2,8,Top,,,,,,,8.585844825964003,-128.65624312206688,-4.574732712982294,-13.506870375505,27.785162966557213,-28.64356383392904,3.43,1.59,,,,89.1,1282,6.8,745697,624431,665828,650402,665862,683011,657077,592450,665742,53.72,,0.0,0.0,1,0,0,,61,5,Changeup,2,2,2,2,2,2,2,2,Infield shade,Standard,253,0.025,-0.219,74.5,7.9,,0.219,,0,0,0.58,0.42,34,30,35,31,1,0,5,1,1,4,2.68,1.05,1.05,30.5
CH,2024-09-11,86.0,-2.54,5.56,"Kahnle, Tommy",657557,592454,,swinging_strike,,,,,13,Paul DeJong strikes out swinging.,R,R,R,NYY,KC,S,,,2,1,2024,-0.91,-0.01,-0.11,1.14,,,,2,8,Top,,,,,,,7.64236978474096,-124.98881066705194,-4.2165491938622095,-11.107774872029236,24.93859094007135,-31.64015055161431,3.43,1.59,,,,86.4,1309,6.6,745697,624431,665828,650402,665862,683011,657077,592450,665742,53.92,,,,,,,,61,4,Changeup,2,2,2,2,2,2,2,2,Infield shade,Standard,255,0.0,-0.084,74.0,8.4,,0.084,,0,0,0.58,0.42,34,30,35,31,1,0,5,1,1,4,3.1,0.91,0.91,31.2
CH,2024-09-11,86.1,-2.6,5.57,"Kahnle, Tommy",657557,592454,,swinging_strike,,,,,14,Paul DeJong strikes out swinging.,R,R,R,NYY,KC,S,,,2,0,2024,-1.06,0.25,0.35,0.81,,,,2,8,Top,,,,,,,9.196341578260094,-125.09555206554111,-5.624702883374778,-12.952235215444482,23.309243328613743,-28.635875138386684,3.43,1.59,,,,86.8,1369,6.6,745697,624431,665828,650402,665862,683011,657077,592450,665742,53.88,,,,,,,,61,3,Changeup,2,2,2,2,2,2,2,2,Infield shade,Standard,253,0.0,-0.061,72.6,7.8,,0.061,,0,0,0.58,0.42,34,30,35,31,1,0,5,1,1,4,2.82,1.06,1.06,27.5
CH,2024-09-11,87.7,-2.55,5.55,"Kahnle, Tommy",657557,592454,,ball,,,,,14,Paul DeJong strikes out swinging.,R,R,R,NYY,KC,B,,,1,0,2024,-0.97,-0.11,0.92,1.07,,,,2,8,Top,,,,,,,10.4659519848307,-127.23223079691972,-4.419435027541178,-12.809870016495545,27.63454113812539,-32.5739743953562,3.26,1.5,,,,88.0,1350,6.8,745697,624431,665828,650402,665862,683011,657077,592450,665742,53.73,,,,,,,,61,2,Changeup,2,2,2,2,2,2,2,2,Infield shade,Standard,255,0.0,0.068,,,,-0.068,,0,0,0.58,0.42,34,30,35,31,1,0,5,1,1,4,3.11,0.97,0.97,33.2
CH,2024-09-11,88.0,-2.56,5.56,"Kahnle, Tommy",657557,592454,,ball,,,,,13,Paul DeJong strikes out swinging.,R,R,R,NYY,KC,B,,,0,0,2024,-1.0,0.37,-0.08,0.88,,,,2,8,Top,,,,,,,8.146832803556137,-127.7886846674064,-6.052988133540774,-12.62251915315736,25.73953668762533,-27.073678813716583,3.53,1.62,,,,88.6,1353,6.8,745697,624431,665828,650402,665862,683011,657077,592450,665742,53.75,,,,,,,,61,1,Changeup,2,2,2,2,2,2,2,2,Standard,Standard,250,0.0,0.04,,,,-0.04,,0,0,0.58,0.42,34,30,35,31,1,0,5,1,1,4,2.58,1.0,1.0,28.6
FF,2024-09-11,93.6,-2.39,5.8,"Kahnle, Tommy",686681,592454,field_out,hit_into_play,,,,,4,Michael Massey lines out sharply to center fielder Aaron Judge.,R,L,R,NYY,KC,X,8,line_drive,1,0,2024,-0.75,1.09,-0.82,2.42,,,,1,8,Top,135.35,67.52,,,,,5.755215948737925,-136.21974956853995,-5.446603477693888,-10.589446549256222,29.651540006701037,-17.549393013279538,3.44,1.61,328,100.1,18,94.4,2229,6.7,745697,624431,665828,650402,665862,683011,657077,592450,665742,53.76,0.386,0.428,0.0,1,0,0,4,60,2,4-Seam Fastball,2,2,2,2,2,2,2,2,Infield shade,Standard,211,0.034,-0.295,72.4,7.1,0.637,0.295,100.1,0,0,0.546,0.454,34,26,35,26,1,3,5,1,1,2,1.51,0.75,-0.75,34.9
CH,2024-09-11,86.1,-2.48,5.59,"Kahnle, Tommy",686681,592454,,ball,,,,,14,Michael Massey lines out sharply to center fielder Aaron Judge.,R,L,R,NYY,KC,B,,,0,0,2024,-1.12,0.18,0.48,1.2,,,,1,8,Top,,,,,,,9.383351814335391,-125.06999966424888,-4.5431674751301925,-13.70009102473777,25.40087676850902,-29.522682929318997,3.31,1.61,,,,86.6,1339,6.7,745697,624431,665828,650402,665862,683011,657077,592450,665742,53.76,,,,,,,,60,1,Changeup,2,2,2,2,2,2,2,2,Standard,Standard,255,0.0,0.039,,,,-0.039,,0,0,0.546,0.454,34,26,35,26,1,3,5,1,1,2,2.91,1.12,-1.12,29.8
FF,2024-09-11,94.8,-1.85,6.07,"Kahnle, Tommy",666023,592454,field_out,hit_into_play,,,,,2,"Freddy Fermin grounds out, second baseman Gleyber Torres to first baseman Oswaldo Cabrera.",R,R,R,NYY,KC,X,4,ground_ball,3,2,2024,-0.19,1.34,0.05,2.74,,,,0,8,Top,141.75,151.47,,,,,5.424946445256141,-137.8971518969067,-6.075768816677944,-3.5653324500127375,28.67431375723949,-13.968923849908716,3.17,1.5,8,98.6,-19,95.4,2023,6.5,745697,624431,665828,650402,665862,683011,657077,592450,665742,53.96,0.143,0.134,0.0,1,0,0,2,59,10,4-Seam Fastball,2,2,2,2,2,2,2,2,Standard,Standard,201,0.046,-0.333,67.2,5.8,0.143,0.333,98.6,0,0,0.5,0.5,34,29,35,29,1,3,5,1,1,3,1.19,0.19,0.19,46.6
CH,2024-09-11,87.1,-2.56,5.54,"Kahnle, Tommy",666023,592454,,foul,,,,,8,"Freddy Fermin grounds out, second baseman Gleyber Torres to first baseman Oswaldo Cabrera.",R,R,R,NYY,KC,S,,,3,2,2024,-0.96,0.51,0.21,1.99,,,,0,8,Top,,,,,,,8.672272762951993,-126.5098568775482,-3.4057924449932653,-12.047067486815996,25.734308408384862,-26.160526787804173,3.17,1.5,135,60.1,28,87.5,1124,6.6,745697,624431,665828,650402,665862,683011,657077,592450,665742,53.85,,,,,,,,59,9,Changeup,2,2,2,2,2,2,2,2,Standard,Standard,260,0.0,0.0,69.8,8.4,,0.0,88.0,0,0,0.5,0.5,34,29,35,29,1,3,5,1,1,3,2.5,0.96,0.96,27.9
CH,2024-09-11,86.9,-2.5,5.68,"Kahnle, Tommy",666023,592454,,foul,,,,,9,"Freddy Fermin grounds out, second baseman Gleyber Torres to first baseman Oswaldo Cabrera.",R,R,R,NYY,KC,S,,,3,2,2024,-1.07,0.17,0.31,1.8,,,,0,8,Top,,,,,,,9.006242882324434,-126.29034074846086,-3.467873644676134,-13.270487422146772,24.82983734089435,-29.879989965362817,3.17,1.5,27,60.7,-1,87.7,1231,6.8,745697,624431,665828,650402,665862,683011,657077,592450,665742,53.7,,,,,,,,59,8,Changeup,2,2,2,2,2,2,2,2,Standard,Standard,252,0.0,0.0,76.2,7.8,,0.0,88.0,0,0,0.5,0.5,34,29,35,29,1,3,5,1,1,3,2.85,1.07,1.07,33.7
CH,2024-09-11,86.2,-2.47,5.64,"Kahnle, Tommy",666023,592454,,ball,,,,,13,"Freddy Fermin grounds out, second baseman Gleyber Torres to first baseman Oswaldo Cabrera.",R,R,R,NYY,KC,B,,,2,2,2024,-0.6,-0.23,-1.17,2.28,,,,0,8,Top,,,,,,,4.35345569332758,-125.52142330318388,-1.2692829567813722,-7.23720257622819,25.97856156503039,-34.5871133287737,3.33,1.72,,,,86.9,1190,6.8,745697,624431,665828,650402,665862,683011,657077,592450,665742,53.74,,,,,,,,59,7,Changeup,2,2,2,2,2,2,2,2,Standard,Standard,259,0.0,0.107,,,,-0.107,,0,0,0.5,0.5,34,29,35,29,1,3,5,1,1,3,3.3,0.6,0.6,33.4
CH,2024-09-11,88.9,-2.59,5.63,"Kahnle, Tommy",666023,592454,,foul,,,,,14,"Freddy Fermin grounds out, second baseman Gleyber Torres to first baseman Oswaldo Cabrera.",R,R,R,NYY,KC,S,,,2,2,2024,-1.18,0.32,0.21,1.17,,,,0,8,Top,,,,,,,9.399177560942356,-129.07383209356826,-5.558996901026209,-15.156159765317277,27.16128794506502,-27.567302969141476,3.17,1.5,2,74.8,-33,89.3,1215,6.7,745697,624431,665828,650402,665862,683011,657077,592450,665742,53.81,,,,,,,,59,6,Changeup,2,2,2,2,2,2,2,2,Standard,Standard,250,0.0,0.0,77.4,8.2,,0.0,88.0,0,0,0.5,0.5,34,29,35,29,1,3,5,1,1,3,2.58,1.18,1.18,32.9
CH,2024-09-11,87.5,-2.28,5.76,"Kahnle, Tommy",666023,592454,,ball,,,,,14,"Freddy Fermin grounds out, second baseman Gleyber Torres to first baseman Oswaldo Cabrera.",R,R,R,NYY,KC,B,,,1,2,2024,-1.18,0.17,0.89,1.06,,,,0,8,Top,,,,,,,10.08529299138456,-127.04147854445998,-5.576396711222339,-14.774523778890115,24.77012946113051,-29.396722675996084,3.23,1.66,,,,87.8,1236,6.5,745697,624431,665828,650402,665862,683011,657077,592450,665742,54.01,,,,,,,,59,5,Changeup,2,2,2,2,2,2,2,2,Standard,Standard,247,0.0,0.04,,,,-0.04,,0,0,0.5,0.5,34,29,35,29,1,3,5,1,1,3,2.81,1.18,1.18,34.1
CH,2024-09-11,88.2,-2.38,5.7,"Kahnle, Tommy",666023,592454,,foul,,,,,8,"Freddy Fermin grounds out, second baseman Gleyber Torres to first baseman Oswaldo Cabrera.",R,R,R,NYY,KC,S,,,1,2,2024,-0.92,-0.13,0.25,1.95,,,,0,8,Top,,,,,,,8.37059652935349,-128.2309799544733,-2.7622257657681857,-11.868739163557942,26.569006244575945,-33.18800070651097,3.17,1.5,120,62.9,22,88.7,1172,6.7,745697,624431,665828,650402,665862,683011,657077,592450,665742,53.83,,,,,,,,59,4,Changeup,2,2,2,2,2,2,2,2,Standard,Standard,254,0.0,0.0,70.2,7.9,,0.0,88.0,0,0,0.5,0.5,34,29,35,29,1,3,5,1,1,3,3.06,0.92,0.92,34.0
FF,2024-09-11,94.0,-2.26,5.82,"Kahnle, Tommy",666023,592454,,foul,,,,,12,"Freddy Fermin grounds out, second baseman Gleyber Torres to first baseman Oswaldo Cabrera.",R,R,R,NYY,KC,S,,,1,1,2024,-0.5,1.28,1.12,2.96,,,,0,8,Top,,,,,,,9.914350513427898,-136.4460260321133,-4.477528470528558,-8.59324247372335,32.287320756328505,-15.399707056426235,3.17,1.5,187,70.5,45,93.9,2190,6.5,745697,624431,665828,650402,665862,683011,657077,592450,665742,53.97,,,,,,,,59,3,4-Seam Fastball,2,2,2,2,2,2,2,2,Standard,Standard,212,0.0,-0.056,69.6,7.0,,0.056,88.0,0,0,0.5,0.5,34,29,35,29,1,3,5,1,1,3,1.33,0.5,0.5,35.1
CH,2024-09-11,88.2,-2.58,5.66,"Kahnle, Tommy",666023,592454,,called_strike,,,,,6,"Freddy Fermin grounds out, second baseman Gleyber Torres to first baseman Oswaldo Cabrera.",R,R,R,NYY,KC,S,,,1,0,2024,-1.09,0.13,0.77,1.94,,,,0,8,Top,,,,,,,10.441712835808302,-127.9312771466933,-3.128884365997984,-14.286825222977896,29.25799686327645,-30.29151629307846,2.96,1.46,,,,87.9,1291,6.5,745697,624431,665828,650402,665862,683011,657077,592450,665742,53.96,,,,,,,,59,2,Changeup,2,2,2,2,2,2,2,2,Standard,Standard,251,0.0,-0.049,,,,0.049,,0,0,0.5,0.5,34,29,35,29,1,3,5,1,1,3,2.85,1.09,1.09,28.9
FF,2024-09-11,94.3,-2.02,6.06,"Kahnle, Tommy",666023,592454,,ball,,,,,12,"Freddy Fermin grounds out, second baseman Gleyber Torres to first baseman Oswaldo Cabrera.",R,R,R,NYY,KC,B,,,0,0,2024,-0.39,1.38,1.09,2.58,,,,0,8,Top,,,,,,,9.002362090778929,-136.9352322316634,-6.4351499871114,-6.841456841128721,29.75904373590161,-13.490592125672752,3.01,1.5,,,,94.8,2195,6.7,745697,624431,665828,650402,665862,683011,657077,592450,665742,53.84,,,,,,,,59,1,4-Seam Fastball,2,2,2,2,2,2,2,2,Standard,Standard,212,0.0,0.038,,,,-0.038,,0,0,0.5,0.5,34,29,35,29,1,3,5,1,1,3,1.19,0.39,0.39,45.1
CH,2024-09-06,88.4,-2.47,5.77,"Kahnle, Tommy",664023,592454,strikeout,swinging_strike,,,,,9,Ian Happ strikes out swinging.,R,L,R,CHC,NYY,S,2,,2,2,2024,-0.98,0.24,0.38,1.71,,,,2,8,Bot,,,,,,,9.027014501858924,-128.56123393456843,-4.4019747857882905,-12.67785387312326,24.04406738022951,-28.825692510515275,3.56,1.65,,,,89.2,1226,6.6,746832,669224,519203,650402,665862,683011,657077,592450,665742,53.92,,0.0,0.0,1,0,0,,61,5,Changeup,0,3,0,3,3,0,0,3,Infield shade,Standard,244,-0.008,-0.219,73.3,7.8,,0.219,,-3,-3,0.039,0.039,34,29,35,30,1,3,3,2,5,1,2.66,0.98,-0.98,35.9
CH,2024-09-06,85.5,-2.64,5.69,"Kahnle, Tommy",664023,592454,,called_strike,,,,,1,Ian Happ strikes out swinging.,R,L,R,CHC,NYY,S,,,2,1,2024,-0.81,0.15,-0.5,3.56,,,,2,8,Bot,,,,,,,6.692973391425438,-124.35305652248256,0.9328728013158072,-9.735519620072756,23.520327100281815,-30.981694000482445,3.56,1.74,,,,86.0,1067,6.5,746832,669224,519203,650402,665862,683011,657077,592450,665742,54.0,,,,,,,,61,4,Changeup,0,3,0,3,3,0,0,3,Infield shade,Standard,259,0.0,-0.084,,,,0.084,,-3,-3,0.039,0.039,34,29,35,30,1,3,3,2,5,1,2.95,0.81,-0.81,27.2
CH,2024-09-06,86.9,-2.74,5.66,"Kahnle, Tommy",664023,592454,,foul,,,,,7,Ian Happ strikes out swinging.,R,L,R,CHC,NYY,S,,,2,0,2024,-0.87,0.0,-0.31,2.05,,,,2,8,Bot,,,,,,,7.635672945811788,-126.45027499637932,-2.590059934771558,-10.765501101335651,21.163167203358103,-31.919915007567337,3.56,1.65,248,80.9,46,88.0,1275,6.6,746832,669224,519203,650402,665862,683011,657077,592450,665742,53.91,,,,,,,,61,3,Changeup,0,3,0,3,3,0,0,3,Infield shade,Standard,253,0.0,-0.061,71.6,6.3,,0.061,88.0,-3,-3,0.039,0.039,34,29,35,30,1,3,3,2,5,1,2.98,0.87,-0.87,27.9
SI,2024-09-06,93.4,-2.37,5.79,"Kahnle, Tommy",664023,592454,,ball,,,,,11,Ian Happ strikes out swinging.,R,L,R,CHC,NYY,B,,,1,0,2024,-1.37,0.83,-0.95,3.37,,,,2,8,Bot,,,,,,,6.718041264527165,-135.98477387801253,-2.4160804347695217,-18.39000707289049,25.096176310561283,-21.4581273444311,3.56,1.65,,,,94.8,2147,6.7,746832,669224,519203,650402,665862,683011,657077,592450,665742,53.77,,,,,,,,61,2,Sinker,0,3,0,3,3,0,0,3,Infield shade,Standard,221,0.0,0.068,,,,-0.068,,-3,-3,0.039,0.039,34,29,35,30,1,3,3,2,5,1,1.75,1.37,-1.37,35.8
CH,2024-09-06,86.4,-2.53,5.79,"Kahnle, Tommy",664023,592454,,ball,,,,,13,Ian Happ strikes out swinging.,R,L,R,CHC,NYY,B,,,0,0,2024,-1.28,0.31,-0.5,1.0,,,,2,8,Bot,,,,,,,7.458663402886765,-125.56406786912756,-5.879216823551839,-15.01742023607077,23.194925936229463,-27.92517426723637,3.64,1.71,,,,87.0,1409,6.5,746832,669224,519203,650402,665862,683011,657077,592450,665742,53.97,,,,,,,,61,1,Changeup,0,3,0,3,3,0,0,3,Standard,Standard,251,0.0,0.04,,,,-0.04,,-3,-3,0.039,0.039,34,29,35,30,1,3,3,2,5,1,2.73,1.28,-1.28,29.3
CH,2024-09-06,87.1,-2.64,5.65,"Kahnle, Tommy",643565,592454,strikeout,swinging_strike,,,,,13,Mike Tauchman strikes out swinging.,R,L,R,CHC,NYY,S,2,,3,2,2024,-1.17,0.14,-0.04,0.86,,,,1,8,Bot,,,,,,,8.677740459413272,-126.50825001802086,-5.627100674984571,-14.304794354133431,24.8891854022817,-29.744123517219123,3.54,1.68,,,,87.5,1331,6.6,746832,669224,519203,650402,665862,683011,657077,592450,665742,53.92,,0.0,0.0,1,0,0,,60,6,Changeup,0,3,0,3,3,0,0,3,Strategic,Standard,247,-0.015,-0.332,67.7,8.0,,0.332,,-3,-3,0.054,0.054,34,33,35,34,1,0,3,2,5,2,2.87,1.17,-1.17,28.4
CH,2024-09-06,86.5,-2.46,5.79,"Kahnle, Tommy",643565,592454,,swinging_strike,,,,,14,Mike Tauchman strikes out swinging.,R,L,R,CHC,NYY,S,,,3,1,2024,-1.2,0.09,0.36,1.3,,,,1,8,Bot,,,,,,,9.188677937264302,-125.67000296625982,-4.66646117259364,-14.591849228256663,25.180033578567567,-30.476778590270023,3.54,1.68,,,,86.8,1265,6.5,746832,669224,519203,650402,665862,683011,657077,592450,665742,53.96,,,,,,,,60,5,Changeup,0,3,0,3,3,0,0,3,Strategic,Standard,256,0.0,-0.092,76.1,8.2,,0.092,,-3,-3,0.054,0.054,34,33,35,34,1,0,3,2,5,2,2.97,1.2,-1.2,30.4
FF,2024-09-06,92.6,-2.12,6.12,"Kahnle, Tommy",643565,592454,,ball,,,,,12,Mike Tauchman strikes out swinging.,R,L,R,CHC,NYY,B,,,2,1,2024,-0.67,1.51,0.62,4.01,,,,1,8,Bot,,,,,,,8.497976287600912,-134.69400040979625,-2.97825206168777,-9.81493966854168,25.127950316538975,-13.183063808330065,3.55,1.73,,,,93.6,2197,6.6,746832,669224,519203,650402,665862,683011,657077,592450,665742,53.89,,,,,,,,60,4,4-Seam Fastball,0,3,0,3,3,0,0,3,Strategic,Standard,199,0.0,0.122,,,,-0.122,,-3,-3,0.054,0.054,34,33,35,34,1,0,3,2,5,2,1.12,0.67,-0.67,46.5
CH,2024-09-06,85.6,-2.57,5.77,"Kahnle, Tommy",643565,592454,,ball,,,,,13,Mike Tauchman strikes out swinging.,R,L,R,CHC,NYY,B,,,1,1,2024,-1.25,0.03,-1.04,2.23,,,,1,8,Bot,,,,,,,6.162680105792745,-124.54543960875893,-2.188328060264423,-14.213906526003202,23.43989498011302,-31.640645072023016,3.54,1.67,,,,86.1,1283,6.5,746832,669224,519203,650402,665862,683011,657077,592450,665742,54.0,,,,,,,,60,3,Changeup,0,3,0,3,3,0,0,3,Strategic,Standard,251,0.0,0.059,,,,-0.059,,-3,-3,0.054,0.054,34,33,35,34,1,0,3,2,5,2,3.07,1.25,-1.25,31.5
CH,2024-09-06,85.8,-2.74,5.71,"Kahnle, Tommy",643565,592454,,called_strike,,,,,13,Mike Tauchman strikes out swinging.,R,L,R,CHC,NYY,S,,,1,0,2024,-0.93,0.02,-0.91,2.55,,,,1,8,Bot,,,,,,,6.253547533764696,-124.85863057468691,-1.3309467140483284,-10.97372605142921,22.891771111666426,-31.861067376596893,3.58,1.75,,,,86.5,1359,6.5,746832,669224,519203,650402,665862,683011,657077,592450,665742,53.95,,,,,,,,60,2,Changeup,0,3,0,3,3,0,0,3,Infield shade,Standard,257,0.0,-0.051,,,,0.051,,-3,-3,0.054,0.054,34,33,35,34,1,0,3,2,5,2,3.05,0.93,-0.93,29.3
SL,2024-09-06,82.8,-2.6,5.74,"Kahnle, Tommy",643565,592454,,ball,,,,,14,Mike Tauchman strikes out swinging.,R,L,R,CHC,NYY,B,,,0,0,2024,0.61,-0.14,0.87,1.91,,,,1,8,Bot,,,,,,,6.750235100162827,-120.47698976110648,-2.0170336515758045,4.798976189018067,21.39249380588374,-33.41542368364037,3.56,1.63,,,,83.3,2295,6.5,746832,669224,519203,650402,665862,683011,657077,592450,665742,54.05,,,,,,,,60,1,Slider,0,3,0,3,3,0,0,3,Infield shade,Standard,104,0.0,0.039,,,,-0.039,,-3,-3,0.054,0.054,34,33,35,34,1,0,3,2,5,2,3.45,-0.61,0.61,33.6
CH,2024-09-06,85.3,-2.32,5.84,"Kahnle, Tommy",691718,592454,field_out,hit_into_play,,,,,13,"Pete Crow-Armstrong grounds out, first baseman Anthony Rizzo to pitcher Tommy Kahnle.",R,L,R,CHC,NYY,X,3,ground_ball,0,2,2024,-1.1,-0.04,-0.34,1.21,,,,0,8,Bot,155.56,163.75,,,,,6.896175985815878,-124.078316705168,-4.526613864181647,-12.78721612250796,24.582974918104583,-31.855334069441927,3.35,1.55,78,79.3,6,85.6,1248,6.5,746832,669224,519203,650402,665862,683011,657077,592450,665742,54.02,0.251,0.278,0.0,1,0,0,2,59,3,Changeup,0,3,0,3,3,0,0,3,Standard,Standard,254,-0.025,-0.163,60.6,7.8,0.272,0.163,88.0,-3,-3,0.079,0.079,34,22,35,22,1,2,3,2,5,1,3.17,1.1,-1.1,31.9
CH,2024-09-06,86.3,-2.79,5.73,"Kahnle, Tommy",691718,592454,,swinging_strike,,,,,8,"Pete Crow-Armstrong grounds out, first baseman Anthony Rizzo to pitcher Tommy Kahnle.",R,L,R,CHC,NYY,S,,,0,1,2024,-1.15,-0.15,-0.23,1.76,,,,0,8,Bot,,,,,,,8.459762589369449,-125.38449953328876,-2.8869148535024145,-13.893756120200283,25.91306094754943,-33.38056199207346,3.35,1.55,,,,86.5,1153,6.5,746832,669224,519203,650402,665862,683011,657077,592450,665742,53.97,,,,,,,,59,2,Changeup,0,3,0,3,3,0,0,3,Infield shade,Standard,258,0.0,-0.054,69.9,8.2,,0.054,,-3,-3,0.079,0.079,34,22,35,22,1,2,3,2,5,1,3.23,1.15,-1.15,29.7
CH,2024-09-06,85.4,-2.62,5.78,"Kahnle, Tommy",691718,592454,,swinging_strike,,,,,8,"Pete Crow-Armstrong grounds out, first baseman Anthony Rizzo to pitcher Tommy Kahnle.",R,L,R,CHC,NYY,S,,,0,0,2024,-1.12,-0.07,0.13,1.57,,,,0,8,Bot,,,,,,,8.742347339900038,-124.0904713391306,-3.4397497141087463,-13.358153253209212,25.960195462274612,-32.42156910153909,3.35,1.55,,,,85.4,1166,6.5,746832,669224,519203,650402,665862,683011,657077,592450,665742,54.04,,,,,,,,59,1,Changeup,0,3,0,3,3,0,0,3,Infield shade,Standard,257,0.0,-0.037,67.3,8.3,,0.037,,-3,-3,0.079,0.079,34,22,35,22,1,2,3,2,5,1,3.22,1.12,-1.12,28.1
CH,2024-09-03,87.4,-2.52,5.64,"Kahnle, Tommy",669701,592454,field_error,hit_into_play,,,,,7,Josh Smith reaches on a fielding error by first baseman DJ LeMahieu.,R,L,R,TEX,NYY,X,3,ground_ball,1,1,2024,-1.05,-0.13,-0.57,1.61,,,,0,8,Bot,148.37,173.95,,,,,6.844151665800696,-127.12493247947752,-3.2625041969630493,-12.802781439142958,27.328924350637337,-33.076180270089715,3.12,1.46,1,84.5,-48,87.3,1297,6.4,744968,624431,518934,650402,665862,683011,657077,592450,665742,54.13,0.18,0.173,0.9,1,0,0,2,61,3,Changeup,1,4,1,4,4,1,1,4,Infield shade,Standard,252,0.048,0.495,67.1,6.6,0.207,-0.495,88.0,-3,-3,0.079,0.079,34,26,35,27,1,0,2,1,3,1,3.13,1.05,-1.05,29.9
CH,2024-09-03,85.5,-2.49,5.64,"Kahnle, Tommy",669701,592454,,swinging_strike,,,,,14,Josh Smith reaches on a fielding error by first baseman DJ LeMahieu.,R,L,R,TEX,NYY,S,,,1,0,2024,-0.97,0.21,0.48,1.19,,,,0,8,Bot,,,,,,,9.08764883662854,-124.15507405915302,-4.639591348180473,-11.907931960471444,25.70272074269625,-29.23626922736241,3.12,1.46,,,,86.6,1214,7.2,744968,624431,518934,650402,665862,683011,657077,592450,665742,53.32,,,,,,,,61,2,Changeup,1,4,1,4,4,1,1,4,Infield shade,Standard,250,0.0,-0.049,70.5,8.5,,0.049,,-3,-3,0.079,0.079,34,26,35,27,1,0,2,1,3,1,2.93,0.97,-0.97,26.6
FF,2024-09-03,92.4,-1.87,6.19,"Kahnle, Tommy",669701,592454,,ball,,,,,13,Josh Smith reaches on a fielding error by first baseman DJ LeMahieu.,R,L,R,TEX,NYY,B,,,0,0,2024,-0.48,1.32,-1.27,1.56,,,,0,8,Bot,,,,,,,2.564360454410174,-134.27085003498024,-8.864481408124043,-6.350363232558932,29.450297482648683,-14.5028827307557,3.51,1.61,,,,92.5,2108,6.5,744968,624431,518934,650402,665862,683011,657077,592450,665742,54.04,,,,,,,,61,1,4-Seam Fastball,1,4,1,4,4,1,1,4,Standard,Standard,203,0.0,0.038,,,,-0.038,,-3,-3,0.079,0.079,34,26,35,27,1,0,2,1,3,1,1.36,0.48,-0.48,46.3
CH,2024-09-03,86.9,-2.55,5.64,"Kahnle, Tommy",608348,592454,field_out,hit_into_play,,,,,9,"Carson Kelly grounds out, third baseman Jazz Chisholm Jr.  to first baseman DJ LeMahieu.",R,R,R,TEX,NYY,X,5,ground_ball,1,2,2024,-0.81,-0.08,0.28,2.02,,,677649,2,7,Bot,96.79,155.22,,,,,8.479793768621628,-126.24987924276569,-2.2687721079445184,-10.462232801607737,27.54485616897953,-32.76661110082687,3.31,1.62,9,79.1,-12,86.9,1170,6.6,744968,624431,518934,650402,665862,683011,657077,592450,665742,53.94,0.046,0.048,0.0,1,0,0,2,53,4,Changeup,1,2,1,2,2,1,1,2,Strategic,Standard,253,-0.052,-0.197,69.6,7.4,0.046,0.197,88.0,-1,-1,0.299,0.299,34,29,35,30,1,2,2,2,3,2,3.13,0.81,0.81,30.4
CH,2024-09-03,87.2,-2.58,5.55,"Kahnle, Tommy",608348,592454,,ball,,,,,13,"Carson Kelly grounds out, third baseman Jazz Chisholm Jr.  to first baseman DJ LeMahieu.",R,R,R,TEX,NYY,B,,,0,2,2024,-0.82,0.22,-1.42,1.55,,,677649,2,7,Bot,,,,,,,4.497803288051544,-126.85749249109236,-3.885623911193053,-9.790727499565213,27.79110394104367,-29.13368084072228,3.31,1.57,,,,87.3,1218,6.5,744968,624431,518934,650402,665862,683011,657077,592450,665742,53.98,,,,,,,,53,3,Changeup,1,2,1,2,2,1,1,2,Standard,Standard,248,0.0,0.027,,,,-0.027,,-1,-1,0.299,0.299,34,29,35,30,1,2,2,2,3,2,2.79,0.82,0.82,29.0
CH,2024-09-03,87.6,-2.46,5.55,"Kahnle, Tommy",608348,592454,,swinging_strike,,,,,14,"Carson Kelly grounds out, third baseman Jazz Chisholm Jr.  to first baseman DJ LeMahieu.",R,R,R,TEX,NYY,S,,,0,1,2024,-0.94,-0.05,0.08,1.36,,,677649,2,7,Bot,,,,,,,8.197821219078532,-127.30772430939878,-3.894438127784042,-11.988949985175044,27.17753307333993,-32.04197663348339,3.31,1.62,,,,88.6,1191,7.1,744968,624431,518934,650402,665862,683011,657077,592450,665742,53.4,,,,,,,,53,2,Changeup,1,2,1,2,2,1,1,2,Standard,Standard,254,0.0,-0.054,68.0,7.6,,0.054,,-1,-1,0.299,0.299,34,29,35,30,1,2,2,2,3,2,3.03,0.94,0.94,27.9
CH,2024-09-03,87.7,-2.58,5.53,"Kahnle, Tommy",608348,592454,,foul,,,,,7,"Carson Kelly grounds out, third baseman Jazz Chisholm Jr.  to first baseman DJ LeMahieu.",R,R,R,TEX,NYY,S,,,0,0,2024,-1.09,-0.14,-0.63,2.04,,,677649,2,7,Bot,,,,,,,7.015140797036765,-127.48872512269824,-2.0162098664302275,-13.333107936313125,26.908175089620695,-33.43428720980683,3.31,1.62,3,77.1,-32,88.1,1313,6.7,744968,624431,518934,650402,665862,683011,657077,592450,665742,53.85,,,,,,,,53,1,Changeup,1,2,1,2,2,1,1,2,Strategic,Standard,252,0.0,-0.047,70.2,7.2,,0.047,88.0,-1,-1,0.299,0.299,34,29,35,30,1,2,2,2,3,2,3.11,1.09,1.09,27.1
FF,2024-09-03,94.0,-2.36,5.8,"Kahnle, Tommy",677649,592454,single,hit_into_play,,,,,3,Ezequiel Duran singles on a ground ball to right fielder Juan Soto.,R,R,R,TEX,NYY,X,9,ground_ball,0,0,2024,-0.47,1.23,0.61,3.12,,,,2,7,Bot,171.34,97.79,,,,,8.766454346075836,-136.6538854359304,-3.960233689691598,-7.735196117463646,29.46655118860794,-16.084850801670942,3.41,1.61,65,106.7,1,94.6,2167,6.7,744968,624431,518934,650402,665862,683011,657077,592450,665742,53.84,0.52,0.479,0.9,1,1,0,4,52,1,4-Seam Fastball,1,2,1,2,2,1,1,2,Standard,Standard,213,0.029,0.333,,,0.568,-0.333,106.7,-1,-1,0.27,0.27,34,25,35,25,1,2,2,4,3,1,1.35,0.47,0.47,37.7
CH,2024-09-03,87.8,-2.38,5.66,"Kahnle, Tommy",679822,592454,strikeout,swinging_strike,,,,,13,Justin Foscue strikes out swinging.,R,R,R,TEX,NYY,S,2,,2,2,2024,-0.94,-0.14,-0.07,0.86,,,,1,7,Bot,,,,,,,7.554036488621486,-127.57581593043834,-5.205179497246886,-11.823851202193426,26.8614951112051,-32.80672509524337,3.32,1.51,,,,88.0,1331,6.6,744968,624431,518934,650402,665862,683011,657077,592450,665742,53.95,,0.0,0.0,1,0,0,,51,5,Changeup,1,2,1,2,2,1,1,2,Standard,Standard,252,-0.035,-0.225,66.6,8.1,,0.225,,-1,-1,0.305,0.305,34,25,35,25,1,2,2,2,3,3,3.11,0.94,0.94,29.1
CH,2024-09-03,86.8,-2.63,5.53,"Kahnle, Tommy",679822,592454,,foul,,,,,5,Justin Foscue strikes out swinging.,R,R,R,TEX,NYY,S,,,2,1,2024,-0.99,-0.07,-0.06,2.56,,,,1,7,Bot,,,,,,,8.22117002012073,-126.12345469883098,-0.7533366969589717,-12.21408007633223,25.794814669994157,-32.963787883891335,3.32,1.51,227,96.2,15,87.2,1213,6.6,744968,624431,518934,650402,665862,683011,657077,592450,665742,53.89,,,,,,,,51,4,Changeup,1,2,1,2,2,1,1,2,Strategic,Standard,255,0.0,-0.078,70.1,8.0,,0.078,96.2,-1,-1,0.305,0.305,34,25,35,25,1,2,2,2,3,3,3.1,0.99,0.99,26.4
CH,2024-09-03,87.0,-2.48,5.48,"Kahnle, Tommy",679822,592454,,ball,,,,,12,Justin Foscue strikes out swinging.,R,R,R,TEX,NYY,B,,,1,1,2024,-0.91,0.33,1.2,2.82,,,,1,7,Bot,,,,,,,10.73974900547543,-126.21649165730774,-0.8527378274148507,-11.967097539318056,25.764526903340872,-28.649405341361092,3.43,1.61,,,,87.2,1191,6.6,744968,624431,518934,650402,665862,683011,657077,592450,665742,53.9,,,,,,,,51,3,Changeup,1,2,1,2,2,1,1,2,Strategic,Standard,258,0.0,0.059,,,,-0.059,,-1,-1,0.305,0.305,34,25,35,25,1,2,2,2,3,3,2.7,0.91,0.91,25.6
CH,2024-09-03,87.9,-2.29,5.77,"Kahnle, Tommy",679822,592454,,ball,,,,,14,Justin Foscue strikes out swinging.,R,R,R,TEX,NYY,B,,,0,1,2024,-1.13,0.19,1.56,1.33,,,,1,7,Bot,,,,,,,11.704440161216628,-127.4792806817402,-5.032352027972909,-14.718774996747396,26.490835643728932,-29.176140281623375,3.38,1.61,,,,88.2,1292,6.7,744968,624431,518934,650402,665862,683011,657077,592450,665742,53.83,,,,,,,,51,2,Changeup,1,2,1,2,2,1,1,2,Strategic,Standard,242,0.0,0.024,,,,-0.024,,-1,-1,0.305,0.305,34,25,35,25,1,2,2,2,3,3,2.78,1.13,1.13,34.3
CH,2024-09-03,87.7,-2.64,5.5,"Kahnle, Tommy",679822,592454,,foul,,,,,8,Justin Foscue strikes out swinging.,R,R,R,TEX,NYY,S,,,0,0,2024,-1.23,0.27,0.2,1.76,,,,1,7,Bot,,,,,,,9.487373355790924,-127.41503316006124,-3.482131564128977,-15.372661705387648,25.395733057104117,-28.737782044734008,3.32,1.51,6,72.6,-18,88.4,1320,6.7,744968,624431,518934,650402,665862,683011,657077,592450,665742,53.76,,,,,,,,51,1,Changeup,1,2,1,2,2,1,1,2,Standard,Standard,254,0.0,-0.037,71.5,8.2,,0.037,88.0,-1,-1,0.305,0.305,34,25,35,25,1,2,2,2,3,3,2.7,1.23,1.23,25.7
CH,2024-09-03,86.4,-2.62,5.56,"Kahnle, Tommy",663993,592454,field_out,hit_into_play,,,,,11,"Nathaniel Lowe grounds out, second baseman Gleyber Torres to first baseman DJ LeMahieu.",R,L,R,TEX,NYY,X,4,ground_ball,2,0,2024,-0.96,0.05,-0.83,2.47,,,,0,7,Bot,144.52,155.53,,,,,6.2574531550977195,-125.72568418928088,-1.232516206806143,-11.418567418349255,25.127665430279514,-31.627207627140205,3.34,1.53,28,82.5,-3,86.9,1197,6.6,744968,624431,518934,650402,665862,683011,657077,592450,665742,53.95,0.143,0.136,0.0,1,0,0,2,50,3,Changeup,1,2,1,2,2,1,1,2,Infield shade,Strategic,259,-0.049,-0.361,68.7,8.2,0.143,0.361,88.0,-1,-1,0.354,0.354,34,28,35,29,1,2,2,1,3,1,3.0,0.96,-0.96,23.5
FF,2024-09-03,93.9,-2.23,5.72,"Kahnle, Tommy",663993,592454,,ball,,,,,14,"Nathaniel Lowe grounds out, second baseman Gleyber Torres to first baseman DJ LeMahieu.",R,L,R,TEX,NYY,B,,,1,0,2024,-0.66,1.28,1.06,1.85,,,,0,7,Bot,,,,,,,10.034689394715324,-136.3130039082197,-7.147386136413475,-10.404936754814337,30.24414047035441,-14.792675544760003,3.34,1.48,,,,94.4,2117,6.7,744968,624431,518934,650402,665862,683011,657077,592450,665742,53.76,,,,,,,,50,2,4-Seam Fastball,1,2,1,2,2,1,1,2,Infield shade,Strategic,223,0.0,0.069,,,,-0.069,,-1,-1,0.354,0.354,34,28,35,29,1,2,2,1,3,1,1.32,0.66,-0.66,33.9
FF,2024-09-03,93.1,-2.21,5.88,"Kahnle, Tommy",663993,592454,,ball,,,,,13,"Nathaniel Lowe grounds out, second baseman Gleyber Torres to first baseman DJ LeMahieu.",R,L,R,TEX,NYY,B,,,0,0,2024,-0.57,1.28,-0.88,1.24,,,,0,7,Bot,,,,,,,4.690807683890242,-135.38069640426,-9.005816471826543,-8.064866182133324,28.955106594404356,-14.62322793840534,3.11,1.35,,,,93.5,2116,6.5,744968,624431,518934,650402,665862,683011,657077,592450,665742,53.97,,,,,,,,50,1,4-Seam Fastball,1,2,1,2,2,1,1,2,Strategic,Standard,218,0.0,0.038,,,,-0.038,,-1,-1,0.354,0.354,34,28,35,29,1,2,2,1,3,1,1.35,0.57,-0.57,35.0
FF,2024-09-01,94.2,-2.15,6.05,"Kahnle, Tommy",687363,592454,double,hit_into_play,,,,,5,Victor Scott II doubles (9) on a sharp line drive to right fielder Juan Soto. Lars Nootbaar scores.,R,L,R,NYY,STL,X,9,line_drive,3,2,2024,-0.4,1.1,-0.22,2.53,,663457,,2,7,Top,185.46,74.02,,,,,5.914923504603499,-137.06184441548277,-5.9221115058886165,-6.234871208324802,28.10556471974418,-17.196731262525976,3.38,1.59,342,102.9,22,94.9,2103,6.5,745701,669224,519203,650402,665862,683011,657077,592450,665742,53.98,0.611,0.903,1.25,1,1,1,6,65,6,4-Seam Fastball,7,10,10,7,11,7,11,7,Standard,Standard,205,-0.047,0.903,68.3,6.4,1.592,-0.903,102.9,-3,3,0.103,0.897,34,23,35,23,1,3,2,1,2,1,1.45,0.4,-0.4,42.1
FF,2024-09-01,94.8,-1.9,6.13,"Kahnle, Tommy",687363,592454,,ball,,,,,11,Victor Scott II doubles (9) on a sharp line drive to right fielder Juan Soto. Lars Nootbaar scores.,R,L,R,NYY,STL,B,,,2,2,2024,-0.36,1.23,-1.31,3.42,,663457,,2,7,Top,,,,,,,2.3709248167416397,-138.02144459043933,-4.192348953002098,-5.168106122719514,29.72371054574361,-15.681105102429504,3.07,1.41,,,,95.1,2127,6.3,745701,669224,519203,650402,665862,683011,657077,592450,665742,54.16,,,,,,,,65,5,4-Seam Fastball,7,10,10,7,10,7,10,7,Standard,Standard,203,0.0,0.049,,,,-0.049,,-3,3,0.103,0.897,34,23,35,23,1,3,2,1,2,1,1.29,0.36,-0.36,47.4
FF,2024-09-01,94.7,-1.89,6.07,"Kahnle, Tommy",687363,592454,,foul,,,,,1,Victor Scott II doubles (9) on a sharp line drive to right fielder Juan Soto. Lars Nootbaar scores.,R,L,R,NYY,STL,S,,,2,1,2024,-0.44,1.36,-0.32,3.46,,663457,,2,7,Top,,,,,,,5.1127419654263955,-137.78635047214104,-4.178546766694598,-6.7326468943917,31.621974428673813,-14.109335374520349,3.38,1.59,210,76.6,22,95.0,2137,6.5,745701,669224,519203,650402,665862,683011,657077,592450,665742,53.96,,,,,,,,65,4,4-Seam Fastball,7,10,10,7,10,7,10,7,Standard,Standard,210,0.0,-0.062,33.1,4.4,,0.062,88.0,-3,3,0.103,0.897,34,23,35,23,1,3,2,1,2,1,1.19,0.44,-0.44,46.1
FF,2024-09-01,95.0,-1.85,6.09,"Kahnle, Tommy",687363,592454,,ball,,,,,13,Victor Scott II doubles (9) on a sharp line drive to right fielder Juan Soto. Lars Nootbaar scores.,R,L,R,NYY,STL,B,,,1,1,2024,-0.07,1.28,-1.04,1.72,,663457,,2,7,Top,,,,,,,2.2831894061875224,-138.17863522431497,-8.706261950582158,-1.4083676131359342,30.9021396843768,-14.011693870254293,3.1,1.41,,,,95.5,2093,6.6,745701,669224,519203,650402,665862,683011,657077,592450,665742,53.89,,,,,,,,65,3,4-Seam Fastball,7,10,10,7,10,7,10,7,Standard,Standard,199,0.0,0.039,,,,-0.039,,-3,3,0.103,0.897,34,23,35,23,1,3,2,1,2,1,1.25,0.07,-0.07,49.2
FF,2024-09-01,94.9,-2.11,6.08,"Kahnle, Tommy",687363,592454,,foul,,,,,2,Victor Scott II doubles (9) on a sharp line drive to right fielder Juan Soto. Lars Nootbaar scores.,R,L,R,NYY,STL,S,,,1,0,2024,-0.19,1.17,0.04,2.99,,663457,,2,7,Top,,,,,,,6.076147785771196,-138.04635467149956,-5.099019759751642,-3.742541162634147,29.386805287120396,-16.231701524233173,3.38,1.59,200,71.0,43,95.5,2094,6.6,745701,669224,519203,650402,665862,683011,657077,592450,665742,53.93,,,,,,,,65,2,4-Seam Fastball,7,10,10,7,10,7,10,7,Standard,Standard,206,0.0,-0.043,62.8,5.6,,0.043,88.0,-3,3,0.103,0.897,34,23,35,23,1,3,2,1,2,1,1.35,0.19,-0.19,45.0
FF,2024-09-01,95.9,-1.79,6.17,"Kahnle, Tommy",687363,592454,,ball,,,,,11,Victor Scott II doubles (9) on a sharp line drive to right fielder Juan Soto. Lars Nootbaar scores.,R,L,R,NYY,STL,B,,,0,0,2024,-0.29,1.16,-1.05,2.94,,663457,,2,7,Top,,,,,,,2.6320016938744875,-139.69715554632407,-5.639066855726017,-4.353173870753974,29.75804444779803,-15.9258214330969,3.1,1.41,,,,96.8,1977,6.6,745701,669224,519203,650402,665862,683011,657077,592450,665742,53.9,,,,,,,,65,1,4-Seam Fastball,7,10,10,7,10,7,10,7,Standard,Standard,196,0.0,0.014,,,,-0.014,,-3,3,0.103,0.897,34,23,35,23,1,3,2,1,2,1,1.3,0.29,-0.29,50.0
CH,2024-09-01,86.9,-2.54,5.55,"Kahnle, Tommy",663457,592454,double,hit_into_play,,,,,8,Lars Nootbaar doubles (14) on a line drive to right fielder Juan Soto. Nolan Arenado scores. Iván Herrera scores. Jordan Walker scores.,R,L,R,NYY,STL,X,9,line_drive,2,2,2024,-1.09,0.07,-0.26,1.78,571448,671056,691023,2,7,Top,189.25,75.48,,,,,7.740928717053733,-126.24415491349554,-2.936066137624413,-13.318900861604748,27.285681455209367,-31.02680951872326,3.38,1.61,343,94.2,21,87.2,1077,6.7,745701,669224,519203,650402,665862,683011,657077,592450,665742,53.82,0.229,0.294,1.25,1,1,1,3,64,6,Changeup,7,7,7,7,10,7,10,7,Standard,Standard,256,-0.362,0.795,64.5,7.2,0.453,-0.795,94.2,0,0,0.465,0.535,34,26,35,27,1,3,2,1,2,1,2.98,1.09,-1.09,26.4
CH,2024-09-01,87.3,-2.38,5.7,"Kahnle, Tommy",663457,592454,,foul,,,,,7,Lars Nootbaar doubles (14) on a line drive to right fielder Juan Soto. Nolan Arenado scores. Iván Herrera scores. Jordan Walker scores.,R,L,R,NYY,STL,S,,,2,2,2024,-1.03,0.12,-0.56,1.66,571448,671056,691023,2,7,Top,,,,,,,6.529204922087812,-126.94707646806064,-3.795220609037643,-12.517173369669148,27.854941547599108,-30.22699752280535,3.38,1.61,,,,87.6,1142,6.7,745701,669224,519203,650402,665862,683011,657077,592450,665742,53.85,,,,,,,,64,5,Changeup,7,7,7,7,7,7,7,7,Standard,Standard,252,0.0,0.0,71.7,7.1,,0.0,,0,0,0.465,0.535,34,26,35,27,1,3,2,1,2,1,2.89,1.03,-1.03,31.4
CH,2024-09-01,86.0,-2.52,5.66,"Kahnle, Tommy",663457,592454,,swinging_strike,,,,,5,Lars Nootbaar doubles (14) on a line drive to right fielder Juan Soto. Nolan Arenado scores. Iván Herrera scores. Jordan Walker scores.,R,L,R,NYY,STL,S,,,2,1,2024,-0.91,0.21,-0.09,2.18,571448,671056,691023,2,7,Top,,,,,,,7.662324078940523,-125.05516028204303,-2.4059405351690533,-11.118404883043036,26.064877340964497,-29.711112542139396,3.38,1.61,,,,86.6,1125,6.8,745701,669224,519203,650402,665862,683011,657077,592450,665742,53.73,,,,,,,,64,4,Changeup,7,7,7,7,7,7,7,7,Standard,Standard,255,0.0,-0.05,76.7,8.0,,0.05,,0,0,0.465,0.535,34,26,35,27,1,3,2,1,2,1,2.89,0.91,-0.91,30.1
CH,2024-09-01,87.2,-2.71,5.56,"Kahnle, Tommy",663457,592454,,ball,,,,,13,Lars Nootbaar doubles (14) on a line drive to right fielder Juan Soto. Nolan Arenado scores. Iván Herrera scores. Jordan Walker scores.,R,L,R,NYY,STL,B,,,1,1,2024,-0.93,-0.25,-1.28,0.97,571448,671056,691023,2,7,Top,,,,,,,5.3692514455721465,-126.75551028954467,-4.314483419904414,-11.132706645730224,28.61114703310825,-34.096124709632015,3.12,1.45,,,,87.2,1125,6.6,745701,669224,519203,650402,665862,683011,657077,592450,665742,53.9,,,,,,,,64,3,Changeup,7,7,7,7,7,7,7,7,Standard,Standard,259,0.0,0.052,,,,-0.052,,0,0,0.465,0.535,34,26,35,27,1,3,2,1,2,1,3.28,0.93,-0.93,27.3
CH,2024-09-01,87.3,-2.62,5.64,"Kahnle, Tommy",663457,592454,,ball,,,,,11,Lars Nootbaar doubles (14) on a line drive to right fielder Juan Soto. Nolan Arenado scores. Iván Herrera scores. Jordan Walker scores.,R,L,R,NYY,STL,B,,,0,1,2024,-0.89,-0.01,-1.75,3.04,571448,671056,691023,2,7,Top,,,,,,,3.968345869401459,-127.09117987020426,-0.0692725724908139,-10.45877784549648,25.877904950272494,-32.52894145590649,3.17,1.48,,,,88.2,1104,6.8,745701,669224,519203,650402,665862,683011,657077,592450,665742,53.68,,,,,,,,64,2,Changeup,7,7,7,7,7,7,7,7,Infield shade,Standard,259,0.0,0.031,,,,-0.031,,0,0,0.465,0.535,34,26,35,27,1,3,2,1,2,1,3.0,0.89,-0.89,29.1
CH,2024-09-01,86.4,-2.59,5.76,"Kahnle, Tommy",663457,592454,,called_strike,,,,,4,Lars Nootbaar doubles (14) on a line drive to right fielder Juan Soto. Nolan Arenado scores. Iván Herrera scores. Jordan Walker scores.,R,L,R,NYY,STL,S,,,0,0,2024,-1.0,-0.03,-0.63,2.15,571448,671056,691023,2,7,Top,,,,,,,6.754671827617217,-125.67618430934414,-2.3277094950913604,-11.963905084565727,25.02883455004071,-32.2660409359477,3.22,1.45,,,,87.1,1212,6.7,745701,669224,519203,650402,665862,683011,657077,592450,665742,53.82,,,,,,,,64,1,Changeup,7,7,7,7,7,7,7,7,Standard,Standard,257,0.0,-0.044,,,,0.044,,0,0,0.465,0.535,34,26,35,27,1,3,2,1,2,1,3.08,1.0,-1.0,31.6
FF,2024-09-01,94.5,-2.06,6.05,"Kahnle, Tommy",691023,592454,single,hit_into_play,,,,,6,Jordan Walker singles on a ground ball to right fielder Juan Soto. Nolan Arenado to 3rd. Iván Herrera to 2nd.,R,R,R,NYY,STL,X,9,ground_ball,2,1,2024,-0.47,1.25,0.46,2.45,,571448,671056,2,7,Top,169.03,109.05,,,,,7.650741800088164,-137.35301229926048,-6.568186957245249,-7.483776553842841,27.96074598857778,-15.091632911274944,3.73,1.79,55,105.8,0,95.4,2194,6.7,745701,669224,519203,650402,665862,683011,657077,592450,665742,53.79,0.517,0.484,0.9,1,1,0,4,63,4,4-Seam Fastball,7,7,7,7,7,7,7,7,Standard,Standard,209,-0.046,0.537,77.0,7.9,0.572,-0.537,105.8,0,0,0.511,0.489,34,22,35,22,1,3,2,1,2,1,1.29,0.47,0.47,46.5
CH,2024-09-01,86.9,-2.48,5.72,"Kahnle, Tommy",691023,592454,,ball,,,,,14,Jordan Walker singles on a ground ball to right fielder Juan Soto. Nolan Arenado to 3rd. Iván Herrera to 2nd.,R,R,R,NYY,STL,B,,,1,1,2024,-0.99,0.22,2.32,2.56,,571448,671056,2,7,Top,,,,,,,13.543328684266667,-125.85124187966596,-1.854291204252223,-13.153069852160993,23.63258886654003,-29.596398556452755,3.62,1.76,,,,87.3,1102,6.6,745701,669224,519203,650402,665862,683011,657077,592450,665742,53.87,,,,,,,,63,3,Changeup,7,7,7,7,7,7,7,7,Standard,Strategic,260,0.0,0.042,,,,-0.042,,0,0,0.511,0.489,34,22,35,22,1,3,2,1,2,1,2.8,0.99,0.99,32.0
CH,2024-09-01,87.0,-2.55,5.52,"Kahnle, Tommy",691023,592454,,blocked_ball,,,,,14,Jordan Walker singles on a ground ball to right fielder Juan Soto. Nolan Arenado to 3rd. Iván Herrera to 2nd.,R,R,R,NYY,STL,B,,,0,1,2024,-1.06,0.15,0.81,0.4,,571448,671056,2,7,Top,,,,,,,10.239927420457096,-126.2118089186384,-6.435508689792165,-13.31755064055681,24.03162835792756,-29.43318105362971,3.57,1.71,,,,87.3,1191,6.5,745701,669224,519203,650402,665862,683011,657077,592450,665742,54.01,,,,,,,,63,2,Changeup,7,7,7,7,7,7,7,7,Standard,Standard,260,0.0,0.033,,,,-0.033,,0,0,0.511,0.489,34,22,35,22,1,3,2,1,2,1,2.86,1.06,1.06,22.8
CH,2024-09-01,86.9,-2.68,5.77,"Kahnle, Tommy",691023,592454,,called_strike,,,,,4,Jordan Walker singles on a ground ball to right fielder Juan Soto. Nolan Arenado to 3rd. Iván Herrera to 2nd.,R,R,R,NYY,STL,S,,,0,0,2024,-1.21,0.25,-0.46,2.49,,571448,671056,2,7,Top,,,,,,,7.842449395559688,-126.39018366574297,-2.1792707224115007,-14.60953443609348,26.003839724252483,-29.26618945845677,3.72,1.73,,,,87.3,1263,6.6,745701,669224,519203,650402,665862,683011,657077,592450,665742,53.9,,,,,,,,63,1,Changeup,7,7,7,7,7,7,7,7,Standard,Standard,249,0.0,-0.048,,,,0.048,,0,0,0.511,0.489,34,22,35,22,1,3,2,1,2,1,2.77,1.21,1.21,28.9
FF,2024-09-01,94.0,-2.02,6.06,"Kahnle, Tommy",680977,592454,field_out,hit_into_play,,,,,8,Brendan Donovan lines out to left fielder Alex Verdugo.,R,L,R,NYY,STL,X,7,line_drive,1,2,2024,-0.78,1.19,0.13,1.8,,571448,671056,1,7,Top,76.85,72.26,,,,,7.337918791045804,-136.57296766298117,-8.002865767813635,-11.300861491470094,29.3642143057782,-15.650857399328697,3.26,1.57,337,96.4,23,94.6,2147,6.6,745701,669224,519203,650402,665862,683011,657077,592450,665742,53.85,0.229,0.304,0.0,1,0,0,5,62,4,4-Seam Fastball,7,7,7,7,7,7,7,7,Standard,Standard,210,0.072,-0.175,69.5,6.9,0.485,0.175,96.4,0,0,0.439,0.561,34,27,35,27,1,3,2,1,2,1,1.39,0.78,-0.78,42.4
CH,2024-09-01,86.6,-2.74,5.57,"Kahnle, Tommy",680977,592454,,swinging_strike,,,,,14,Brendan Donovan lines out to left fielder Alex Verdugo.,R,L,R,NYY,STL,S,,,1,1,2024,-0.88,-0.09,0.39,0.91,,571448,671056,1,7,Top,,,,,,,9.316570690029828,-125.7049277249243,-4.708019443077611,-11.275540086169125,26.68762162069102,-32.25061652114342,3.26,1.57,,,,86.7,1135,6.6,745701,669224,519203,650402,665862,683011,657077,592450,665742,53.88,,,,,,,,62,3,Changeup,7,7,7,7,7,7,7,7,Standard,Standard,255,0.0,-0.04,74.4,8.1,,0.04,,0,0,0.439,0.561,34,27,35,27,1,3,2,1,2,1,3.15,0.88,-0.88,25.2
CH,2024-09-01,85.2,-2.83,5.71,"Kahnle, Tommy",680977,592454,,ball,,,,,13,Brendan Donovan lines out to left fielder Alex Verdugo.,R,L,R,NYY,STL,B,,,0,1,2024,-0.82,-0.05,-1.59,2.15,,571448,671056,1,7,Top,,,,,,,4.589688791312694,-123.96607617521988,-1.9432881439603968,-9.405864726116876,25.53930399589254,-32.51644980080291,3.28,1.51,,,,85.5,1120,6.6,745701,669224,519203,650402,665862,683011,657077,592450,665742,53.93,,,,,,,,62,2,Changeup,7,7,7,7,7,7,7,7,Standard,Standard,255,0.0,0.015,,,,-0.015,,0,0,0.439,0.561,34,27,35,27,1,3,2,1,2,1,3.2,0.82,-0.82,27.9
CH,2024-09-01,84.5,-2.77,5.64,"Kahnle, Tommy",680977,592454,,foul,,,,,7,Brendan Donovan lines out to left fielder Alex Verdugo.,R,L,R,NYY,STL,S,,,0,0,2024,-1.0,-0.03,-0.35,1.99,,571448,671056,1,7,Top,,,,,,,7.6708775984596125,-122.82064429462427,-2.0733617234816872,-11.594190065859827,24.046046527080097,-32.31203022521503,3.26,1.57,3,79.4,-37,85.1,1188,6.7,745701,669224,519203,650402,665862,683011,657077,592450,665742,53.78,,,,,,,,62,1,Changeup,7,7,7,7,7,7,7,7,Standard,Standard,254,0.0,-0.039,71.8,7.7,,0.039,88.0,0,0,0.439,0.561,34,27,35,27,1,3,2,1,2,1,3.23,1.0,-1.0,29.7
CH,2024-08-30,87.2,-2.67,5.56,"Kahnle, Tommy",680977,592454,field_out,hit_into_play,,,,,7,"Brendan Donovan grounds out, second baseman Gleyber Torres to first baseman Ben Rice.",R,L,R,NYY,STL,X,4,ground_ball,1,1,2024,-0.82,-0.09,-0.69,2.07,,,,2,8,Top,159.21,148.59,,,,,6.477228665213739,-126.95970336177768,-2.0757558283423703,-10.178671748227314,24.468748527210508,-32.98533605634763,3.28,1.59,105,80.5,8,87.6,1196,6.4,745700,669224,700250,650402,665862,683011,657077,592450,665742,54.14,0.371,0.352,0.0,1,0,0,4,58,3,Changeup,4,3,3,4,3,4,3,4,Infield shade,Standard,258,0.025,-0.244,72.8,7.7,0.43,0.244,88.0,1,-1,0.846,0.154,34,27,35,27,1,3,5,1,2,1,3.07,0.82,-0.82,26.6
CH,2024-08-30,87.3,-2.98,5.48,"Kahnle, Tommy",680977,592454,,ball,,,,,13,"Brendan Donovan grounds out, second baseman Gleyber Torres to first baseman Ben Rice.",R,L,R,NYY,STL,B,,,0,1,2024,-0.88,-0.17,-1.27,2.31,,,,2,8,Top,,,,,,,5.924466474459609,-127.00995032750488,-1.131946956560785,-10.717737928349582,25.936340055101912,-34.03865986647081,3.13,1.49,,,,87.5,1180,6.4,745700,669224,700250,650402,665862,683011,657077,592450,665742,54.08,,,,,,,,58,2,Changeup,4,3,3,4,3,4,3,4,Infield shade,Standard,261,0.0,0.029,,,,-0.029,,1,-1,0.846,0.154,34,27,35,27,1,3,5,1,2,1,3.16,0.88,-0.88,21.3
CH,2024-08-30,86.4,-2.66,5.58,"Kahnle, Tommy",680977,592454,,called_strike,,,,,4,"Brendan Donovan grounds out, second baseman Gleyber Torres to first baseman Ben Rice.",R,L,R,NYY,STL,S,,,0,0,2024,-0.83,-0.29,-0.78,2.27,,,,2,8,Top,,,,,,,6.179728923113759,-125.76341519473256,-1.0524618423629766,-10.048277604293016,25.882067221597396,-35.27667068290915,3.16,1.51,,,,86.4,1172,6.3,745700,669224,700250,650402,665862,683011,657077,592450,665742,54.2,,,,,,,,58,1,Changeup,4,3,3,4,3,4,3,4,Infield shade,Standard,262,0.0,-0.041,,,,0.041,,1,-1,0.846,0.154,34,27,35,27,1,3,5,1,2,1,3.35,0.83,-0.83,26.0
CH,2024-08-25,88.1,-2.67,5.62,"Kahnle, Tommy",453568,592454,walk,ball,,,,,11,Charlie Blackmon walks.,R,L,R,NYY,COL,B,,,3,2,2024,-0.87,-0.15,-0.97,3.14,,,,1,7,Top,,,,,,,5.986097340852113,-128.2541569867159,0.3460745612983669,-10.807336303621767,24.93211389159291,-34.13329803368294,3.46,1.59,,,,89.2,1159,6.8,745706,624431,518934,650402,665862,683011,657077,592450,665742,53.71,,0.689131,0.7,1,0,0,,55,7,Changeup,4,3,3,4,3,4,3,4,Strategic,Standard,249,-0.049,0.348,,,,-0.348,,1,-1,0.743,0.257,34,37,35,38,1,3,1,1,5,2,3.07,0.87,-0.87,35.4
CH,2024-08-25,89.3,-2.5,5.66,"Kahnle, Tommy",453568,592454,,foul,,,,,7,Charlie Blackmon walks.,R,L,R,NYY,COL,S,,,3,2,2024,-1.09,0.07,-0.64,1.92,,,,1,7,Top,,,,,,,6.921022106717062,-129.90630953382055,-3.368505352672459,-13.782905620790263,26.414442605224902,-30.935204528518515,3.46,1.66,1,70.5,-53,90.2,1321,6.8,745706,624431,518934,650402,665862,683011,657077,592450,665742,53.69,,,,,,,,55,6,Changeup,4,3,3,4,3,4,3,4,Infield shade,Standard,253,0.0,0.0,63.0,7.3,,0.0,88.0,1,-1,0.743,0.257,34,37,35,38,1,3,1,1,5,2,2.79,1.09,-1.09,33.2
FF,2024-08-25,95.0,-2.22,5.92,"Kahnle, Tommy",453568,592454,,called_strike,,,,,7,Charlie Blackmon walks.,R,L,R,NYY,COL,S,,,3,1,2024,-0.69,1.2,-0.53,1.93,,,,1,7,Top,,,,,,,6.057034077246797,-138.172634477743,-7.586031191068307,-10.21402173905371,29.26157161698079,-15.270564239363678,3.46,1.64,,,,96.1,2169,6.9,745706,624431,518934,650402,665862,683011,657077,592450,665742,53.64,,,,,,,,55,5,4-Seam Fastball,4,3,3,4,3,4,3,4,Strategic,Standard,209,0.0,-0.092,,,,0.092,,1,-1,0.743,0.257,34,37,35,38,1,3,1,1,5,2,1.32,0.69,-0.69,46.0
FF,2024-08-25,94.6,-2.32,5.9,"Kahnle, Tommy",453568,592454,,called_strike,,,,,4,Charlie Blackmon walks.,R,L,R,NYY,COL,S,,,3,0,2024,-0.89,1.18,-0.43,2.47,,,,1,7,Top,,,,,,,6.9696567440123465,-137.50936742286763,-5.935586576455823,-12.7673414182077,29.771619587762537,-16.080588998401627,3.49,1.64,,,,95.4,2083,6.8,745706,624431,518934,650402,665862,683011,657077,592450,665742,53.72,,,,,,,,55,4,4-Seam Fastball,4,3,3,4,3,4,3,4,Standard,Standard,216,0.0,-0.081,,,,0.081,,1,-1,0.743,0.257,34,37,35,38,1,3,1,1,5,2,1.37,0.89,-0.89,41.2
CH,2024-08-25,87.5,-2.75,5.62,"Kahnle, Tommy",453568,592454,,ball,,,,,14,Charlie Blackmon walks.,R,L,R,NYY,COL,B,,,2,0,2024,-1.25,-0.1,0.19,0.71,,,,1,7,Top,,,,,,,9.733811726435878,-127.01546801675497,-5.490619835628353,-15.508801555104927,26.76983323535201,-32.222660496156806,3.49,1.64,,,,87.9,1185,6.7,745706,624431,518934,650402,665862,683011,657077,592450,665742,53.77,,,,,,,,55,3,Changeup,4,3,3,4,3,4,3,4,Standard,Standard,258,0.0,0.139,,,,-0.139,,1,-1,0.743,0.257,34,37,35,38,1,3,1,1,5,2,3.1,1.25,-1.25,29.7
CH,2024-08-25,87.6,-2.64,5.53,"Kahnle, Tommy",453568,592454,,ball,,,,,13,Charlie Blackmon walks.,R,L,R,NYY,COL,B,,,1,0,2024,-1.0,-0.01,-0.13,0.52,,,,1,7,Top,,,,,,,8.17885450471225,-127.21473376582776,-5.937313424492855,-12.575210460890252,26.92630786059792,-31.189216198329376,3.49,1.64,,,,88.1,1267,6.8,745706,624431,518934,650402,665862,683011,657077,592450,665742,53.73,,,,,,,,55,2,Changeup,4,3,3,4,3,4,3,4,Standard,Standard,258,0.0,0.072,,,,-0.072,,1,-1,0.743,0.257,34,37,35,38,1,3,1,1,5,2,3.0,1.0,-1.0,29.4
CH,2024-08-25,85.5,-2.7,5.58,"Kahnle, Tommy",453568,592454,,ball,,,,,13,Charlie Blackmon walks.,R,L,R,NYY,COL,B,,,0,0,2024,-1.02,-0.37,-0.05,0.97,,,,1,7,Top,,,,,,,8.344448347770648,-124.16590916681903,-3.7867420622369368,-12.245548635460953,26.885875431398613,-35.32059668644509,3.41,1.64,,,,85.7,1038,6.7,745706,624431,518934,650402,665862,683011,657077,592450,665742,53.76,,,,,,,,55,1,Changeup,4,3,3,4,3,4,3,4,Standard,Standard,267,0.0,0.039,,,,-0.039,,1,-1,0.743,0.257,34,37,35,38,1,3,1,1,5,2,3.52,1.02,-1.02,26.5
CH,2024-08-25,87.7,-2.67,5.64,"Kahnle, Tommy",691011,592454,field_out,hit_into_play,,,,,13,"Drew Romo grounds out, first baseman DJ LeMahieu to pitcher Tommy Kahnle.",R,L,R,NYY,COL,X,3,ground_ball,2,2,2024,-1.07,0.16,-0.96,1.66,,,,0,7,Top,146.73,175.58,,,,,6.399533876797672,-127.5853239823652,-3.845041310958907,-13.01712681364152,26.99951329689609,-29.763856901316064,3.41,1.56,10,69.7,-10,88.4,1142,6.8,745706,624431,518934,650402,665862,683011,657077,592450,665742,53.69,0.034,0.05,0.0,1,0,0,2,54,5,Changeup,4,3,3,4,3,4,3,4,Infield shade,Standard,248,0.043,-0.227,64.1,7.5,0.034,0.227,88.0,1,-1,0.7,0.3,34,22,35,23,1,2,1,1,5,3,2.81,1.07,-1.07,29.0
CH,2024-08-25,86.2,-2.61,5.64,"Kahnle, Tommy",691011,592454,,foul,,,,,7,"Drew Romo grounds out, first baseman DJ LeMahieu to pitcher Tommy Kahnle.",R,L,R,NYY,COL,S,,,2,1,2024,-0.8,-0.22,-0.6,1.62,,,,0,7,Top,,,,,,,6.454142234541153,-125.3939578634374,-2.8800605479789194,-9.767557938822367,26.03714522729263,-34.094294752654086,3.41,1.56,,,,86.7,1191,6.7,745706,624431,518934,650402,665862,683011,657077,592450,665742,53.81,,,,,,,,54,4,Changeup,4,3,3,4,3,4,3,4,Infield shade,Standard,255,0.0,-0.069,68.4,7.7,,0.069,,1,-1,0.7,0.3,34,22,35,23,1,2,1,1,5,3,3.3,0.8,-0.8,31.1
CH,2024-08-25,87.9,-2.76,5.57,"Kahnle, Tommy",691011,592454,,ball,,,,,13,"Drew Romo grounds out, first baseman DJ LeMahieu to pitcher Tommy Kahnle.",R,L,R,NYY,COL,B,,,1,1,2024,-1.14,0.1,-0.59,-0.15,,,,0,7,Top,,,,,,,7.6339897055125405,-127.5827132866388,-7.994910066576624,-13.975972672241223,25.450025835722336,-29.6203607907924,2.97,1.33,,,,88.4,1253,6.7,745706,624431,518934,650402,665862,683011,657077,592450,665742,53.84,,,,,,,,54,3,Changeup,4,3,3,4,3,4,3,4,Infield shade,Standard,261,0.0,0.053,,,,-0.053,,1,-1,0.7,0.3,34,22,35,23,1,2,1,1,5,3,2.86,1.14,-1.14,26.6
FF,2024-08-25,93.8,-2.15,6.02,"Kahnle, Tommy",691011,592454,,called_strike,,,,,5,"Drew Romo grounds out, first baseman DJ LeMahieu to pitcher Tommy Kahnle.",R,L,R,NYY,COL,S,,,1,0,2024,-0.8,1.24,0.04,2.27,,,,0,7,Top,,,,,,,7.514788063853796,-136.36695564837802,-6.7806108955342745,-11.584907373122764,28.993737831960576,-15.43181381751912,3.02,1.48,,,,94.7,2096,6.8,745706,624431,518934,650402,665862,683011,657077,592450,665742,53.69,,,,,,,,54,2,4-Seam Fastball,4,3,3,4,3,4,3,4,Infield shade,Standard,209,0.0,-0.049,,,,0.049,,1,-1,0.7,0.3,34,22,35,23,1,2,1,1,5,3,1.35,0.8,-0.8,44.6
CH,2024-08-25,86.3,-2.54,5.66,"Kahnle, Tommy",691011,592454,,ball,,,,,14,"Drew Romo grounds out, first baseman DJ LeMahieu to pitcher Tommy Kahnle.",R,L,R,NYY,COL,B,,,0,0,2024,-1.0,0.1,0.05,0.93,,,,0,7,Top,,,,,,,8.25677026559587,-125.4712924033846,-5.285271761348248,-12.132106747885844,23.74209387853629,-30.29384065125129,2.97,1.33,,,,87.3,1277,6.8,745706,624431,518934,650402,665862,683011,657077,592450,665742,53.71,,,,,,,,54,1,Changeup,4,3,3,4,3,4,3,4,Infield shade,Standard,256,0.0,0.038,,,,-0.038,,1,-1,0.7,0.3,34,22,35,23,1,2,1,1,5,3,2.95,1.0,-1.0,30.0
CH,2024-08-25,88.2,-2.28,5.7,"Kahnle, Tommy",666134,592454,field_out,hit_into_play,,,,,13,"Nolan Jones grounds out, shortstop Anthony Volpe to first baseman DJ LeMahieu.",R,L,R,NYY,COL,X,6,ground_ball,0,2,2024,-0.9,0.31,-0.96,2.26,,,,2,6,Top,114.59,159.21,,,,,5.142544646459015,-128.47970420074807,-3.0103615624557043,-11.032329834180633,24.67767527996595,-28.338773745332084,3.71,1.76,4,68.2,-28,89.2,1130,6.7,745706,624431,518934,650402,665862,683011,657077,592450,665742,53.81,0.049,0.049,0.0,1,0,0,2,50,3,Changeup,4,3,3,4,3,4,3,4,Infield shade,Standard,250,0.017,-0.157,69.8,7.3,0.049,0.157,88.0,1,-1,0.729,0.271,34,26,35,26,1,2,1,1,5,1,2.6,0.9,-0.9,34.7
CH,2024-08-25,88.1,-2.56,5.75,"Kahnle, Tommy",666134,592454,,foul,,,,,7,"Nolan Jones grounds out, shortstop Anthony Volpe to first baseman DJ LeMahieu.",R,L,R,NYY,COL,S,,,0,1,2024,-0.89,0.48,-0.44,2.37,,,,2,6,Top,,,,,,,7.047957019271148,-128.19047701533526,-3.142928348119942,-11.275835994979207,25.12603290514676,-26.460603736220783,3.71,1.76,4,67.5,-30,88.9,1202,6.6,745706,624431,518934,650402,665862,683011,657077,592450,665742,53.85,,,,,,,,50,2,Changeup,4,3,3,4,3,4,3,4,Infield shade,Standard,251,0.0,-0.058,69.8,7.5,,0.058,88.0,1,-1,0.729,0.271,34,26,35,26,1,2,1,1,5,1,2.45,0.89,-0.89,30.3
FF,2024-08-25,95.3,-2.14,6.01,"Kahnle, Tommy",666134,592454,,called_strike,,,,,1,"Nolan Jones grounds out, shortstop Anthony Volpe to first baseman DJ LeMahieu.",R,L,R,NYY,COL,S,,,0,0,2024,-0.81,1.29,-0.46,3.02,,,,2,6,Top,,,,,,,6.301243045377596,-138.6608662299847,-5.187069122697969,-11.90449062420146,30.663329879242813,-14.515380156508035,3.46,1.59,,,,96.2,2207,6.8,745706,624431,518934,650402,665862,683011,657077,592450,665742,53.71,,,,,,,,50,1,4-Seam Fastball,4,3,3,4,3,4,3,4,Strategic,Standard,212,0.0,-0.041,,,,0.041,,1,-1,0.729,0.271,34,26,35,26,1,2,1,1,5,1,1.22,0.81,-0.81,41.6
CH,2024-08-25,86.6,-2.61,5.63,"Kahnle, Tommy",595909,592454,field_out,hit_into_play,,,,,13,"Jake Cave grounds out, third baseman Jazz Chisholm Jr. to first baseman DJ LeMahieu.",R,L,R,NYY,COL,X,5,ground_ball,1,1,2024,-0.99,0.33,-1.38,2.29,,,,1,6,Top,105.49,180.43,,,,,4.971724126785662,-125.99087386227777,-2.4173972160741948,-11.521272876172889,26.640912548359665,-28.41988404902697,3.35,1.61,5,65.8,-21,86.8,1253,6.5,745706,624431,518934,650402,665862,683011,657077,592450,665742,53.96,0.037,0.051,0.0,1,0,0,2,49,3,Changeup,4,3,3,4,3,4,3,4,Infield shade,Standard,255,0.026,-0.243,64.2,6.9,0.044,0.243,88.0,1,-1,0.703,0.297,34,31,35,32,1,2,1,1,5,1,2.72,0.99,-0.99,28.2
FF,2024-08-25,95.1,-2.11,6.03,"Kahnle, Tommy",595909,592454,,ball,,,,,11,"Jake Cave grounds out, third baseman Jazz Chisholm Jr. to first baseman DJ LeMahieu.",R,L,R,NYY,COL,B,,,0,1,2024,-0.68,1.36,-0.11,3.57,,,,1,6,Top,,,,,,,6.802725789570553,-138.30417572583156,-3.833989326897771,-10.305276895000176,32.15214503835406,-14.022480145378353,3.39,1.61,,,,95.4,2214,6.6,745706,624431,518934,650402,665862,683011,657077,592450,665742,53.91,,,,,,,,49,2,4-Seam Fastball,4,3,3,4,3,4,3,4,Infield shade,Standard,210,0.0,0.024,,,,-0.024,,1,-1,0.703,0.297,34,31,35,32,1,2,1,1,5,1,1.17,0.68,-0.68,42.5
CH,2024-08-25,86.9,-2.58,5.65,"Kahnle, Tommy",595909,592454,,called_strike,,,,,5,"Jake Cave grounds out, third baseman Jazz Chisholm Jr. to first baseman DJ LeMahieu.",R,L,R,NYY,COL,S,,,0,0,2024,-0.78,-0.1,-0.07,2.68,,,,1,6,Top,,,,,,,7.640181877092566,-126.36312228614857,-0.7073005180016327,-9.889149045393005,25.51099748609958,-33.33651023681066,3.39,1.59,,,,87.4,1128,6.6,745706,624431,518934,650402,665862,683011,657077,592450,665742,53.88,,,,,,,,49,1,Changeup,4,3,3,4,3,4,3,4,Strategic,Standard,259,0.0,-0.037,,,,0.037,,1,-1,0.703,0.297,34,31,35,32,1,2,1,1,5,1,3.12,0.78,-0.78,29.8
CH,2024-08-25,87.2,-2.5,5.7,"Kahnle, Tommy",669911,592454,strikeout,swinging_strike,,,,,8,Michael Toglia strikes out swinging.,R,L,R,NYY,COL,S,2,,2,2,2024,-1.03,0.11,-0.14,2.22,,,,0,6,Top,,,,,,,7.80850558012349,-126.71086147998167,-2.4018865003540304,-12.67356114330548,26.38295040970495,-30.664817526940052,3.73,1.8,,,,87.5,1155,6.6,745706,624431,518934,650402,665862,683011,657077,592450,665742,53.88,,0.0,0.0,1,0,0,,48,5,Changeup,4,3,3,4,3,4,3,4,Infield shade,Standard,256,0.036,-0.227,69.9,8.6,,0.227,,1,-1,0.667,0.333,34,25,35,26,1,2,1,1,5,1,2.9,1.03,-1.03,29.6
CH,2024-08-25,86.8,-2.55,5.67,"Kahnle, Tommy",669911,592454,,foul,,,,,13,Michael Toglia strikes out swinging.,R,L,R,NYY,COL,S,,,2,1,2024,-1.24,-0.29,-1.11,2.15,,,,0,6,Top,,,,,,,6.004819592902227,-126.27642835471696,-1.5663168702871162,-14.481842820414109,28.30777903321072,-35.121318862411655,3.73,1.8,24,19.5,49,86.9,1222,6.6,745706,624431,518934,650402,665862,683011,657077,592450,665742,53.93,,,,,,,,48,4,Changeup,4,3,3,4,3,4,3,4,Strategic,Standard,257,0.0,-0.069,70.0,7.7,,0.069,88.0,1,-1,0.667,0.333,34,25,35,26,1,2,1,1,5,1,3.34,1.24,-1.24,25.2
CH,2024-08-25,86.9,-2.35,5.85,"Kahnle, Tommy",669911,592454,,ball,,,,,13,Michael Toglia strikes out swinging.,R,L,R,NYY,COL,B,,,1,1,2024,-1.11,0.23,-1.44,1.78,,,,0,6,Top,,,,,,,4.475680631472847,-126.51491248710698,-4.050095451388247,-12.792940075122257,26.13936329861775,-29.08500867267026,3.8,1.87,,,,87.3,1132,6.5,745706,624431,518934,650402,665862,683011,657077,592450,665742,53.99,,,,,,,,48,3,Changeup,4,3,3,4,3,4,3,4,Strategic,Standard,255,0.0,0.053,,,,-0.053,,1,-1,0.667,0.333,34,25,35,26,1,2,1,1,5,1,2.79,1.11,-1.11,32.3
CH,2024-08-25,87.4,-2.66,5.67,"Kahnle, Tommy",669911,592454,,ball,,,,,13,Michael Toglia strikes out swinging.,R,L,R,NYY,COL,B,,,0,1,2024,-1.01,-0.39,-0.08,0.88,,,,0,6,Top,,,,,,,8.318216218282807,-126.92530777997392,-4.525903858927759,-12.66459867782169,28.521373988143697,-35.572606034568516,3.7,1.85,,,,87.3,1238,6.5,745706,624431,518934,650402,665862,683011,657077,592450,665742,53.96,,,,,,,,48,2,Changeup,4,3,3,4,3,4,3,4,Strategic,Standard,257,0.0,0.025,,,,-0.025,,1,-1,0.667,0.333,34,25,35,26,1,2,1,1,5,1,3.41,1.01,-1.01,27.9
CH,2024-08-25,87.4,-2.72,5.7,"Kahnle, Tommy",669911,592454,,swinging_strike,,,,,8,Michael Toglia strikes out swinging.,R,L,R,NYY,COL,S,,,0,0,2024,-1.01,-0.22,0.01,2.0,,,,0,6,Top,,,,,,,8.659263880599376,-126.8623948359114,-2.19625358362258,-12.752056027393088,29.032835737605904,-34.30174833546447,3.73,1.8,,,,87.1,1137,6.5,745706,624431,518934,650402,665862,683011,657077,592450,665742,54.02,,,,,,,,48,1,Changeup,4,3,3,4,3,4,3,4,Strategic,Standard,260,0.0,-0.037,71.5,9.0,,0.037,,1,-1,0.667,0.333,34,25,35,26,1,2,1,1,5,1,3.25,1.01,-1.01,28.8
FF,2024-08-24,94.2,-1.99,6.0,"Kahnle, Tommy",453568,592454,field_out,hit_into_play,,,,,5,"Charlie Blackmon grounds out, second baseman Oswaldo Cabrera to first baseman Ben Rice.",R,L,R,NYY,COL,X,4,ground_ball,0,1,2024,-0.27,1.16,-0.13,2.84,,691011,,2,9,Top,150.36,154.96,,,,,5.482846692667778,-137.1581169727097,-5.1369253674625,-4.629807851340624,28.92158097225693,-16.58082932912386,3.46,1.65,7,87.1,-20,95.2,2121,6.7,745703,669224,700250,665828,665862,683011,657077,663757,665742,53.78,0.071,0.079,0.0,1,0,0,2,79,2,4-Seam Fastball,2,9,9,2,9,2,9,2,Strategic,Standard,204,0.0,-0.26,68.2,6.6,0.082,0.26,88.0,-7,7,0.001,0.999,34,37,35,38,1,5,4,1,1,1,1.4,0.27,-0.27,45.2
CH,2024-08-24,86.8,-2.55,5.62,"Kahnle, Tommy",453568,592454,,called_strike,,,,,7,"Charlie Blackmon grounds out, second baseman Oswaldo Cabrera to first baseman Ben Rice.",R,L,R,NYY,COL,S,,,0,0,2024,-1.11,0.25,-0.77,1.86,,691011,,2,9,Top,,,,,,,6.589623895382039,-126.32063943026218,-3.379291843673328,-13.15203701449731,23.924886009076584,-29.00755947990659,3.49,1.65,,,,87.8,1281,6.8,745703,669224,700250,665828,665862,683011,657077,663757,665742,53.72,,,,,,,,79,1,Changeup,2,9,9,2,9,2,9,2,Strategic,Standard,252,0.0,-0.04,,,,0.04,,-7,7,0.001,0.999,34,37,35,38,1,5,4,1,1,1,2.76,1.11,-1.11,33.5
CH,2024-08-24,86.8,-2.45,5.56,"Kahnle, Tommy",691011,592454,double,hit_into_play,,,,,5,Drew Romo doubles (1) on a line drive to right fielder Juan Soto.,R,L,R,NYY,COL,X,9,line_drive,1,1,2024,-0.85,0.12,0.18,2.3,,,,2,9,Top,214.24,103.77,,,,,8.105752093553235,-126.2535518746685,-1.8816358233595447,-10.712762929521183,24.216654413777096,-30.769252607394364,3.41,1.56,319,90.9,25,87.7,1051,6.8,745703,669224,700250,665828,665862,683011,657077,663757,665742,53.75,0.106,0.121,1.25,1,1,1,3,78,3,Changeup,2,9,9,2,9,2,9,2,Infield shade,Standard,257,0.0,0.626,69.4,7.4,0.203,-0.626,90.9,-7,7,0.001,0.999,34,22,35,23,1,4,4,3,1,1,2.9,0.85,-0.85,30.0
CH,2024-08-24,86.5,-2.73,5.5,"Kahnle, Tommy",691011,592454,,foul,,,,,8,Drew Romo doubles (1) on a line drive to right fielder Juan Soto.,R,L,R,NYY,COL,S,,,1,0,2024,-0.88,0.14,0.05,1.57,,,,2,9,Top,,,,,,,8.47518130069868,-125.80645669981642,-3.475394875165067,-10.977568108693044,24.45165671602088,-30.221939257759637,3.41,1.56,6,59.5,-17,87.2,1087,6.7,745703,669224,700250,665828,665862,683011,657077,663757,665742,53.81,,,,,,,,78,2,Changeup,2,9,9,2,9,2,9,2,Infield shade,Standard,259,0.0,-0.051,68.8,8.1,,0.051,88.0,-7,7,0.001,0.999,34,22,35,23,1,4,4,3,1,1,2.9,0.88,-0.88,24.6
CH,2024-08-24,87.1,-2.8,5.54,"Kahnle, Tommy",691011,592454,,ball,,,,,13,Drew Romo doubles (1) on a line drive to right fielder Juan Soto.,R,L,R,NYY,COL,B,,,0,0,2024,-1.16,0.16,-1.4,2.04,,,,2,9,Top,,,,,,,5.783969360833172,-126.69298458505943,-2.5765529396132747,-13.664017788141171,25.69241749266527,-30.182490484591263,3.02,1.49,,,,87.8,1168,6.7,745703,669224,700250,665828,665862,683011,657077,663757,665742,53.78,,,,,,,,78,1,Changeup,2,9,9,2,9,2,9,2,Strategic,Standard,260,0.0,0.04,,,,-0.04,,-7,7,0.001,0.999,34,22,35,23,1,4,4,3,1,1,2.85,1.16,-1.16,26.6
FF,2024-08-24,95.5,-1.93,6.04,"Kahnle, Tommy",666134,592454,strikeout,swinging_strike,,,,,2,Nolan Jones strikes out swinging.,R,L,R,NYY,COL,S,2,,0,2,2024,-0.45,1.3,0.07,3.19,,,,1,9,Top,,,,,,,6.33270607205055,-138.91415770221863,-4.87047487280398,-7.272532616239784,29.93349463926872,-14.39610286125052,3.73,1.77,,,,96.2,2163,6.6,745703,669224,700250,665828,665862,683011,657077,663757,665742,53.86,,0.0,0.0,1,0,0,,77,5,4-Seam Fastball,2,9,9,2,9,2,9,2,Infield shade,Standard,201,0.0,-0.162,64.2,5.2,,0.162,,-7,7,0.001,0.999,34,26,35,26,1,4,4,1,1,1,1.19,0.45,-0.45,42.5
CH,2024-08-24,88.4,-2.34,5.78,"Kahnle, Tommy",666134,592454,,foul,,,,,13,Nolan Jones strikes out swinging.,R,L,R,NYY,COL,S,,,0,2,2024,-1.06,-0.17,-0.77,1.29,,,,1,9,Top,,,,,,,6.084041480441202,-128.628652457243,-4.518070181418524,-13.035893081273056,27.433410601160173,-33.310527306159635,3.73,1.77,,,,89.0,1148,6.7,745703,669224,700250,665828,665862,683011,657077,663757,665742,53.78,,,,,,,,77,4,Changeup,2,9,9,2,9,2,9,2,Infield shade,Standard,250,0.0,0.0,68.6,7.2,,0.0,,-7,7,0.001,0.999,34,26,35,26,1,4,4,1,1,1,3.1,1.06,-1.06,35.8
FF,2024-08-24,95.9,-2.15,6.0,"Kahnle, Tommy",666134,592454,,foul,,,,,2,Nolan Jones strikes out swinging.,R,L,R,NYY,COL,S,,,0,2,2024,-0.76,1.29,0.12,3.15,,,,1,9,Top,,,,,,,7.786692595531441,-139.5134979519387,-4.900270824422992,-11.64273884524794,30.40607978909238,-14.395087069626712,3.73,1.77,183,75.8,64,96.6,2183,6.6,745703,669224,700250,665828,665862,683011,657077,663757,665742,53.86,,,,,,,,77,3,4-Seam Fastball,2,9,9,2,9,2,9,2,Infield shade,Standard,208,0.0,0.0,63.9,6.1,,0.0,88.0,-7,7,0.001,0.999,34,26,35,26,1,4,4,1,1,1,1.18,0.76,-0.76,41.8
CH,2024-08-24,87.9,-2.5,5.58,"Kahnle, Tommy",666134,592454,,called_strike,,,,,7,Nolan Jones strikes out swinging.,R,L,R,NYY,COL,S,,,0,1,2024,-1.06,0.09,-0.57,1.68,,,,1,9,Top,,,,,,,6.929076583531014,-127.9118105925098,-3.574299123881252,-13.009298640810693,24.305226596760328,-30.698120516220666,3.75,1.78,,,,88.8,1236,6.7,745703,669224,700250,665828,665862,683011,657077,663757,665742,53.82,,,,,,,,77,2,Changeup,2,9,9,2,9,2,9,2,Infield shade,Standard,254,0.0,-0.057,,,,0.057,,-7,7,0.001,0.999,34,26,35,26,1,4,4,1,1,1,2.84,1.06,-1.06,28.7
CH,2024-08-24,86.7,-2.55,5.61,"Kahnle, Tommy",666134,592454,,called_strike,,,,,8,Nolan Jones strikes out swinging.,R,L,R,NYY,COL,S,,,0,0,2024,-1.05,-0.22,0.22,1.55,,,,1,9,Top,,,,,,,8.831849229004133,-126.04575937904006,-3.095581451761528,-12.94972530226462,24.010025035452117,-34.15695216833157,3.54,1.57,,,,87.5,1209,6.7,745703,669224,700250,665828,665862,683011,657077,663757,665742,53.77,,,,,,,,77,1,Changeup,2,9,9,2,9,2,9,2,Infield shade,Standard,260,0.0,-0.037,,,,0.037,,-7,7,0.001,0.999,34,26,35,26,1,4,4,1,1,1,3.25,1.05,-1.05,29.7
CH,2024-08-24,87.7,-2.53,5.62,"Kahnle, Tommy",595909,592454,strikeout,foul_tip,,,,,14,Jake Cave strikes out on a foul tip.,R,L,R,NYY,COL,S,2,,1,2,2024,-1.04,-0.14,0.12,0.87,,,,0,9,Top,,,,,,,8.612370031336155,-127.4884350419565,-5.114728779951031,-13.060394615277554,24.7483294978154,-32.887961462513466,3.35,1.61,,,,88.5,1182,6.7,745703,669224,700250,665828,665862,683011,657077,663757,665742,53.81,,0.0,0.0,1,0,0,,76,4,Changeup,2,9,9,2,9,2,9,2,Infield shade,Standard,255,0.0,-0.186,55.1,7.7,,0.186,,-7,7,0.001,0.999,34,31,35,32,1,4,4,7,1,1,3.1,1.04,-1.04,28.2
CH,2024-08-24,86.5,-2.46,5.69,"Kahnle, Tommy",595909,592454,,swinging_strike,,,,,13,Jake Cave strikes out on a foul tip.,R,L,R,NYY,COL,S,,,1,1,2024,-1.09,-0.18,-0.26,0.76,,,,0,9,Top,,,,,,,7.504556896139087,-125.8144958452238,-5.234668533351461,-13.09715632466859,23.819782450195177,-33.241721888990476,3.35,1.61,,,,87.0,1161,6.5,745703,669224,700250,665828,665862,683011,657077,663757,665742,54.05,,,,,,,,76,3,Changeup,2,9,9,2,9,2,9,2,Infield shade,Standard,253,0.0,-0.056,70.4,8.1,,0.056,,-7,7,0.001,0.999,34,31,35,32,1,4,4,7,1,1,3.21,1.09,-1.09,27.7
FF,2024-08-24,94.1,-2.11,6.1,"Kahnle, Tommy",595909,592454,,ball,,,,,1,Jake Cave strikes out on a foul tip.,R,L,R,NYY,COL,B,,,0,1,2024,-0.56,1.3,-0.72,3.14,,,,0,9,Top,,,,,,,4.869160553691683,-137.0629435544607,-4.949541195102855,-8.097710635731628,27.00965475945904,-14.822888358712714,3.32,1.57,,,,95.1,2126,6.6,745703,669224,700250,665828,665862,683011,657077,663757,665742,53.95,,,,,,,,76,2,4-Seam Fastball,2,9,9,2,9,2,9,2,Infield shade,Standard,202,0.0,0.025,,,,-0.025,,-7,7,0.001,0.999,34,31,35,32,1,4,4,7,1,1,1.24,0.56,-0.56,42.5
CH,2024-08-24,86.3,-2.57,5.79,"Kahnle, Tommy",595909,592454,,called_strike,,,,,5,Jake Cave strikes out on a foul tip.,R,L,R,NYY,COL,S,,,0,0,2024,-0.8,-0.16,-0.02,2.43,,,,0,9,Top,,,,,,,7.735586655919185,-125.49266861222723,-1.478177140636775,-10.00476436068998,24.331396165322772,-33.77949525620594,3.31,1.57,,,,86.9,1018,6.6,745703,669224,700250,665828,665862,683011,657077,663757,665742,53.89,,,,,,,,76,1,Changeup,2,9,9,2,9,2,9,2,Infield shade,Standard,256,0.0,-0.037,,,,0.037,,-7,7,0.001,0.999,34,31,35,32,1,4,4,7,1,1,3.21,0.8,-0.8,31.6
CH,2024-08-20,87.5,-2.36,5.65,"Kahnle, Tommy",681807,592454,field_out,hit_into_play,,,,,8,"David Fry grounds out, third baseman Oswaldo Cabrera to first baseman DJ LeMahieu.",R,R,R,NYY,CLE,X,5,ground_ball,0,2,2024,-1.0,0.33,0.0,2.03,,,647304,2,8,Top,104.05,158.02,,,,,7.818086445502434,-127.19699039674046,-3.261089329326325,-12.492784497310954,26.88132454942413,-28.130454305469783,3.38,1.54,5,104.0,-19,88.1,1184,6.8,745707,624431,518934,650402,665828,683011,657077,592450,665742,53.74,0.166,0.146,0.0,1,0,0,2,70,3,Changeup,3,3,3,3,3,3,3,3,Standard,Standard,252,0.051,-0.17,71.6,7.8,0.166,0.17,104.0,0,0,0.554,0.446,34,28,35,29,1,2,2,2,4,1,2.66,1.0,1.0,30.1
CH,2024-08-20,85.8,-2.2,5.72,"Kahnle, Tommy",681807,592454,,swinging_strike,,,,,2,"David Fry grounds out, third baseman Oswaldo Cabrera to first baseman DJ LeMahieu.",R,R,R,NYY,CLE,S,,,0,1,2024,-1.01,0.15,0.1,3.25,,,647304,2,8,Top,,,,,,,7.5185387697920945,-124.83299196303096,0.076302913063224,-11.969527818229285,23.1844169459588,-30.854773278166288,3.38,1.54,,,,86.5,1175,6.6,745707,624431,518934,650402,665828,683011,657077,592450,665742,53.93,,,,,,,,70,2,Changeup,3,3,3,3,3,3,3,3,Standard,Standard,250,0.0,-0.054,73.1,7.8,,0.054,,0,0,0.554,0.446,34,28,35,29,1,2,2,2,4,1,2.93,1.01,1.01,33.3
CH,2024-08-20,86.2,-2.55,5.72,"Kahnle, Tommy",681807,592454,,called_strike,,,,,5,"David Fry grounds out, third baseman Oswaldo Cabrera to first baseman DJ LeMahieu.",R,R,R,NYY,CLE,S,,,0,0,2024,-1.11,0.23,-0.07,2.23,,,647304,2,8,Top,,,,,,,8.197096626590625,-125.31576338580778,-2.59239788124961,-13.221485889190475,22.288429525352715,-29.407720377083667,3.43,1.43,,,,87.3,1204,6.8,745707,624431,518934,650402,665828,683011,657077,592450,665742,53.73,,,,,,,,70,1,Changeup,3,3,3,3,3,3,3,3,Standard,Standard,249,0.0,-0.047,,,,0.047,,0,0,0.554,0.446,34,28,35,29,1,2,2,2,4,1,2.81,1.11,1.11,33.4
CH,2024-08-20,85.8,-2.4,5.7,"Kahnle, Tommy",647304,592454,walk,ball,,,,,11,Josh Naylor walks.,R,L,R,NYY,CLE,B,,,3,1,2024,-1.17,0.49,-0.85,3.22,,,,2,8,Top,,,,,,,6.09785819415516,-124.87455737789936,-0.6317858680809799,-13.47761192136226,23.459784746195837,-27.110966150385305,3.1,1.38,,,,86.9,1236,6.8,745707,624431,518934,650402,665828,683011,657077,592450,665742,53.67,,0.689131,0.7,1,0,0,,69,5,Changeup,3,3,3,3,3,3,3,3,Infield shade,Standard,254,-0.026,0.178,,,,-0.178,,0,0,0.58,0.42,34,27,35,27,1,4,2,2,4,1,2.59,1.17,-1.17,34.6
CH,2024-08-20,84.4,-2.5,5.58,"Kahnle, Tommy",647304,592454,,ball,,,,,11,Josh Naylor walks.,R,L,R,NYY,CLE,B,,,2,1,2024,-0.87,0.06,-1.13,3.22,,,,2,8,Top,,,,,,,4.965521712650493,-122.90666051542917,0.723702975683155,-9.73398660470182,22.518377808632252,-31.86670884508572,3.08,1.33,,,,85.6,1208,6.8,745707,624431,518934,650402,665828,683011,657077,592450,665742,53.66,,,,,,,,69,4,Changeup,3,3,3,3,3,3,3,3,Infield shade,Standard,259,0.0,0.112,,,,-0.112,,0,0,0.58,0.42,34,27,35,27,1,4,2,2,4,1,3.11,0.87,-0.87,31.7
CH,2024-08-20,87.7,-2.37,5.61,"Kahnle, Tommy",647304,592454,,ball,,,,,14,Josh Naylor walks.,R,L,R,NYY,CLE,B,,,1,1,2024,-1.11,0.09,1.17,0.74,,,,2,8,Top,,,,,,,10.934692712439164,-127.21780374453674,-5.888863248323978,-14.196733884069566,23.61354626447283,-30.216702678979463,3.05,1.3,,,,88.6,1311,6.8,745707,624431,518934,650402,665828,683011,657077,592450,665742,53.71,,,,,,,,69,3,Changeup,3,3,3,3,3,3,3,3,Infield shade,Standard,252,0.0,0.058,,,,-0.058,,0,0,0.58,0.42,34,27,35,27,1,4,2,2,4,1,2.87,1.11,-1.11,31.5
CH,2024-08-20,86.3,-2.26,5.89,"Kahnle, Tommy",647304,592454,,called_strike,,,,,2,Josh Naylor walks.,R,L,R,NYY,CLE,S,,,1,0,2024,-0.97,0.33,0.02,2.68,,,,2,8,Top,,,,,,,7.470833862035992,-125.59017735337652,-2.1882462139738124,-11.662689382377891,22.1019547478526,-28.404105370483222,3.13,1.35,,,,87.6,1236,6.8,745707,624431,518934,650402,665828,683011,657077,592450,665742,53.7,,,,,,,,69,2,Changeup,3,3,3,3,3,3,3,3,Infield shade,Standard,250,0.0,-0.051,,,,0.051,,0,0,0.58,0.42,34,27,35,27,1,4,2,2,4,1,2.69,0.97,-0.97,36.5
CH,2024-08-20,86.8,-2.24,5.68,"Kahnle, Tommy",647304,592454,,ball,,,,,14,Josh Naylor walks.,R,L,R,NYY,CLE,B,,,0,0,2024,-1.13,0.4,1.03,2.09,,,,2,8,Top,,,,,,,10.246377537508469,-126.13348826344422,-3.2899382025569373,-14.0413901177352,22.660241888305585,-27.445039633719183,3.15,1.4,,,,88.2,1281,7.0,745707,624431,518934,650402,665828,683011,657077,592450,665742,53.53,,,,,,,,69,1,Changeup,3,3,3,3,3,3,3,3,Infield shade,Standard,253,0.0,0.04,,,,-0.04,,0,0,0.58,0.42,34,27,35,27,1,4,2,2,4,1,2.61,1.13,-1.13,34.8
CH,2024-08-20,85.4,-2.59,5.63,"Kahnle, Tommy",608070,592454,field_out,hit_into_play,,,,,1,"José Ramírez grounds out, third baseman Oswaldo Cabrera to first baseman DJ LeMahieu.",R,L,R,NYY,CLE,X,5,ground_ball,1,0,2024,-0.98,0.13,-0.54,2.91,,,,1,8,Top,118.58,171.44,,,,,6.845697399771412,-124.20434348093904,-0.3901402145653881,-11.473407890821893,23.61334282171433,-30.90712767261515,3.37,1.57,32,88.4,-3,86.0,1226,6.6,745707,624431,518934,650402,665828,683011,657077,592450,665742,53.89,0.229,0.219,0.0,1,0,0,2,68,2,Changeup,3,3,3,3,3,3,3,3,Infield shade,Standard,260,0.034,-0.295,65.0,5.9,0.276,0.295,88.4,0,0,0.546,0.454,34,31,35,32,1,4,2,2,4,1,2.98,0.98,-0.98,28.7
CH,2024-08-20,85.3,-2.52,5.65,"Kahnle, Tommy",608070,592454,,ball,,,,,13,"José Ramírez grounds out, third baseman Oswaldo Cabrera to first baseman DJ LeMahieu.",R,L,R,NYY,CLE,B,,,0,0,2024,-1.15,0.06,-1.31,2.17,,,,1,8,Top,,,,,,,5.187750347495344,-124.28380203311283,-2.086276633438599,-12.915329571294349,22.865090576387523,-31.396787515309303,3.43,1.46,,,,86.4,1303,6.7,745707,624431,518934,650402,665828,683011,657077,592450,665742,53.78,,,,,,,,68,1,Changeup,3,3,3,3,3,3,3,3,Infield shade,Standard,260,0.0,0.039,,,,-0.039,,0,0,0.546,0.454,34,31,35,32,1,4,2,2,4,1,3.05,1.15,-1.15,30.4
CH,2024-08-20,85.5,-2.59,5.68,"Kahnle, Tommy",680757,592454,field_out,hit_into_play,,,,,2,Steven Kwan flies out to left fielder Alex Verdugo.,R,L,R,NYY,CLE,X,7,fly_ball,3,1,2024,-1.1,0.42,-0.21,2.71,,,,0,8,Top,107.66,109.74,,,,,7.8672288847679726,-124.30969621373102,-1.596166381495657,-12.903255196491866,23.57362987662824,-27.725185937953302,3.18,1.45,229,89.0,55,86.3,1249,6.7,745707,624431,518934,650402,665828,683011,657077,592450,665742,53.76,0.006,0.005,0.0,1,0,0,3,67,5,Changeup,3,3,3,3,3,3,3,3,Infield shade,Standard,254,0.046,-0.418,64.5,6.4,0.007,0.418,89.0,0,0,0.5,0.5,34,26,35,27,1,4,2,2,4,1,2.69,1.1,-1.1,30.4
FF,2024-08-20,92.5,-2.35,5.75,"Kahnle, Tommy",680757,592454,,called_strike,,,,,8,Steven Kwan flies out to left fielder Alex Verdugo.,R,L,R,NYY,CLE,S,,,3,0,2024,-0.98,1.12,-0.11,1.92,,,,0,8,Top,,,,,,,7.900072342647798,-134.44805517758243,-6.441320121274287,-13.536743696981766,28.608786279334048,-17.4106862878293,3.18,1.46,,,,93.2,2158,6.7,745707,624431,518934,650402,665828,683011,657077,592450,665742,53.76,,,,,,,,67,4,4-Seam Fastball,3,3,3,3,3,3,3,3,Infield shade,Standard,220,0.0,-0.09,,,,0.09,,0,0,0.5,0.5,34,26,35,27,1,4,2,2,4,1,1.55,0.98,-0.98,33.9
CH,2024-08-20,85.1,-2.62,5.67,"Kahnle, Tommy",680757,592454,,ball,,,,,14,Steven Kwan flies out to left fielder Alex Verdugo.,R,L,R,NYY,CLE,B,,,2,0,2024,-0.93,0.12,1.16,1.38,,,,0,8,Top,,,,,,,10.770555393751115,-123.5529136544456,-4.04407528030839,-11.587338497137328,23.102317997960785,-30.291789233352684,3.26,1.46,,,,85.7,1140,6.7,745707,624431,518934,650402,665828,683011,657077,592450,665742,53.84,,,,,,,,67,3,Changeup,3,3,3,3,3,3,3,3,Standard,Standard,260,0.0,0.147,,,,-0.147,,0,0,0.5,0.5,34,26,35,27,1,4,2,2,4,1,3.02,0.93,-0.93,27.7
FF,2024-08-20,92.3,-2.46,5.92,"Kahnle, Tommy",680757,592454,,ball,,,,,11,Steven Kwan flies out to left fielder Alex Verdugo.,R,L,R,NYY,CLE,B,,,1,0,2024,-0.73,1.21,-1.59,2.84,,,,0,8,Top,,,,,,,3.8244925587787857,-134.40572949534612,-4.71606454209985,-9.67187439495881,27.583637247258245,-16.620345403908626,3.08,1.38,,,,93.1,2038,6.6,745707,624431,518934,650402,665828,683011,657077,592450,665742,53.89,,,,,,,,67,2,4-Seam Fastball,3,3,3,3,3,3,3,3,Standard,Standard,220,0.0,0.069,,,,-0.069,,0,0,0.5,0.5,34,26,35,27,1,4,2,2,4,1,1.45,0.73,-0.73,35.1
CH,2024-08-20,84.6,-2.49,5.67,"Kahnle, Tommy",680757,592454,,ball,,,,,14,Steven Kwan flies out to left fielder Alex Verdugo.,R,L,R,NYY,CLE,B,,,0,0,2024,-0.78,-0.02,0.89,1.88,,,,0,8,Top,,,,,,,9.473590356088067,-122.93164879333531,-2.497305983958039,-9.677901375175155,21.778359789353292,-32.13765749058835,3.31,1.33,,,,85.4,1201,6.6,745707,624431,518934,650402,665828,683011,657077,592450,665742,53.87,,,,,,,,67,1,Changeup,3,3,3,3,3,3,3,3,Standard,Standard,259,0.0,0.038,,,,-0.038,,0,0,0.5,0.5,34,26,35,27,1,4,2,2,4,1,3.19,0.78,-0.78,28.7
CH,2024-08-18,85.9,-2.51,5.67,"Kahnle, Tommy",663837,592454,field_out,hit_into_play,,,,,5,"Matt Vierling grounds out, third baseman Oswaldo Cabrera to first baseman DJ LeMahieu.",R,R,R,DET,NYY,X,5,ground_ball,1,1,2024,-0.92,0.04,0.08,2.87,,,,2,8,Bot,111.84,169.25,,,,,7.829997,-124.648186,-0.52225065,-10.634524,24.843714,-31.384918,3.43,1.7,,82.9,-21,85.5,1263,6.2,746431,669224,518934,650402,665828,683011,691176,592450,665742,54.35,0.069,0.068,0.0,1,0,0,2,60,3,Changeup,0,1,0,1,1,0,0,1,,,273,-0.031,-0.244,,,0.082,0.244,88.0,-1,-1,0.189,0.189,34,27,35,28,1,3,2,1,2,2,3.09,0.92,0.92,
CH,2024-08-18,85.9,-2.5,5.67,"Kahnle, Tommy",663837,592454,,swinging_strike,,,,,8,"Matt Vierling grounds out, third baseman Oswaldo Cabrera to first baseman DJ LeMahieu.",R,R,R,DET,NYY,S,,,1,0,2024,-1.04,-0.14,-0.23,1.81,,,,2,8,Bot,,,,,,,7.337543,-124.65467,-2.688012,-11.84329,26.570408,-32.655457,3.43,1.7,,,,85.5,1312,6.3,746431,669224,518934,650402,665828,683011,691176,592450,665742,54.19,,,,,,,,60,2,Changeup,0,1,0,1,1,0,0,1,,,283,0.0,-0.051,,,,0.051,,-1,-1,0.189,0.189,34,27,35,28,1,3,2,1,2,2,3.27,1.04,1.04,
CH,2024-08-18,86.2,-2.54,5.6,"Kahnle, Tommy",663837,592454,,ball,,,,,14,"Matt Vierling grounds out, third baseman Oswaldo Cabrera to first baseman DJ LeMahieu.",R,R,R,DET,NYY,B,,,0,0,2024,-1.09,-0.27,0.16,1.08,,,,2,8,Bot,,,,,,,8.4389105,-124.898674,-3.988642,-12.613868,27.422012,-33.726406,3.43,1.7,,,,85.3,1321,6.2,746431,669224,518934,650402,665828,683011,691176,592450,665742,54.34,,,,,,,,60,1,Changeup,0,1,0,1,1,0,0,1,,,289,0.0,0.04,,,,-0.04,,-1,-1,0.189,0.189,34,27,35,28,1,3,2,1,2,2,3.41,1.09,1.09,
CH,2024-08-18,85.2,-2.62,5.64,"Kahnle, Tommy",682985,592454,strikeout,swinging_strike,,,,,13,Riley Greene strikes out swinging.,R,L,R,DET,NYY,S,2,,0,2,2024,-1.06,0.01,-1.15,1.54,,,,1,8,Bot,,,,,,,5.395269,-123.59186,-3.3639567,-11.332126,26.528372,-31.034246,3.74,1.7,,,,84.4,1166,6.1,746431,669224,518934,650402,665828,683011,691176,592450,665742,54.41,,0.0,0.0,1,0,0,,59,3,Changeup,0,1,0,1,1,0,0,1,,,275,-0.046,-0.162,,,,0.162,,-1,-1,0.235,0.235,34,23,35,24,1,3,2,24,2,2,3.2,1.06,-1.06,
FF,2024-08-18,91.2,-2.47,5.68,"Kahnle, Tommy",682985,592454,,foul,,,,,2,Riley Greene strikes out swinging.,R,L,R,DET,NYY,S,,,0,1,2024,-0.76,1.22,0.04,3.13,,,,1,8,Bot,,,,,,,7.8617063,-132.48962,-3.1254168,-10.245282,27.538221,-17.361689,3.74,1.7,,88.9,42,,2080,6.5,746431,669224,518934,650402,665828,683011,691176,592450,665742,54.0,,,,,,,,59,2,4-Seam Fastball,0,1,0,1,1,0,0,1,,,214,0.0,-0.057,,,,0.057,88.9,-1,-1,0.235,0.235,34,23,35,24,1,3,2,24,2,2,1.51,0.76,-0.76,
CH,2024-08-18,84.2,-2.31,5.69,"Kahnle, Tommy",682985,592454,,foul,,,,,9,Riley Greene strikes out swinging.,R,L,R,DET,NYY,S,,,0,0,2024,-1.0,0.05,0.33,2.28,,,,1,8,Bot,,,,,,,7.912838,-122.1632,-1.7605544,-10.864111,23.415998,-30.83407,3.74,1.7,,,,83.9,1189,6.2,746431,669224,518934,650402,665828,683011,691176,592450,665742,54.32,,,,,,,,59,1,Changeup,0,1,0,1,1,0,0,1,,,273,0.0,-0.037,,,,0.037,,-1,-1,0.235,0.235,34,23,35,24,1,3,2,24,2,2,3.2,1.0,-1.0,
FF,2024-08-18,91.7,-1.94,5.97,"Kahnle, Tommy",678009,592454,field_out,hit_into_play,,,,,11,"Parker Meadows grounds out, shortstop Anthony Volpe to first baseman DJ LeMahieu.",R,L,R,DET,NYY,X,6,ground_ball,2,2,2024,-0.52,1.3,-0.86,2.64,,,,0,8,Bot,126.95,140.24,,,,,3.8292913,-133.32335,-5.36938,-6.782316,27.516373,-15.816601,3.51,1.67,134,92.9,4,92.3,2145,6.6,746431,669224,518934,650402,665828,683011,691176,592450,665742,53.93,0.509,0.478,0.0,1,0,0,4,58,7,4-Seam Fastball,0,1,0,1,1,0,0,1,,,203,-0.062,-0.227,,,0.573,0.227,92.9,-1,-1,0.297,0.297,34,24,35,25,1,3,2,2,2,2,1.39,0.52,-0.52,
CH,2024-08-18,84.9,-2.32,5.75,"Kahnle, Tommy",678009,592454,,foul,,,,,8,"Parker Meadows grounds out, shortstop Anthony Volpe to first baseman DJ LeMahieu.",R,L,R,DET,NYY,S,,,2,2,2024,-0.93,-0.33,-0.16,2.21,,,,0,8,Bot,,,,,,,6.7820177,-123.2601,-1.3835958,-10.4303875,25.847818,-34.89302,3.51,1.67,,,,84.5,1110,6.3,746431,669224,518934,650402,665828,683011,691176,592450,665742,54.24,,,,,,,,58,6,Changeup,0,1,0,1,1,0,0,1,,,295,0.0,0.0,,,,0.0,,-1,-1,0.297,0.297,34,24,35,25,1,3,2,2,2,2,3.54,0.93,-0.93,
CH,2024-08-18,84.6,-2.44,5.75,"Kahnle, Tommy",678009,592454,,foul,,,,,7,"Parker Meadows grounds out, shortstop Anthony Volpe to first baseman DJ LeMahieu.",R,L,R,DET,NYY,S,,,2,2,2024,-1.03,0.01,-0.32,1.6,,,,0,8,Bot,,,,,,,6.9105806,-122.88502,-3.4752657,-11.399747,22.944613,-31.18344,3.51,1.67,,,,85.0,1311,6.5,746431,669224,518934,650402,665828,683011,691176,592450,665742,53.99,,,,,,,,58,5,Changeup,0,1,0,1,1,0,0,1,,,274,0.0,0.0,,,,0.0,,-1,-1,0.297,0.297,34,24,35,25,1,3,2,2,2,2,3.15,1.03,-1.03,
CH,2024-08-18,84.8,-2.59,5.67,"Kahnle, Tommy",678009,592454,,swinging_strike,,,,,13,"Parker Meadows grounds out, shortstop Anthony Volpe to first baseman DJ LeMahieu.",R,L,R,DET,NYY,S,,,2,1,2024,-0.87,0.11,-0.35,1.16,,,,0,8,Bot,,,,,,,6.8485136,-123.13868,-4.551276,-9.785023,22.298553,-30.022678,3.51,1.67,,,,84.8,1227,6.2,746431,669224,518934,650402,665828,683011,691176,592450,665742,54.29,,,,,,,,58,4,Changeup,0,1,0,1,1,0,0,1,,,269,0.0,-0.069,,,,0.069,,-1,-1,0.297,0.297,34,24,35,25,1,3,2,2,2,2,3.07,0.87,-0.87,
CH,2024-08-18,84.3,-2.42,5.69,"Kahnle, Tommy",678009,592454,,called_strike,,,,,9,"Parker Meadows grounds out, shortstop Anthony Volpe to first baseman DJ LeMahieu.",R,L,R,DET,NYY,S,,,2,0,2024,-0.98,-0.12,0.55,1.68,,,,0,8,Bot,,,,,,,8.69833,-122.32126,-2.8440452,-11.002782,22.6073,-32.490128,3.51,1.67,,,,84.1,1324,6.2,746431,669224,518934,650402,665828,683011,691176,592450,665742,54.33,,,,,,,,58,3,Changeup,0,1,0,1,1,0,0,1,,,282,0.0,-0.065,,,,0.065,,-1,-1,0.297,0.297,34,24,35,25,1,3,2,2,2,2,3.35,0.98,-0.98,
CH,2024-08-18,84.5,-2.52,5.82,"Kahnle, Tommy",678009,592454,,ball,,,,,11,"Parker Meadows grounds out, shortstop Anthony Volpe to first baseman DJ LeMahieu.",R,L,R,DET,NYY,B,,,1,0,2024,-1.02,0.02,-1.03,3.15,,,,0,8,Bot,,,,,,,5.3881593,-122.80804,-0.034002624,-10.896544,22.529507,-31.67388,3.51,1.67,,,,84.8,1338,6.4,746431,669224,518934,650402,665828,683011,691176,592450,665742,54.15,,,,,,,,58,2,Changeup,0,1,0,1,1,0,0,1,,,274,0.0,0.069,,,,-0.069,,-1,-1,0.297,0.297,34,24,35,25,1,3,2,2,2,2,3.16,1.02,-1.02,
CH,2024-08-18,84.3,-2.37,5.74,"Kahnle, Tommy",678009,592454,,ball,,,,,13,"Parker Meadows grounds out, shortstop Anthony Volpe to first baseman DJ LeMahieu.",R,L,R,DET,NYY,B,,,0,0,2024,-0.91,-0.41,-0.08,1.21,,,,0,8,Bot,,,,,,,6.983842,-122.39142,-3.489859,-10.025496,23.64609,-35.12978,3.51,1.67,,,,84.0,1213,6.2,746431,669224,518934,650402,665828,683011,691176,592450,665742,54.34,,,,,,,,58,1,Changeup,0,1,0,1,1,0,0,1,,,299,0.0,0.038,,,,-0.038,,-1,-1,0.297,0.297,34,24,35,25,1,3,2,2,2,2,3.65,0.91,-0.91,
CH,2024-08-16,86.3,-2.1,5.4,"Kahnle, Tommy",676632,592454,field_out,hit_into_play,,,,,8,Bligh Madris grounds out to first baseman DJ LeMahieu.,R,L,R,DET,NYY,X,3,ground_ball,1,2,2024,-0.75,-0.33,0.22,1.57,,,,2,8,Bot,156.34,168.7,,,,,7.099020061409901,-125.59664248709382,-2.2668078566071417,-9.283921633431364,23.77246153096431,-35.41304440843324,3.47,1.63,21,89.5,-3,87.1,1107,6.7,746438,624431,518934,650402,672724,683011,657077,592450,665742,53.83,0.203,0.216,0.0,1,0,0,2,63,4,Changeup,0,3,0,3,3,0,0,3,Infield shade,Standard,254,-0.008,-0.18,70.8,7.8,0.214,0.18,89.5,-3,-3,0.039,0.039,34,28,35,28,1,3,3,1,2,,3.37,0.75,-0.75,31.3
CH,2024-08-16,86.3,-1.9,5.48,"Kahnle, Tommy",676632,592454,,called_strike,,,,,3,Bligh Madris grounds out to first baseman DJ LeMahieu.,R,L,R,DET,NYY,S,,,1,1,2024,-0.57,0.33,0.67,3.26,,,,2,8,Bot,,,,,,,7.320613029047475,-125.62606565185772,0.2157992719604921,-7.435524874000079,22.53050500751914,-28.93106236230156,3.4,1.6,,,,87.3,1099,6.6,746438,624431,518934,650402,672724,683011,657077,592450,665742,53.85,,,,,,,,63,3,Changeup,0,3,0,3,3,0,0,3,Infield shade,Standard,253,0.0,-0.064,,,,0.064,,-3,-3,0.039,0.039,34,28,35,28,1,3,3,1,2,,2.7,0.57,-0.57,34.8
CH,2024-08-16,86.9,-2.18,5.37,"Kahnle, Tommy",676632,592454,,foul,,,,,5,Bligh Madris grounds out to first baseman DJ LeMahieu.,R,L,R,DET,NYY,S,,,1,0,2024,-1.03,0.15,0.01,2.24,,,,2,8,Bot,,,,,,,7.394727590445785,-126.34881254123796,-1.6495035550407726,-12.45422421002554,24.356110722404317,-30.451488787420228,3.47,1.63,,,,87.6,1337,6.7,746438,624431,518934,650402,672724,683011,657077,592450,665742,53.83,,,,,,,,63,2,Changeup,0,3,0,3,3,0,0,3,Infield shade,Standard,254,0.0,-0.051,66.7,8.4,,0.051,,-3,-3,0.039,0.039,34,28,35,28,1,3,3,1,2,,2.86,1.03,-1.03,31.6
CH,2024-08-16,87.1,-2.04,5.39,"Kahnle, Tommy",676632,592454,,ball,,,,,14,Bligh Madris grounds out to first baseman DJ LeMahieu.,R,L,R,DET,NYY,B,,,0,0,2024,-1.01,0.05,0.9,1.01,,,,2,8,Bot,,,,,,,9.202062563686177,-126.57207372779234,-4.487073890623814,-12.73026982669996,25.033658010757534,-30.927988228787303,3.35,1.57,,,,87.9,1153,6.8,746438,624431,518934,650402,672724,683011,657077,592450,665742,53.71,,,,,,,,63,1,Changeup,0,3,0,3,3,0,0,3,Infield shade,Standard,252,0.0,0.04,,,,-0.04,,-3,-3,0.039,0.039,34,28,35,28,1,3,3,1,2,,2.96,1.01,-1.01,30.7
CH,2024-08-16,86.1,-2.08,5.46,"Kahnle, Tommy",663837,592454,field_out,hit_into_play,,,,,9,"Matt Vierling grounds out, third baseman Oswald Peraza to first baseman DJ LeMahieu.",R,R,R,DET,NYY,X,5,ground_ball,2,1,2024,-0.91,-0.02,0.37,1.76,,,,1,8,Bot,106.08,162.6,,,,,7.730707976995106,-125.25447073971546,-2.5454601856016685,-11.105565863678338,23.96252739981501,-32.0775187642906,3.47,1.7,4,86.8,-23,86.9,1298,6.7,746438,624431,518934,650402,672724,683011,657077,592450,665742,53.81,0.066,0.066,0.0,1,0,0,2,62,4,Changeup,0,3,0,3,3,0,0,3,Standard,Standard,251,-0.015,-0.302,69.4,8.4,0.074,0.302,88.0,-3,-3,0.054,0.054,34,27,35,28,1,3,3,2,2,1,3.08,0.91,0.91,31.9
CH,2024-08-16,85.8,-2.03,5.49,"Kahnle, Tommy",663837,592454,,called_strike,,,,,9,"Matt Vierling grounds out, third baseman Oswald Peraza to first baseman DJ LeMahieu.",R,R,R,DET,NYY,S,,,2,0,2024,-1.0,0.07,0.54,2.11,,,,1,8,Bot,,,,,,,8.134941863421183,-124.76525560710178,-1.919540727988358,-11.988989864611668,23.28523547737078,-31.286721839714556,3.47,1.69,,,,86.4,1326,6.6,746438,624431,518934,650402,672724,683011,657077,592450,665742,53.92,,,,,,,,62,3,Changeup,0,3,0,3,3,0,0,3,Standard,Standard,255,0.0,-0.065,,,,0.065,,-3,-3,0.054,0.054,34,27,35,28,1,3,3,2,2,1,3.01,1.0,1.0,32.8
SI,2024-08-16,93.1,-1.75,5.55,"Kahnle, Tommy",663837,592454,,ball,,,,,14,"Matt Vierling grounds out, third baseman Oswald Peraza to first baseman DJ LeMahieu.",R,R,R,DET,NYY,B,,,1,0,2024,-0.99,1.22,2.07,2.0,,,,1,8,Bot,,,,,,,12.012022553556456,-135.07179980920034,-6.062520827283769,-14.566407535886883,27.435468787044705,-16.06335915412698,3.47,1.74,,,,93.8,2188,6.7,746438,624431,518934,650402,672724,683011,657077,592450,665742,53.77,,,,,,,,62,2,Sinker,0,3,0,3,3,0,0,3,Standard,Standard,219,0.0,0.072,,,,-0.072,,-3,-3,0.054,0.054,34,27,35,28,1,3,3,2,2,1,1.41,0.99,0.99,37.3
CH,2024-08-16,85.5,-1.88,5.57,"Kahnle, Tommy",663837,592454,,ball,,,,,11,"Matt Vierling grounds out, third baseman Oswald Peraza to first baseman DJ LeMahieu.",R,R,R,DET,NYY,B,,,0,0,2024,-1.06,0.42,-0.87,3.89,,,,1,8,Bot,,,,,,,4.550017969983938,-124.53415975274012,1.4322466148919488,-11.963462527730822,23.78199612824633,-28.27389495580865,3.39,1.68,,,,86.1,1293,6.5,746438,624431,518934,650402,672724,683011,657077,592450,665742,53.97,,,,,,,,62,1,Changeup,0,3,0,3,3,0,0,3,Standard,Standard,251,0.0,0.039,,,,-0.039,,-3,-3,0.054,0.054,34,27,35,28,1,3,3,2,2,1,2.68,1.06,1.06,35.7
CH,2024-08-16,86.6,-1.87,5.67,"Kahnle, Tommy",681481,592454,field_out,hit_into_play,,,,,4,Kerry Carpenter pops out to shortstop Anthony Volpe.,R,L,R,DET,NYY,X,6,popup,0,2,2024,-1.0,0.2,-0.29,2.56,,,,0,8,Bot,108.62,155.98,,,,,5.860911748657724,-125.99351263301156,-1.6522573315992513,-11.804027802361402,24.43307481080132,-29.9018515637474,3.41,1.64,134,96.0,67,87.4,1238,6.7,746438,624431,518934,650402,672724,683011,657077,592450,665742,53.77,0.006,0.005,0.0,1,0,0,3,61,4,Changeup,0,3,0,3,3,0,0,3,Infield shade,Standard,249,-0.025,-0.163,72.3,7.7,0.006,0.163,96.0,-3,-3,0.079,0.079,34,26,35,27,1,3,3,1,2,2,2.83,1.0,-1.0,35.7
CH,2024-08-16,85.7,-1.67,5.62,"Kahnle, Tommy",681481,592454,,foul,,,,,9,Kerry Carpenter pops out to shortstop Anthony Volpe.,R,L,R,DET,NYY,S,,,0,2,2024,-1.02,0.24,0.46,1.8,,,,0,8,Bot,,,,,,,7.151720915070138,-124.74197680982904,-3.3098489710132304,-12.091598942033317,23.272779369567846,-29.215875230437124,3.41,1.64,3,32.2,-22,86.4,1191,6.6,746438,624431,518934,650402,672724,683011,657077,592450,665742,53.94,,,,,,,,61,3,Changeup,0,3,0,3,3,0,0,3,Infield shade,Standard,256,0.0,0.0,68.2,7.6,,0.0,88.0,-3,-3,0.079,0.079,34,26,35,27,1,3,3,1,2,2,2.84,1.02,-1.02,37.6
FF,2024-08-16,93.1,-1.36,5.86,"Kahnle, Tommy",681481,592454,,foul,,,,,3,Kerry Carpenter pops out to shortstop Anthony Volpe.,R,L,R,DET,NYY,S,,,0,1,2024,-0.09,1.16,0.75,3.29,,,,0,8,Bot,,,,,,,5.640359559376344,-135.56137963899334,-3.3939321095463377,-2.2922656075050516,28.969120364764052,-17.369365632496446,3.41,1.64,224,70.8,33,93.9,2186,6.7,746438,624431,518934,650402,672724,683011,657077,592450,665742,53.81,,,,,,,,61,2,4-Seam Fastball,0,3,0,3,3,0,0,3,Infield shade,Standard,199,0.0,-0.054,66.7,6.4,,0.054,88.0,-3,-3,0.079,0.079,34,26,35,27,1,3,3,1,2,2,1.47,0.09,-0.09,44.6
CH,2024-08-16,84.6,-1.87,5.51,"Kahnle, Tommy",681481,592454,,called_strike,,,,,7,Kerry Carpenter pops out to shortstop Anthony Volpe.,R,L,R,DET,NYY,S,,,0,0,2024,-0.88,-0.07,-0.28,2.03,,,,0,8,Bot,,,,,,,5.4782662197210445,-123.0664147627415,-1.6067740503623713,-9.993754940617452,24.246829341345368,-32.821567804281415,3.41,1.6,,,,85.0,1160,6.6,746438,624431,518934,650402,672724,683011,657077,592450,665742,53.95,,,,,,,,61,1,Changeup,0,3,0,3,3,0,0,3,Infield shade,Standard,254,0.0,-0.037,,,,0.037,,-3,-3,0.079,0.079,34,26,35,27,1,3,3,1,2,2,3.26,0.88,-0.88,31.2
FF,2024-08-13,93.9,-2.03,6.01,"Kahnle, Tommy",657757,592454,double,hit_into_play,,,,,4,Gavin Sheets doubles (24) on a line drive to right fielder Juan Soto.   Andrew Vaughn to 3rd.,R,L,R,CWS,NYY,X,9,line_drive,1,1,2024,-0.52,1.01,-0.31,2.3,,,683734,0,9,Bot,191.05,137.89,,,,,5.6372847504754775,-136.65690218162828,-6.19482497012095,-7.685374114122708,29.034236342468233,-18.312523316666063,3.41,1.64,181,86.7,13,94.7,2150,6.7,746757,669224,518934,650402,665828,683011,657077,592450,665742,53.84,0.866,0.828,1.25,1,1,1,4,72,3,4-Seam Fastball,1,4,1,4,4,1,1,4,Standard,Standard,203,0.122,0.741,76.2,8.1,1.013,-0.741,88.0,-3,-3,0.083,0.083,34,28,35,28,1,3,2,1,3,1,1.56,0.52,-0.52,46.4
FF,2024-08-13,93.0,-1.91,6.06,"Kahnle, Tommy",657757,592454,,called_strike,,,,,9,Gavin Sheets doubles (24) on a line drive to right fielder Juan Soto.   Andrew Vaughn to 3rd.,R,L,R,CWS,NYY,S,,,1,0,2024,-0.52,1.03,0.59,2.11,,,683734,0,9,Bot,,,,,,,7.613213079832813,-135.2022675081859,-6.676392558402348,-7.895327666350324,27.349159914211043,-18.308670609134712,3.39,1.63,,,,93.9,2168,6.7,746757,669224,518934,650402,665828,683011,657077,592450,665742,53.78,,,,,,,,72,2,4-Seam Fastball,1,4,1,4,4,1,1,4,Standard,Standard,206,0.0,-0.049,,,,0.049,,-3,-3,0.083,0.083,34,28,35,28,1,3,2,1,3,1,1.6,0.52,-0.52,45.2
CH,2024-08-13,86.6,-2.7,5.65,"Kahnle, Tommy",657757,592454,,ball,,,,,13,Gavin Sheets doubles (24) on a line drive to right fielder Juan Soto.   Andrew Vaughn to 3rd.,R,L,R,CWS,NYY,B,,,0,0,2024,-0.98,-0.34,-2.01,2.35,,,683734,0,9,Bot,,,,,,,3.647874696910564,-126.1288050289394,-0.9789671795589152,-11.154597652442565,26.31854704912911,-35.791965041275326,3.43,1.7,,,,86.7,1185,6.4,746757,669224,518934,650402,665828,683011,657077,592450,665742,54.14,,,,,,,,72,1,Changeup,1,4,1,4,4,1,1,4,Standard,Standard,255,0.0,0.042,,,,-0.042,,-3,-3,0.083,0.083,34,28,35,28,1,3,2,1,3,1,3.38,0.98,-0.98,30.4
CH,2024-08-13,86.3,-2.44,5.66,"Kahnle, Tommy",683734,592454,walk,ball,,,,,11,Andrew Vaughn walks.,R,R,R,CWS,NYY,B,,,3,1,2024,-1.08,0.05,-0.96,2.77,,,,0,9,Bot,,,,,,,5.753674574408453,-125.54306748043668,-0.7285824922251178,-12.556654307996803,26.07816464597341,-31.72837451028009,3.16,1.41,,,,86.8,1107,6.7,746757,669224,518934,650402,665828,683011,657077,592450,665742,53.84,,0.689131,0.7,1,0,0,,71,5,Changeup,1,4,1,4,4,1,1,4,Standard,Standard,250,0.045,0.287,,,,-0.287,,-3,-3,0.038,0.038,34,26,35,26,1,3,2,1,3,1,3.02,1.08,1.08,32.0
FF,2024-08-13,92.5,-2.43,5.74,"Kahnle, Tommy",683734,592454,,called_strike,,,,,5,Andrew Vaughn walks.,R,R,R,CWS,NYY,S,,,3,0,2024,-0.71,1.06,-0.21,2.13,,,,0,9,Bot,,,,,,,7.289211051184888,-134.52946441331,-5.782196857819479,-10.237615989364498,28.53150142719756,-18.162878861952564,2.98,1.23,,,,93.3,2121,6.7,746757,669224,518934,650402,665828,683011,657077,592450,665742,53.75,,,,,,,,71,4,4-Seam Fastball,1,4,1,4,4,1,1,4,Standard,Standard,218,0.0,-0.09,,,,0.09,,-3,-3,0.038,0.038,34,26,35,26,1,3,2,1,3,1,1.6,0.71,0.71,35.1
CH,2024-08-13,87.9,-2.45,5.69,"Kahnle, Tommy",683734,592454,,ball,,,,,14,Andrew Vaughn walks.,R,R,R,CWS,NYY,B,,,2,0,2024,-0.99,-0.2,0.82,0.87,,,,0,9,Bot,,,,,,,10.04676872559078,-127.55612743328136,-5.159821154134483,-12.802922801868707,25.832823535359783,-33.4172094564709,2.95,1.44,,,,88.5,1142,6.8,746757,669224,518934,650402,665828,683011,657077,592450,665742,53.73,,,,,,,,71,3,Changeup,1,4,1,4,4,1,1,4,Standard,Standard,255,0.0,0.147,,,,-0.147,,-3,-3,0.038,0.038,34,26,35,26,1,3,2,1,3,1,3.16,0.99,0.99,32.6
CH,2024-08-13,86.6,-2.42,5.67,"Kahnle, Tommy",683734,592454,,ball,,,,,14,Andrew Vaughn walks.,R,R,R,CWS,NYY,B,,,1,0,2024,-1.05,-0.19,1.24,0.82,,,,0,9,Bot,,,,,,,10.929728752668868,-125.632274100408,-4.980713990362154,-13.306548664717765,24.789467058979827,-33.337893442508246,3.18,1.43,,,,87.1,1240,6.7,746757,669224,518934,650402,665828,683011,657077,592450,665742,53.79,,,,,,,,71,2,Changeup,1,4,1,4,4,1,1,4,Standard,Standard,256,0.0,0.069,,,,-0.069,,-3,-3,0.038,0.038,34,26,35,26,1,3,2,1,3,1,3.24,1.05,1.05,30.4
CH,2024-08-13,87.5,-2.65,5.55,"Kahnle, Tommy",683734,592454,,ball,,,,,14,Andrew Vaughn walks.,R,R,R,CWS,NYY,B,,,0,0,2024,-0.79,-0.02,1.26,-0.11,,,,0,9,Bot,,,,,,,11.188927126715852,-126.80237385304382,-7.495306235953743,-10.832772003196066,26.19449440943474,-30.939615866553215,3.02,1.36,,,,88.3,1150,7.0,746757,669224,518934,650402,665828,683011,657077,592450,665742,53.48,,,,,,,,71,1,Changeup,1,4,1,4,4,1,1,4,Standard,Standard,249,0.0,0.038,,,,-0.038,,-3,-3,0.038,0.038,34,26,35,26,1,3,2,1,3,1,3.02,0.79,0.79,28.6
CH,2024-08-13,86.2,-2.5,5.67,"Kahnle, Tommy",643217,592454,field_out,hit_into_play,,,,,7,Andrew Benintendi grounds out to first baseman DJ LeMahieu.,R,L,R,CWS,NYY,X,3,ground_ball,0,1,2024,-1.16,-0.02,-0.49,1.55,672820,,673357,2,8,Bot,151.0,169.0,,,,,7.169070766139204,-125.3026601494994,-3.4866840946848434,-13.72910544228241,26.769629204044097,-31.81327559296207,3.26,1.52,68,76.3,5,86.4,1183,6.6,746757,669224,518934,650402,665828,683011,657077,592450,665742,53.87,0.209,0.202,0.0,1,0,0,2,65,2,Changeup,1,4,1,4,4,1,1,4,Standard,Standard,253,-0.049,-0.241,68.1,7.6,0.233,0.241,88.0,-3,-3,0.08,0.08,34,29,35,30,1,3,2,1,3,1,3.11,1.16,-1.16,27.9
CH,2024-08-13,86.7,-2.59,5.75,"Kahnle, Tommy",643217,592454,,called_strike,,,,,8,Andrew Benintendi grounds out to first baseman DJ LeMahieu.,R,L,R,CWS,NYY,S,,,0,0,2024,-1.05,-0.23,-0.15,1.99,672820,,673357,2,8,Bot,,,,,,,8.03636336896363,-125.97516149746062,-2.2731741338289337,-12.900734521621924,27.54666706001866,-34.29782991949804,3.19,1.52,,,,86.8,1156,6.6,746757,669224,518934,650402,665828,683011,657077,592450,665742,53.87,,,,,,,,65,1,Changeup,1,4,1,4,4,1,1,4,Infield shade,Standard,249,0.0,-0.046,,,,0.046,,-3,-3,0.08,0.08,34,29,35,30,1,3,2,1,3,1,3.29,1.05,-1.05,31.2
CH,2024-08-11,88.6,-2.33,5.7,"Kahnle, Tommy",673962,592454,field_out,hit_into_play,,,,,8,"Josh Jung grounds out, second baseman Gleyber Torres to first baseman DJ LeMahieu.",R,R,R,NYY,TEX,X,4,ground_ball,1,2,2024,-1.1,-0.04,-0.27,2.25,669701,,543760,2,7,Top,120.54,159.35,,,,,7.387207507156513,-128.90221691527248,-2.281197722876544,-13.82537669465761,26.608317696516743,-32.37989520632412,3.63,1.66,9,68.4,-14,89.2,1171,6.6,745711,669224,518934,650402,665862,683011,657077,592450,665742,53.87,0.051,0.053,0.0,1,0,0,2,59,4,Changeup,6,3,3,6,3,6,3,6,Standard,Standard,256,0.044,-0.194,65.8,6.5,0.059,0.194,88.0,3,-3,0.902,0.098,34,26,35,26,1,3,1,1,2,1,2.95,1.1,1.1,32.3
CH,2024-08-11,89.4,-2.56,5.61,"Kahnle, Tommy",673962,592454,,ball,,,,,14,"Josh Jung grounds out, second baseman Gleyber Torres to first baseman DJ LeMahieu.",R,R,R,NYY,TEX,B,,,0,2,2024,-1.08,0.17,1.38,0.58,669701,,543760,2,7,Top,,,,,,,12.026615819291376,-129.47247677853912,-6.675121540970192,-14.749839285956384,28.57805162281829,-28.914173222934267,3.46,1.51,,,,89.5,1319,6.7,745711,669224,518934,650402,665862,683011,657077,592450,665742,53.77,,,,,,,,59,3,Changeup,6,3,3,6,3,6,3,6,Standard,Standard,252,0.0,0.035,,,,-0.035,,3,-3,0.902,0.098,34,26,35,26,1,3,1,1,2,1,2.72,1.08,1.08,32.9
CH,2024-08-11,88.1,-2.49,5.55,"Kahnle, Tommy",673962,592454,,foul,,,,,14,"Josh Jung grounds out, second baseman Gleyber Torres to first baseman DJ LeMahieu.",R,R,R,NYY,TEX,S,,,0,1,2024,-0.86,0.03,0.19,1.53,669701,,543760,2,7,Top,,,,,,,8.351428679418154,-128.0430666726808,-3.720732388109128,-11.214916866005945,26.575128989783337,-31.281630001469832,3.63,1.66,,,,88.6,1169,6.7,745711,669224,518934,650402,665862,683011,657077,592450,665742,53.79,,,,,,,,59,2,Changeup,6,3,3,6,3,6,3,6,Standard,Standard,253,0.0,-0.082,,,,0.082,,3,-3,0.902,0.098,34,26,35,26,1,3,1,1,2,1,2.92,0.86,0.86,28.9
CH,2024-08-11,87.8,-2.53,5.76,"Kahnle, Tommy",673962,592454,,called_strike,,,,,6,"Josh Jung grounds out, second baseman Gleyber Torres to first baseman DJ LeMahieu.",R,R,R,NYY,TEX,S,,,0,0,2024,-0.73,0.15,0.6,2.45,669701,,543760,2,7,Top,,,,,,,9.135530136170384,-127.52263837315466,-2.203844617498036,-9.771231170645844,25.495714198510132,-30.271238531731957,3.57,1.5,,,,88.3,1135,6.6,745711,669224,518934,650402,665862,683011,657077,592450,665742,53.87,,,,,,,,59,1,Changeup,6,3,3,6,3,6,3,6,Standard,Standard,253,0.0,-0.046,,,,0.046,,3,-3,0.902,0.098,34,26,35,26,1,3,1,1,2,1,2.81,0.73,0.73,32.7
CH,2024-08-11,88.0,-2.66,5.57,"Kahnle, Tommy",543760,592454,fielders_choice,hit_into_play,,,,,14,"Marcus Semien reaches on a fielder's choice, fielded by third baseman Jazz Chisholm Jr.  Adolis García scores.    Carson Kelly scores.    Josh Smith to 3rd.  Fielding error by third baseman Jazz Chisholm Jr.",R,R,R,NYY,TEX,X,5,ground_ball,1,0,2024,-0.65,-0.12,0.03,1.39,666969,608348,669701,2,7,Top,107.82,164.2,,,,,7.912265502033534,-127.96745170760455,-3.8598560458135167,-8.654180607138114,22.926388745022823,-32.97857604938563,3.31,1.61,11,71.5,-7,88.9,1163,6.6,745711,669224,518934,650402,665862,683011,657077,592450,665742,53.91,0.046,0.067,0.9,1,0,0,2,58,2,Changeup,6,1,1,6,3,6,3,6,Standard,Standard,255,-0.056,0.472,72.1,8.0,0.046,-0.472,88.0,5,-5,0.958,0.042,34,33,35,34,1,3,1,1,2,1,3.04,0.65,0.65,28.5
CH,2024-08-11,87.5,-2.5,5.65,"Kahnle, Tommy",543760,592454,,ball,,,,,11,"Marcus Semien reaches on a fielder's choice, fielded by third baseman Jazz Chisholm Jr.  Adolis García scores.    Carson Kelly scores.    Josh Smith to 3rd.  Fielding error by third baseman Jazz Chisholm Jr.",R,R,R,NYY,TEX,B,,,0,0,2024,-0.81,0.07,-0.97,3.49,666969,608348,669701,2,7,Top,,,,,,,5.408547015961981,-127.3586819066316,0.7471473499380887,-9.852978090769788,23.763313931639967,-31.794312851700845,3.26,1.58,,,,88.5,1144,6.7,745711,669224,518934,650402,665862,683011,657077,592450,665742,53.79,,,,,,,,58,1,Changeup,6,1,1,6,1,6,1,6,Infield shade,Standard,250,0.0,0.031,,,,-0.031,,5,-5,0.958,0.042,34,33,35,34,1,3,1,1,2,1,2.89,0.81,0.81,32.5
CH,2024-08-11,88.8,-2.51,5.65,"Kahnle, Tommy",608369,592454,strikeout,swinging_strike,,,,,14,Corey Seager strikes out swinging.,R,L,R,NYY,TEX,S,2,,2,2,2024,-1.0,0.2,0.19,1.29,666969,608348,669701,1,7,Top,,,,,,,8.768392192733792,-129.12796073160231,-5.133292098679317,-12.88921234650726,24.384339405331133,-29.12273365230405,3.46,1.46,,,,89.9,1201,6.8,745711,669224,518934,650402,665862,683011,657077,592450,665742,53.73,,0.0,0.0,1,0,0,,57,7,Changeup,6,1,1,6,1,6,1,6,Strategic,Standard,251,0.037,-0.219,31.6,5.6,,0.219,,5,-5,0.921,0.079,34,30,35,30,1,3,1,1,2,1,2.67,1.0,-1.0,33.3
CH,2024-08-11,88.6,-2.21,5.85,"Kahnle, Tommy",608369,592454,,foul,,,,,13,Corey Seager strikes out swinging.,R,L,R,NYY,TEX,S,,,2,2,2024,-1.14,0.42,-1.16,2.12,666969,608348,669701,1,7,Top,,,,,,,4.9741253469255,-128.8459372944035,-3.90806294423305,-13.70988888337911,28.14221482283788,-26.844594226366784,3.46,1.46,,,,88.8,1163,6.6,745711,669224,518934,650402,665862,683011,657077,592450,665742,53.91,,,,,,,,57,6,Changeup,6,1,1,6,1,6,1,6,Infield shade,Standard,242,0.0,0.0,69.7,6.7,,0.0,,5,-5,0.921,0.079,34,30,35,30,1,3,1,1,2,1,2.5,1.14,-1.14,36.4
FF,2024-08-11,95.6,-1.84,6.12,"Kahnle, Tommy",608369,592454,,foul,,,,,5,Corey Seager strikes out swinging.,R,L,R,NYY,TEX,S,,,2,2,2024,-0.37,1.42,0.1,2.55,666969,608348,669701,1,7,Top,,,,,,,5.985341704820888,-138.98164998607427,-7.044203025287088,-6.078314521355434,29.41665169349672,-12.357414707469456,3.46,1.46,167,63.4,50,96.6,2280,6.8,745711,669224,518934,650402,665862,683011,657077,592450,665742,53.7,,,,,,,,57,5,4-Seam Fastball,6,1,1,6,1,6,1,6,Strategic,Standard,201,0.0,0.0,71.2,5.8,,0.0,88.0,5,-5,0.921,0.079,34,30,35,30,1,3,1,1,2,1,1.07,0.37,-0.37,48.7
CH,2024-08-11,88.2,-2.55,5.64,"Kahnle, Tommy",608369,592454,,ball,,,,,13,Corey Seager strikes out swinging.,R,L,R,NYY,TEX,B,,,1,2,2024,-0.79,0.15,-0.12,1.35,666969,608348,669701,1,7,Top,,,,,,,7.572636620031585,-128.27341957353767,-4.710209431085386,-10.211384736281945,24.797422805024823,-29.75243624631933,3.52,1.55,,,,88.9,1079,6.6,745711,669224,518934,650402,665862,683011,657077,592450,665742,53.89,,,,,,,,57,4,Changeup,6,1,1,6,1,6,1,6,Standard,Standard,252,0.0,0.04,,,,-0.04,,5,-5,0.921,0.079,34,30,35,30,1,3,1,1,2,1,2.77,0.79,-0.79,29.3
CH,2024-08-11,88.5,-2.31,5.75,"Kahnle, Tommy",608369,592454,,foul,,,,,7,Corey Seager strikes out swinging.,R,L,R,NYY,TEX,S,,,1,1,2024,-0.92,0.09,-0.38,1.63,666969,608348,669701,1,7,Top,,,,,,,6.676455357239361,-128.7313748581903,-4.192304999807313,-11.601320494712564,26.288518474861966,-30.546690863382544,3.46,1.46,3,42.9,-31,89.0,1213,6.6,745711,669224,518934,650402,665862,683011,657077,592450,665742,53.89,,,,,,,,57,3,Changeup,6,1,1,6,1,6,1,6,Infield shade,Standard,249,0.0,-0.07,71.0,7.8,,0.07,88.0,5,-5,0.921,0.079,34,30,35,30,1,3,1,1,2,1,2.82,0.92,-0.92,32.4
CH,2024-08-11,86.9,-2.58,5.71,"Kahnle, Tommy",608369,592454,,swinging_strike,,,,,4,Corey Seager strikes out swinging.,R,L,R,NYY,TEX,S,,,1,0,2024,-0.88,-0.12,-0.61,2.09,666969,608348,669701,1,7,Top,,,,,,,6.5532488342505,-126.4784864936191,-2.24618647646873,-10.83628056966204,25.844572985188854,-33.22135373645693,3.46,1.46,,,,87.3,1366,6.5,745711,669224,518934,650402,665862,683011,657077,592450,665742,53.97,,,,,,,,57,2,Changeup,6,1,1,6,1,6,1,6,Strategic,Standard,256,0.0,-0.062,71.5,7.7,,0.062,,5,-5,0.921,0.079,34,30,35,30,1,3,1,1,2,1,3.14,0.88,-0.88,31.1
CH,2024-08-11,87.1,-2.41,5.61,"Kahnle, Tommy",608369,592454,,blocked_ball,,,,,13,Corey Seager strikes out swinging.,R,L,R,NYY,TEX,B,,,0,0,2024,-0.88,0.05,-0.29,0.31,666969,608348,669701,1,7,Top,,,,,,,6.930756984477207,-126.53641931540926,-6.695373474585206,-10.86938677382952,25.147463895737506,-30.446212998326157,3.41,1.47,,,,87.6,1229,6.6,745711,669224,518934,650402,665862,683011,657077,592450,665742,53.88,,,,,,,,57,1,Changeup,6,1,1,6,1,6,1,6,Infield shade,Standard,250,0.0,0.039,,,,-0.039,,5,-5,0.921,0.079,34,30,35,30,1,3,1,1,2,1,2.96,0.88,-0.88,29.7
CH,2024-08-11,87.4,-2.45,5.75,"Kahnle, Tommy",669701,592454,single,hit_into_play,,,,,11,Josh Smith singles on a bunt ground ball to third baseman Jazz Chisholm Jr.  Adolis García to 3rd.    Carson Kelly to 2nd.,R,L,R,NYY,TEX,X,5,ground_ball,1,1,2024,-0.79,0.3,-0.2,3.4,,666969,608348,1,7,Top,121.68,193.79,,,,,7.1090327419793375,-127.14609799860482,-0.1132172909815919,-10.020054752011053,25.967560569497007,-29.108155443507584,3.19,1.49,12,31.9,-10,87.9,1259,6.6,745711,669224,518934,650402,665862,683011,657077,592450,665742,53.87,0.266,0.279,0.9,1,1,0,1,56,3,Changeup,6,1,1,6,1,6,1,6,Standard,Standard,244,-0.034,0.082,5.6,1.4,0.266,-0.082,88.0,5,-5,0.955,0.045,34,26,35,27,1,3,1,1,2,1,2.68,0.79,-0.79,31.1
CH,2024-08-11,86.9,-2.7,5.61,"Kahnle, Tommy",669701,592454,,swinging_strike,,,,,14,Josh Smith singles on a bunt ground ball to third baseman Jazz Chisholm Jr.  Adolis García to 3rd.    Carson Kelly to 2nd.,R,L,R,NYY,TEX,S,,,1,0,2024,-0.93,0.09,0.61,1.27,,666969,608348,1,7,Top,,,,,,,9.913765752524249,-126.10966066111688,-4.408726664281376,-11.977349340312076,26.069132928832616,-30.42640524544799,3.19,1.49,,,,87.3,1150,6.8,745711,669224,518934,650402,665862,683011,657077,592450,665742,53.75,,,,,,,,56,2,Changeup,6,1,1,6,1,6,1,6,Infield shade,Standard,255,0.0,-0.054,74.0,7.8,,0.054,,5,-5,0.955,0.045,34,26,35,27,1,3,1,1,2,1,2.94,0.93,-0.93,27.2
CH,2024-08-11,87.3,-2.42,5.69,"Kahnle, Tommy",669701,592454,,ball,,,,,13,Josh Smith singles on a bunt ground ball to third baseman Jazz Chisholm Jr.  Adolis García to 3rd.    Carson Kelly to 2nd.,R,L,R,NYY,TEX,B,,,0,0,2024,-0.98,-0.09,-0.86,1.14,,666969,608348,1,7,Top,,,,,,,5.80375556971284,-126.97507750554276,-4.593356832691069,-11.808032579220578,26.574050016593542,-32.41232128928298,3.08,1.39,,,,87.7,1243,6.6,745711,669224,518934,650402,665862,683011,657077,592450,665742,53.86,,,,,,,,56,1,Changeup,6,1,1,6,1,6,1,6,Infield shade,Standard,252,0.0,0.03,,,,-0.03,,5,-5,0.955,0.045,34,26,35,27,1,3,1,1,2,1,3.09,0.98,-0.98,31.9
CH,2024-08-11,87.0,-2.35,5.69,"Kahnle, Tommy",608348,592454,single,hit_into_play,,,,,8,Carson Kelly singles on a ground ball to third baseman Jazz Chisholm Jr.  Adolis García to 2nd.,R,R,R,NYY,TEX,X,5,ground_ball,2,2,2024,-0.65,0.08,0.04,1.87,,,666969,1,7,Top,108.3,176.5,,,,,7.097901140643806,-126.53380554216146,-3.1970465699639785,-8.353259938297274,24.40532301072912,-30.874550804472783,3.39,1.6,2,64.0,-49,87.7,1105,6.6,745711,669224,518934,650402,665862,683011,657077,592450,665742,53.86,0.263,0.223,0.9,1,1,0,2,55,5,Changeup,6,1,1,6,1,6,1,6,Standard,Standard,254,-0.017,0.427,72.5,7.6,0.271,-0.427,88.0,5,-5,0.972,0.028,34,29,35,30,1,2,1,1,2,2,2.92,0.65,0.65,30.6
SL,2024-08-11,86.6,-2.29,5.89,"Kahnle, Tommy",608348,592454,,called_strike,,,,,8,Carson Kelly singles on a ground ball to third baseman Jazz Chisholm Jr.  Adolis García to 2nd.,R,R,R,NYY,TEX,S,,,2,1,2024,0.28,0.25,0.08,1.78,,,666969,1,7,Top,,,,,,,5.118684469771704,-126.08058658549244,-4.177367315594813,2.0515256357185487,23.8123683236203,-28.92272372759413,3.42,1.59,,,,87.4,2301,6.6,745711,669224,518934,650402,665862,683011,657077,592450,665742,53.89,,,,,,,,55,4,Slider,6,1,1,6,1,6,1,6,Standard,Standard,146,0.0,-0.057,,,,0.057,,5,-5,0.972,0.028,34,29,35,30,1,2,1,1,2,2,2.77,-0.28,-0.28,40.0
CH,2024-08-11,86.4,-2.51,5.66,"Kahnle, Tommy",608348,592454,,swinging_strike,,,,,14,Carson Kelly singles on a ground ball to third baseman Jazz Chisholm Jr.  Adolis García to 2nd.,R,R,R,NYY,TEX,S,,,2,0,2024,-0.96,-0.27,0.61,1.17,,,666969,1,7,Top,,,,,,,9.454001090703516,-125.50571223241027,-3.9463619757652815,-12.004135316639664,24.51037216304436,-34.41703092203334,3.39,1.6,,,,87.1,1097,6.7,745711,669224,518934,650402,665862,683011,657077,592450,665742,53.76,,,,,,,,55,3,Changeup,6,1,1,6,1,6,1,6,Standard,Standard,260,0.0,-0.057,29.8,6.3,,0.057,,5,-5,0.972,0.028,34,29,35,30,1,2,1,1,2,2,3.32,0.96,0.96,29.2
CH,2024-08-11,86.5,-2.43,5.74,"Kahnle, Tommy",608348,592454,,ball,,,,,14,Carson Kelly singles on a ground ball to third baseman Jazz Chisholm Jr.  Adolis García to 2nd.,R,R,R,NYY,TEX,B,,,1,0,2024,-0.79,0.04,0.74,1.32,,,666969,1,7,Top,,,,,,,9.191268247388,-125.62472932470212,-4.421634474131525,-10.212815206735064,24.761178741739048,-31.02955038654093,3.33,1.54,,,,86.8,1224,6.5,745711,669224,518934,650402,665862,683011,657077,592450,665742,53.97,,,,,,,,55,2,Changeup,6,1,1,6,1,6,1,6,Standard,Standard,253,0.0,0.056,,,,-0.056,,5,-5,0.972,0.028,34,29,35,30,1,2,1,1,2,2,3.01,0.79,0.79,31.1
CH,2024-08-11,88.0,-2.33,5.69,"Kahnle, Tommy",608348,592454,,blocked_ball,,,,,14,Carson Kelly singles on a ground ball to third baseman Jazz Chisholm Jr.  Adolis García to 2nd.,R,R,R,NYY,TEX,B,,,0,0,2024,-1.1,0.45,1.66,0.92,,,666969,1,7,Top,,,,,,,12.01605732459499,-127.56698829257884,-6.4293181170391245,-14.421773082057962,24.669410810286134,-26.12189125639504,3.32,1.55,,,,88.6,1154,6.7,745711,669224,518934,650402,665862,683011,657077,592450,665742,53.78,,,,,,,,55,1,Changeup,6,1,1,6,1,6,1,6,Standard,Standard,253,0.0,0.036,,,,-0.036,,5,-5,0.972,0.028,34,29,35,30,1,2,1,1,2,2,2.51,1.1,1.1,29.2
CH,2024-08-11,87.9,-2.45,5.76,"Kahnle, Tommy",665750,592454,field_out,hit_into_play,,,,,14,Leody Taveras flies out to third baseman Jazz Chisholm Jr.  in foul territory.,R,L,R,NYY,TEX,X,5,fly_ball,2,2,2024,-0.78,-0.15,0.06,1.38,,,666969,0,7,Top,93.27,191.47,,,,,7.732511128855774,-127.82456701651395,-4.259565678466446,-10.038736810086004,24.199691718123415,-33.21787810060475,3.7,1.72,159,68.1,58,88.5,1143,6.5,745711,669224,518934,650402,665862,683011,657077,592450,665742,53.97,0.017,0.015,0.0,1,0,0,3,54,5,Changeup,6,1,1,6,1,6,1,6,Strategic,Standard,254,0.015,-0.233,84.1,7.8,0.017,0.233,88.0,5,-5,0.957,0.043,34,25,35,26,1,2,1,1,2,1,3.09,0.78,-0.78,31.9
FF,2024-08-11,93.3,-1.93,6.15,"Kahnle, Tommy",665750,592454,,ball,,,,,11,Leody Taveras flies out to third baseman Jazz Chisholm Jr.  in foul territory.,R,L,R,NYY,TEX,B,,,1,2,2024,-0.32,1.06,-2.01,3.55,,,666969,0,7,Top,,,,,,,0.5028565198192365,-135.9965203020817,-3.3586640564816586,-4.125497936045675,27.61834524343903,-18.41334590031169,3.66,1.68,,,,94.2,2026,6.6,745711,669224,518934,650402,665862,683011,657077,592450,665742,53.93,,,,,,,,54,4,4-Seam Fastball,6,1,1,6,1,6,1,6,Strategic,Standard,203,0.0,0.045,,,,-0.045,,5,-5,0.957,0.043,34,25,35,26,1,2,1,1,2,1,1.53,0.32,-0.32,46.8
CH,2024-08-11,87.2,-2.44,5.75,"Kahnle, Tommy",665750,592454,,foul,,,,,5,Leody Taveras flies out to third baseman Jazz Chisholm Jr.  in foul territory.,R,L,R,NYY,TEX,S,,,1,1,2024,-0.79,0.16,0.08,2.67,,,666969,0,7,Top,,,,,,,7.751611940517254,-126.91778084944907,-1.6249436987371038,-10.098401403841931,23.97427050082667,-30.36351776183622,3.7,1.72,233,71.0,41,88.1,1222,6.7,745711,669224,518934,650402,665862,683011,657077,592450,665742,53.82,,,,,,,,54,3,Changeup,6,1,1,6,1,6,1,6,Standard,Standard,257,0.0,-0.049,73.3,7.9,,0.049,88.0,5,-5,0.957,0.043,34,25,35,26,1,2,1,1,2,1,2.82,0.79,-0.79,31.1
CH,2024-08-11,86.5,-2.38,5.77,"Kahnle, Tommy",665750,592454,,called_strike,,,,,4,Leody Taveras flies out to third baseman Jazz Chisholm Jr.  in foul territory.,R,L,R,NYY,TEX,S,,,1,0,2024,-0.85,0.02,-0.73,2.42,,,666969,0,7,Top,,,,,,,5.67531463109081,-125.94468542821876,-1.8511748700202133,-10.127851964871557,24.22300703141314,-31.779785538859137,3.62,1.68,,,,87.0,1260,6.5,745711,669224,518934,650402,665862,683011,657077,592450,665742,54.04,,,,,,,,54,2,Changeup,6,1,1,6,1,6,1,6,Standard,Standard,252,0.0,-0.049,,,,0.049,,5,-5,0.957,0.043,34,25,35,26,1,2,1,1,2,1,3.01,0.85,-0.85,30.8
CH,2024-08-11,87.6,-2.28,5.87,"Kahnle, Tommy",665750,592454,,ball,,,,,14,Leody Taveras flies out to third baseman Jazz Chisholm Jr.  in foul territory.,R,L,R,NYY,TEX,B,,,0,0,2024,-0.9,-0.17,1.79,2.21,,,666969,0,7,Top,,,,,,,11.699628587753317,-127.13915692020312,-2.3261503544060105,-12.14318978310642,25.394430740558228,-33.76684138965304,3.55,1.58,,,,87.8,1077,6.5,745711,669224,518934,650402,665862,683011,657077,592450,665742,54.02,,,,,,,,54,1,Changeup,6,1,1,6,1,6,1,6,Standard,Standard,256,0.0,0.042,,,,-0.042,,5,-5,0.957,0.043,34,25,35,26,1,2,1,1,2,1,3.15,0.9,-0.9,33.7
CH,2024-08-10,86.3,-2.4,5.64,"Kahnle, Tommy",669701,592454,field_out,hit_into_play,,,,,14,"Josh Smith grounds out, second baseman Gleyber Torres to first baseman DJ LeMahieu.",R,L,R,NYY,TEX,X,4,ground_ball,0,1,2024,-0.89,-0.03,0.16,1.28,,,,2,9,Top,149.63,150.86,,,,,7.943034639105139,-125.401491584021,-4.073416180607061,-11.008717415770183,25.74142188630049,-31.88841030973458,3.19,1.49,8,74.8,-9,86.6,1190,6.6,745708,665966,518934,650402,665862,683011,657077,592450,665742,53.9,0.066,0.06,0.0,1,0,0,2,79,2,Changeup,4,9,9,4,9,4,9,4,Infield shade,Standard,250,0.001,-0.215,75.2,7.5,0.075,0.215,88.0,-5,5,0.006,0.994,34,26,35,27,1,5,2,0,1,1,3.11,0.89,-0.89,29.8
CH,2024-08-10,86.9,-2.33,5.62,"Kahnle, Tommy",669701,592454,,swinging_strike,,,,,14,"Josh Smith grounds out, second baseman Gleyber Torres to first baseman DJ LeMahieu.",R,L,R,NYY,TEX,S,,,0,0,2024,-0.96,0.02,0.29,1.01,,,,2,9,Top,,,,,,,8.317449491771544,-126.181421515748,-4.8748361836501255,-11.9351434783108,26.36961425722997,-31.1316217617183,3.19,1.49,,,,87.4,1204,6.8,745708,665966,518934,650402,665862,683011,657077,592450,665742,53.69,,,,,,,,79,1,Changeup,4,9,9,4,9,4,9,4,Infield shade,Standard,248,0.0,-0.041,71.4,8.2,,0.041,,-5,5,0.006,0.994,34,26,35,27,1,5,2,0,1,1,3.02,0.96,-0.96,30.0
FF,2024-08-10,91.6,-2.19,5.95,"Kahnle, Tommy",608348,592454,field_out,hit_into_play,,,,,3,"Carson Kelly grounds out, second baseman Gleyber Torres to first baseman DJ LeMahieu.",R,R,R,NYY,TEX,X,4,ground_ball,0,0,2024,-0.47,1.31,0.79,3.25,,,,1,9,Top,138.72,145.41,,,,,8.570489150549701,-133.02937547414757,-3.711891891819042,-7.523663547669337,30.65205127090641,-16.07979732227605,3.4,1.61,51,70.0,2,91.7,2029,6.6,745708,665966,518934,650402,665862,683011,657077,592450,665742,53.87,0.129,0.099,0.0,1,0,0,2,78,1,4-Seam Fastball,4,9,9,4,9,4,9,4,Strategic,Standard,215,0.0,-0.256,70.3,6.7,0.15,0.256,88.0,-5,5,0.006,0.994,34,29,35,30,1,4,2,5,1,1,1.44,0.47,0.47,38.2
CH,2024-08-10,84.7,-2.53,5.56,"Kahnle, Tommy",665750,592454,field_out,hit_into_play,,,,,4,Leody Taveras grounds out to first baseman DJ LeMahieu.,R,L,R,NYY,TEX,X,3,ground_ball,3,2,2024,-0.83,0.29,-0.29,2.35,,,,0,9,Top,168.57,157.54,,,,,6.926075546902149,-123.223912508871,-1.7095170637055803,-9.90624374482976,25.64542372244116,-29.051199068968977,3.69,1.73,100,79.8,7,84.9,1115,6.5,745708,665966,518934,650402,665862,683011,657077,592450,665742,53.96,0.303,0.319,0.0,1,0,0,2,77,6,Changeup,4,9,9,4,9,4,9,4,Infield shade,Standard,263,0.001,-0.333,71.6,7.9,0.334,0.333,88.0,-5,5,0.005,0.995,34,25,35,26,1,4,2,0,1,1,2.9,0.83,-0.83,26.2
CH,2024-08-10,85.2,-2.45,5.71,"Kahnle, Tommy",665750,592454,,swinging_strike,,,,,13,Leody Taveras grounds out to first baseman DJ LeMahieu.,R,L,R,NYY,TEX,S,,,3,1,2024,-0.92,-0.19,-0.12,1.25,,,,0,9,Top,,,,,,,7.345248910345043,-123.84598074068523,-3.727176628285428,-11.049445465456737,27.05147271545438,-33.48326596970051,3.69,1.73,,,,85.0,1192,6.5,745708,665966,518934,650402,665862,683011,657077,592450,665742,54.05,,,,,,,,77,5,Changeup,4,9,9,4,9,4,9,4,Infield shade,Standard,249,0.0,-0.085,66.8,8.6,,0.085,,-5,5,0.005,0.995,34,25,35,26,1,4,2,0,1,1,3.36,0.92,-0.92,31.2
CH,2024-08-10,91.2,-2.29,5.84,"Kahnle, Tommy",665750,592454,,called_strike,,,,,6,Leody Taveras grounds out to first baseman DJ LeMahieu.,R,L,R,NYY,TEX,S,,,3,0,2024,-0.82,0.86,0.71,2.82,,,,0,9,Top,,,,,,,9.331931832921166,-132.56893993994169,-3.557096227804627,-11.630772458920813,27.99974138457692,-21.481663699022786,3.69,1.66,,,,91.5,2093,6.5,745708,665966,518934,650402,665862,683011,657077,592450,665742,53.98,,,,,,,,77,4,Changeup,4,9,9,4,9,4,9,4,Infield shade,Standard,216,0.0,-0.09,,,,0.09,,-5,5,0.005,0.995,34,25,35,26,1,4,2,0,1,1,1.89,0.82,-0.82,34.4
CH,2024-08-10,84.9,-2.42,5.8,"Kahnle, Tommy",665750,592454,,ball,,,,,14,Leody Taveras grounds out to first baseman DJ LeMahieu.,R,L,R,NYY,TEX,B,,,2,0,2024,-1.01,0.12,1.21,1.27,,,,0,9,Top,,,,,,,10.52387037731082,-123.13923999472917,-4.485814297420807,-12.30418738451492,24.102110679930774,-30.23166840716806,3.79,1.84,,,,85.0,1292,6.5,745708,665966,518934,650402,665862,683011,657077,592450,665742,54.01,,,,,,,,77,3,Changeup,4,9,9,4,9,4,9,4,Infield shade,Standard,254,0.0,0.147,,,,-0.147,,-5,5,0.005,0.995,34,25,35,26,1,4,2,0,1,1,3.06,1.01,-1.01,28.4
FF,2024-08-10,90.5,-2.23,5.82,"Kahnle, Tommy",665750,592454,,ball,,,,,11,Leody Taveras grounds out to first baseman DJ LeMahieu.,R,L,R,NYY,TEX,B,,,1,0,2024,-1.09,0.95,-1.96,3.56,,,,0,9,Top,,,,,,,3.014234985662636,-131.70518944287917,-1.7227484868966514,-13.31114280924202,29.56805626903772,-20.955533804255655,3.74,1.78,,,,90.5,1834,6.4,745708,665966,518934,650402,665862,683011,657077,592450,665742,54.09,,,,,,,,77,2,4-Seam Fastball,4,9,9,4,9,4,9,4,Infield shade,Standard,232,0.0,0.069,,,,-0.069,,-5,5,0.005,0.995,34,25,35,26,1,4,2,0,1,1,1.84,1.09,-1.09,35.8
CH,2024-08-10,84.7,-2.2,5.73,"Kahnle, Tommy",665750,592454,,ball,,,,,14,Leody Taveras grounds out to first baseman DJ LeMahieu.,R,L,R,NYY,TEX,B,,,0,0,2024,-1.14,0.26,1.41,0.71,,,,0,9,Top,,,,,,,10.746492282764946,-122.79298080426564,-5.905886774770532,-13.60132248495294,23.89428978366735,-28.52066717075927,3.69,1.71,,,,85.1,1166,6.7,745708,665966,518934,650402,665862,683011,657077,592450,665742,53.78,,,,,,,,77,1,Changeup,4,9,9,4,9,4,9,4,Infield shade,Standard,249,0.0,0.038,,,,-0.038,,-5,5,0.005,0.995,34,25,35,26,1,4,2,0,1,1,2.94,1.14,-1.14,32.6
CH,2024-08-08,84.2,-2.29,5.71,"Kahnle, Tommy",592273,592454,field_out,hit_into_play,,,,,14,Brandon Drury flies out to right fielder Juan Soto.,R,R,R,NYY,LAA,X,9,fly_ball,3,2,2024,-0.44,0.05,1.24,2.27,,,,2,9,Top,157.7,117.09,,,,,9.170654756808531,-122.2455635315406,-1.6130144876718857,-6.4143819379505995,26.84439179544544,-31.57622806000679,3.65,1.68,220,81.7,56,84.6,728,6.9,745710,669224,518934,650402,665862,665828,657077,592450,665742,53.56,0.02,0.021,0.0,1,0,0,3,75,8,Changeup,3,9,9,3,9,3,9,3,Standard,Standard,273,0.0,-0.325,69.7,7.8,0.027,0.325,88.0,-6,6,0.003,0.997,34,31,35,32,1,4,4,1,2,1,3.21,0.44,0.44,30.2
CH,2024-08-08,85.9,-2.37,5.77,"Kahnle, Tommy",592273,592454,,foul,,,,,8,Brandon Drury flies out to right fielder Juan Soto.,R,R,R,NYY,LAA,S,,,3,2,2024,-0.82,0.14,0.07,1.62,,,,2,9,Top,,,,,,,7.514680112895824,-124.81110454832556,-3.816363351721905,-10.165649945487347,26.309168937622843,-30.15042197432115,3.65,1.68,3,96.9,-31,86.4,842,6.8,745710,669224,518934,650402,665862,665828,657077,592450,665742,53.68,,,,,,,,75,7,Changeup,3,9,9,3,9,3,9,3,Standard,Standard,255,0.0,0.0,73.8,7.9,,0.0,96.9,-6,6,0.003,0.997,34,31,35,32,1,4,4,1,2,1,2.97,0.82,0.82,34.6
FF,2024-08-08,93.5,-1.78,6.0,"Kahnle, Tommy",592273,592454,,ball,,,,,14,Brandon Drury flies out to right fielder Juan Soto.,R,R,R,NYY,LAA,B,,,2,2,2024,-0.19,1.26,2.0,2.04,,,,2,9,Top,,,,,,,10.242006213820488,-135.6327527649872,-7.221375273918769,-4.806778782658723,32.745919382634405,-15.162735284695051,3.54,1.64,,,,93.9,1957,6.9,745710,669224,518934,650402,665862,665828,657077,592450,665742,53.59,,,,,,,,75,6,4-Seam Fastball,3,9,9,3,9,3,9,3,Standard,Standard,203,0.0,0.106,,,,-0.106,,-6,6,0.003,0.997,34,31,35,32,1,4,4,1,2,1,1.39,0.19,0.19,44.4
CH,2024-08-08,85.8,-2.17,5.74,"Kahnle, Tommy",592273,592454,,ball,,,,,14,Brandon Drury flies out to right fielder Juan Soto.,R,R,R,NYY,LAA,B,,,1,2,2024,-0.76,0.34,1.68,1.76,,,,2,9,Top,,,,,,,10.767746376979558,-124.40359508910636,-3.73808710662812,-10.331580192726282,29.113159382379113,-27.964890745747628,3.58,1.64,,,,86.1,937,7.0,745710,669224,518934,650402,665862,665828,657077,592450,665742,53.46,,,,,,,,75,5,Changeup,3,9,9,3,9,3,9,3,Standard,Standard,252,0.0,0.039,,,,-0.039,,-6,6,0.003,0.997,34,31,35,32,1,4,4,1,2,1,2.82,0.76,0.76,37.9
CH,2024-08-08,85.5,-2.21,5.79,"Kahnle, Tommy",592273,592454,,foul,,,,,6,Brandon Drury flies out to right fielder Juan Soto.,R,R,R,NYY,LAA,S,,,1,2,2024,-1.01,-0.14,0.78,2.46,,,,2,9,Top,,,,,,,9.15834176343524,-124.0567300652488,-1.1599567166097422,-12.436039999830305,27.86440237010569,-33.561141464604425,3.65,1.68,207,78.8,56,85.6,720,6.8,745710,669224,518934,650402,665862,665828,657077,592450,665742,53.69,,,,,,,,75,4,Changeup,3,9,9,3,9,3,9,3,Standard,Standard,262,0.0,0.0,62.9,7.3,,0.0,88.0,-6,6,0.003,0.997,34,31,35,32,1,4,4,1,2,1,3.31,1.01,1.01,31.4
CH,2024-08-08,85.7,-2.32,5.74,"Kahnle, Tommy",592273,592454,,called_strike,,,,,14,Brandon Drury flies out to right fielder Juan Soto.,R,R,R,NYY,LAA,S,,,1,1,2024,-0.96,-0.16,0.95,2.36,,,,2,9,Top,,,,,,,9.752124570239914,-124.39615409134292,-1.3432484397653657,-11.919236511213311,25.419434690767645,-33.76353427323238,3.55,1.68,,,,86.4,797,6.9,745710,669224,518934,650402,665862,665828,657077,592450,665742,53.6,,,,,,,,75,3,Changeup,3,9,9,3,9,3,9,3,Standard,Standard,262,0.0,-0.064,,,,0.064,,-6,6,0.003,0.997,34,31,35,32,1,4,4,1,2,1,3.28,0.96,0.96,30.1
CH,2024-08-08,82.4,-2.46,5.7,"Kahnle, Tommy",592273,592454,,ball,,,,,11,Brandon Drury flies out to right fielder Juan Soto.,R,R,R,NYY,LAA,B,,,0,1,2024,-0.26,-0.2,-1.61,4.74,,,,2,9,Top,,,,,,,2.441990572281508,-119.92294836479148,4.755315514368066,-2.964169121447413,23.057752365078805,-35.284874648363505,3.61,1.68,,,,82.6,724,6.4,745710,669224,518934,650402,665862,665828,657077,592450,665742,54.09,,,,,,,,75,2,Changeup,3,9,9,3,9,3,9,3,Standard,Standard,305,0.0,0.029,,,,-0.029,,-6,6,0.003,0.997,34,31,35,32,1,4,4,1,2,1,3.56,0.26,0.26,30.1
CH,2024-08-08,84.0,-2.56,5.73,"Kahnle, Tommy",592273,592454,,foul,,,,,3,Brandon Drury flies out to right fielder Juan Soto.,R,R,R,NYY,LAA,S,,,0,0,2024,-0.49,0.18,0.52,3.17,,,,2,9,Top,,,,,,,8.133440715112135,-122.15402639131352,0.1324047956576832,-6.558533081223573,24.27518485603181,-30.615937490912085,3.65,1.68,86,86.9,78,84.2,861,6.5,745710,669224,518934,650402,665862,665828,657077,592450,665742,54.04,,,,,,,,75,1,Changeup,3,9,9,3,9,3,9,3,Standard,Standard,264,0.0,-0.041,73.0,7.7,,0.041,88.0,-6,6,0.003,0.997,34,31,35,32,1,4,4,1,2,1,3.06,0.49,0.49,31.5
CH,2024-08-08,84.7,-2.54,5.75,"Kahnle, Tommy",666176,592454,field_out,hit_into_play,,,,,4,"Jo Adell grounds out, pitcher Tommy Kahnle to first baseman DJ LeMahieu.",R,R,R,NYY,LAA,X,1,ground_ball,1,1,2024,-0.58,-0.11,-0.71,2.73,,,,1,9,Top,128.93,182.94,,,,,5.479806280975601,-123.17696978357012,-0.4065867618890694,-7.04403284763358,27.40307561343476,-33.39738433602081,3.66,1.81,4,66.0,-34,85.0,748,6.8,745710,669224,518934,650402,665862,665828,657077,592450,665742,53.72,0.069,0.078,0.0,1,0,0,2,74,3,Changeup,3,9,9,3,9,3,9,3,Standard,Standard,268,0.001,-0.243,75.2,6.0,0.069,0.243,88.0,-6,6,0.002,0.998,34,25,35,25,1,4,4,1,2,1,3.32,0.58,0.58,32.0
CH,2024-08-08,83.4,-2.31,5.77,"Kahnle, Tommy",666176,592454,,called_strike,,,,,14,"Jo Adell grounds out, pitcher Tommy Kahnle to first baseman DJ LeMahieu.",R,R,R,NYY,LAA,S,,,1,0,2024,-0.65,-0.05,0.93,2.32,,,,1,9,Top,,,,,,,8.774701775182171,-121.07022780116765,-1.301156765244373,-8.212080675277926,26.16907537033652,-32.635433997464865,3.65,1.72,,,,83.5,903,6.7,745710,669224,518934,650402,665862,665828,657077,592450,665742,53.75,,,,,,,,74,2,Changeup,3,9,9,3,9,3,9,3,Standard,Standard,264,0.0,-0.051,,,,0.051,,-6,6,0.002,0.998,34,25,35,25,1,4,4,1,2,1,3.37,0.65,0.65,31.2
CH,2024-08-08,83.6,-2.44,5.77,"Kahnle, Tommy",666176,592454,,ball,,,,,12,"Jo Adell grounds out, pitcher Tommy Kahnle to first baseman DJ LeMahieu.",R,R,R,NYY,LAA,B,,,0,0,2024,-0.56,0.22,0.21,4.17,,,,1,9,Top,,,,,,,7.247408635625632,-121.5286479997164,2.3922579712334007,-7.0748542778991785,25.81086392929773,-30.745770485278644,3.7,1.77,,,,83.7,722,6.6,745710,669224,518934,650402,665862,665828,657077,592450,665742,53.87,,,,,,,,74,1,Changeup,3,9,9,3,9,3,9,3,Standard,Standard,283,0.0,0.039,,,,-0.039,,-6,6,0.002,0.998,34,25,35,25,1,4,4,1,2,1,3.07,0.56,0.56,32.2
CH,2024-08-08,85.1,-2.32,5.77,"Kahnle, Tommy",543685,592454,field_out,hit_into_play,,,,,6,"Anthony Rendon grounds out, third baseman Jazz Chisholm Jr. to first baseman DJ LeMahieu.",R,R,R,NYY,LAA,X,5,ground_ball,2,1,2024,-1.11,0.18,0.37,2.14,,,,0,9,Top,102.0,162.0,,,,,8.586729873920579,-123.63590659264864,-2.531078883264428,-13.080437131476987,25.578295212306895,-30.0466376671109,3.3,1.54,6,90.6,-21,85.4,1024,6.6,745710,669224,518934,650402,665862,665828,657077,592450,665742,53.87,0.083,0.074,0.0,1,0,0,2,73,4,Changeup,3,9,9,3,9,3,9,3,Standard,Standard,252,0.0,-0.296,82.0,7.2,0.092,0.296,90.6,-6,6,0.002,0.998,34,34,35,34,1,4,4,1,2,1,2.99,1.11,1.11,29.8
CH,2024-08-08,83.8,-2.5,5.75,"Kahnle, Tommy",543685,592454,,ball,,,,,11,"Anthony Rendon grounds out, third baseman Jazz Chisholm Jr. to first baseman DJ LeMahieu.",R,R,R,NYY,LAA,B,,,1,1,2024,-0.42,0.21,-0.37,4.64,,,,0,9,Top,,,,,,,5.8120739866184365,-121.8466511716674,3.49183179231249,-5.381368193846847,24.317413743901657,-31.04105011722716,3.26,1.58,,,,84.3,826,6.7,745710,669224,518934,650402,665862,665828,657077,592450,665742,53.78,,,,,,,,73,3,Changeup,3,9,9,3,9,3,9,3,Standard,Standard,269,0.0,0.053,,,,-0.053,,-6,6,0.002,0.998,34,34,35,34,1,4,4,1,2,1,3.05,0.42,0.42,31.7
CH,2024-08-08,86.1,-2.31,5.78,"Kahnle, Tommy",543685,592454,,ball,,,,,14,"Anthony Rendon grounds out, third baseman Jazz Chisholm Jr. to first baseman DJ LeMahieu.",R,R,R,NYY,LAA,B,,,0,1,2024,-1.34,-0.05,1.62,0.47,,,,0,9,Top,,,,,,,12.103031977969511,-124.67613170178366,-6.240721027304685,-16.399696225987466,25.776181264899783,-31.467103581544094,3.26,1.58,,,,86.3,1139,6.8,745710,669224,518934,650402,665862,665828,657077,592450,665742,53.72,,,,,,,,73,2,Changeup,3,9,9,3,9,3,9,3,Standard,Standard,254,0.0,0.025,,,,-0.025,,-6,6,0.002,0.998,34,34,35,34,1,4,4,1,2,1,3.16,1.34,1.34,31.1
CH,2024-08-08,85.8,-2.48,5.83,"Kahnle, Tommy",543685,592454,,called_strike,,,,,6,"Anthony Rendon grounds out, third baseman Jazz Chisholm Jr. to first baseman DJ LeMahieu.",R,R,R,NYY,LAA,S,,,0,0,2024,-1.33,0.26,0.45,2.59,,,,0,9,Top,,,,,,,9.674084063629932,-124.59799268950516,-1.87482764582988,-15.83457323228733,26.322013074980973,-29.316913971854955,3.23,1.58,,,,85.9,1260,6.6,745710,669224,518934,650402,665862,665828,657077,592450,665742,53.89,,,,,,,,73,1,Changeup,3,9,9,3,9,3,9,3,Standard,Standard,246,0.0,-0.037,,,,0.037,,-6,6,0.002,0.998,34,34,35,34,1,4,4,1,2,1,2.86,1.33,1.33,33.7
CH,2024-08-04,87.8,-2.24,5.53,"Kahnle, Tommy",662139,592454,walk,ball,,,,,14,Daulton Varsho walks.   Joey Loperfido to 3rd.    Steward Berroa to 2nd.,R,L,R,NYY,TOR,B,,,3,2,2024,-0.61,0.0,1.15,1.07,,694388,672642,1,8,Top,,,,,,,9.535630404175876,-127.61488455977182,-4.723944024458358,-8.545823437813766,24.579870267207376,-31.421330334130435,3.44,1.63,,,,88.6,942,6.7,745718,669224,518934,650402,665862,683011,592450,663757,665742,53.78,,0.689131,0.7,1,0,0,,66,9,Changeup,3,2,2,3,2,3,2,3,Infield shade,Standard,258,-0.138,0.266,,,,-0.266,,1,-1,0.662,0.338,34,27,35,28,1,3,1,1,4,2,2.95,0.61,-0.61,31.0
FF,2024-08-04,93.4,-1.97,5.94,"Kahnle, Tommy",662139,592454,,ball,,,,,11,Daulton Varsho walks.   Joey Loperfido to 3rd.    Steward Berroa to 2nd.,R,L,R,NYY,TOR,B,,,2,2,2024,-0.57,0.92,-0.94,4.12,,694388,672642,1,8,Top,,,,,,,3.9579807960871176,-136.07842958134952,-1.0054082328060732,-7.991271954863826,28.384744187837743,-20.699543279068152,3.42,1.59,,,,94.2,1950,6.6,745718,669224,518934,650402,665862,683011,592450,663757,665742,53.92,,,,,,,,66,8,4-Seam Fastball,3,2,2,3,2,3,2,3,Infield shade,Standard,208,0.0,0.086,,,,-0.086,,1,-1,0.662,0.338,34,27,35,28,1,3,1,1,4,2,1.68,0.57,-0.57,43.9
CH,2024-08-04,87.6,-2.42,5.54,"Kahnle, Tommy",662139,592454,,foul,,,,,13,Daulton Varsho walks.   Joey Loperfido to 3rd.    Steward Berroa to 2nd.,R,L,R,NYY,TOR,S,,,2,2,2024,-0.62,-0.1,-0.1,1.04,,694388,672642,1,8,Top,,,,,,,6.933540708507445,-127.45228449285086,-4.585855477841843,-8.19205601653114,25.374335658961822,-32.52242275252106,3.26,1.48,2,77.7,-25,88.3,1051,6.7,745718,669224,518934,650402,665862,683011,592450,663757,665742,53.83,,,,,,,,66,7,Changeup,3,2,2,3,2,3,2,3,Infield shade,Standard,257,0.0,0.0,73.0,8.6,,0.0,88.0,1,-1,0.662,0.338,34,27,35,28,1,3,1,1,4,2,3.06,0.62,-0.62,28.9
CH,2024-08-04,87.6,-2.16,5.65,"Kahnle, Tommy",662139,592454,,foul,,,,,7,Daulton Varsho walks.   Joey Loperfido to 3rd.    Steward Berroa to 2nd.,R,L,R,NYY,TOR,S,,,2,2,2024,-0.92,0.12,-0.71,1.99,,694388,672642,1,8,Top,,,,,,,5.47146726419768,-127.44586896989814,-2.95805344629148,-11.206999995525331,26.816542514659744,-30.426500015103848,3.26,1.48,3,73.9,-39,88.2,1171,6.7,745718,669224,518934,650402,665862,683011,592450,663757,665742,53.79,,,,,,,,66,6,Changeup,3,2,2,3,2,3,2,3,Infield shade,Standard,250,0.0,0.0,76.5,8.4,,0.0,88.0,1,-1,0.662,0.338,34,27,35,28,1,3,1,1,4,2,2.85,0.92,-0.92,32.7
FF,2024-08-04,94.1,-1.96,5.97,"Kahnle, Tommy",662139,592454,,ball,,,,,13,Daulton Varsho walks.   Joey Loperfido to 3rd.    Steward Berroa to 2nd.,R,L,R,NYY,TOR,B,,,1,2,2024,-0.46,1.11,-1.31,2.02,,694388,672642,1,8,Top,,,,,,,2.7317622030917996,-136.90170456465603,-7.066215204719852,-6.433721208295253,29.028290029968066,-16.84438530007923,3.36,1.62,,,,94.8,2083,6.6,745718,669224,518934,650402,665862,683011,592450,663757,665742,53.86,,,,,,,,66,5,4-Seam Fastball,3,2,2,3,2,3,2,3,Infield shade,Standard,207,0.0,0.035,,,,-0.035,,1,-1,0.662,0.338,34,27,35,28,1,3,1,1,4,2,1.45,0.46,-0.46,43.6
CH,2024-08-04,88.3,-2.29,5.73,"Kahnle, Tommy",662139,592454,,ball,,,,,11,Daulton Varsho walks.   Joey Loperfido to 3rd.    Steward Berroa to 2nd.,R,L,R,NYY,TOR,B,,,0,2,2024,-0.98,0.0,-0.7,4.04,,694388,672642,1,8,Top,,,,,,,5.9260471390268545,-128.48333524674592,2.0003017042648916,-12.057748474173325,26.96329587699294,-32.77660856501352,3.38,1.55,,,,88.7,1125,6.6,745718,669224,518934,650402,665862,683011,592450,663757,665742,53.92,,,,,,,,66,4,Changeup,3,2,2,3,2,3,2,3,Infield shade,Standard,255,0.0,0.022,,,,-0.022,,1,-1,0.662,0.338,34,27,35,28,1,3,1,1,4,2,2.92,0.98,-0.98,32.5
CH,2024-08-04,87.8,-2.34,5.59,"Kahnle, Tommy",662139,592454,,foul,,,,,13,Daulton Varsho walks.   Joey Loperfido to 3rd.    Steward Berroa to 2nd.,R,L,R,NYY,TOR,S,,,0,2,2024,-0.87,-0.16,-1.0,0.87,,694388,672642,1,8,Top,,,,,,,5.076453323005964,-127.72905272322905,-4.985502461883154,-10.53798600815226,27.40738581237264,-33.04556973936014,3.26,1.48,,,,88.1,1154,6.6,745718,669224,518934,650402,665862,683011,592450,663757,665742,53.9,,,,,,,,66,3,Changeup,3,2,2,3,2,3,2,3,Infield shade,Standard,260,0.0,0.0,67.0,8.7,,0.0,,1,-1,0.662,0.338,34,27,35,28,1,3,1,1,4,2,3.13,0.87,-0.87,31.1
CH,2024-08-04,87.1,-2.44,5.68,"Kahnle, Tommy",662139,592454,,called_strike,,,,,9,Daulton Varsho walks.   Joey Loperfido to 3rd.    Steward Berroa to 2nd.,R,L,R,NYY,TOR,S,,,0,1,2024,-0.88,-0.07,0.82,2.05,,694388,672642,1,8,Top,,,,,,,9.68416804416652,-126.47656746259048,-2.40807519051623,-11.39810698836099,25.77779208365896,-32.58774142856051,3.41,1.58,,,,87.6,1074,6.7,745718,669224,518934,650402,665862,683011,592450,663757,665742,53.8,,,,,,,,66,2,Changeup,3,2,2,3,2,3,2,3,Infield shade,Standard,258,0.0,-0.048,,,,0.048,,1,-1,0.662,0.338,34,27,35,28,1,3,1,1,4,2,3.08,0.88,-0.88,30.2
CH,2024-08-04,87.8,-2.18,5.76,"Kahnle, Tommy",662139,592454,,called_strike,,,,,5,Daulton Varsho walks.   Joey Loperfido to 3rd.    Steward Berroa to 2nd.,R,L,R,NYY,TOR,S,,,0,0,2024,-0.84,-0.03,-0.06,2.28,,694388,672642,1,8,Top,,,,,,,6.922377832249023,-127.67528382176856,-2.231106255486563,-10.642940610526876,27.231758170870748,-32.21272671657731,3.46,1.67,,,,88.2,1088,6.7,745718,669224,518934,650402,665862,683011,592450,663757,665742,53.84,,,,,,,,66,1,Changeup,3,2,2,3,2,3,2,3,Infield shade,Standard,258,0.0,-0.039,,,,0.039,,1,-1,0.662,0.338,34,27,35,28,1,3,1,1,4,2,3.0,0.84,-0.84,31.0
CH,2024-08-04,89.1,-2.17,5.62,"Kahnle, Tommy",687462,592454,walk,blocked_ball,,,,,14,Spencer Horwitz walks.,R,L,R,NYY,TOR,B,,,3,2,2024,-0.85,-0.07,1.52,-0.01,,694388,,1,8,Top,,,,,,,10.893948608515483,-129.1152430576798,-7.618494346806457,-11.799121726228398,27.282831797297593,-31.498787773968388,3.59,1.68,,,,89.4,1102,6.8,745718,669224,518934,650402,665862,683011,592450,663757,665742,53.74,,0.689131,0.7,1,0,0,,65,7,Changeup,3,2,2,3,2,3,2,3,Infield shade,Standard,252,-0.043,0.21,,,,-0.21,,1,-1,0.705,0.295,34,26,35,27,1,3,1,1,4,2,2.97,0.85,-0.85,34.5
CH,2024-08-04,88.5,-2.0,5.78,"Kahnle, Tommy",687462,592454,,ball,,,,,12,Spencer Horwitz walks.,R,L,R,NYY,TOR,B,,,2,2,2024,-0.55,-0.01,0.03,3.79,,694388,,1,8,Top,,,,,,,6.141723481878405,-128.72142173906326,1.2628535194378177,-7.33909680901234,26.74785549738277,-32.74445568932413,3.64,1.77,,,,89.0,1055,6.6,745718,669224,518934,650402,665862,683011,592450,663757,665742,53.88,,,,,,,,65,6,Changeup,3,2,2,3,2,3,2,3,Infield shade,Standard,252,0.0,0.074,,,,-0.074,,1,-1,0.705,0.295,34,26,35,27,1,3,1,1,4,2,2.92,0.55,-0.55,35.4
FF,2024-08-04,95.5,-1.8,6.14,"Kahnle, Tommy",687462,592454,,ball,,,,,13,Spencer Horwitz walks.,R,L,R,NYY,TOR,B,,,1,2,2024,-0.62,1.11,-1.4,2.08,,694388,,1,8,Top,,,,,,,2.4883578652457112,-139.00273071021545,-7.576067571027618,-8.654068508244963,30.471906470447593,-16.353612729417655,3.6,1.68,,,,95.9,2116,6.5,745718,669224,518934,650402,665862,683011,592450,663757,665742,54.03,,,,,,,,65,5,4-Seam Fastball,3,2,2,3,2,3,2,3,Infield shade,Standard,203,0.0,0.018,,,,-0.018,,1,-1,0.705,0.295,34,26,35,27,1,3,1,1,4,2,1.39,0.62,-0.62,48.8
FF,2024-08-04,96.4,-1.63,6.13,"Kahnle, Tommy",687462,592454,,foul,,,,,5,Spencer Horwitz walks.,R,L,R,NYY,TOR,S,,,1,2,2024,-0.56,1.45,0.26,2.93,,694388,,1,8,Top,,,,,,,6.331682429569115,-140.13657038425094,-6.250455937333049,-8.816752301977603,30.65884056460134,-11.820410012867884,3.59,1.66,125,76.5,9,96.9,2186,6.5,745718,669224,518934,650402,665862,683011,592450,663757,665742,53.97,,,,,,,,65,4,4-Seam Fastball,3,2,2,3,2,3,2,3,Infield shade,Standard,205,0.0,0.0,62.1,5.5,,0.0,88.0,1,-1,0.705,0.295,34,26,35,27,1,3,1,1,4,2,1.0,0.56,-0.56,47.5
CH,2024-08-04,87.9,-2.45,5.68,"Kahnle, Tommy",687462,592454,,ball,,,,,13,Spencer Horwitz walks.,R,L,R,NYY,TOR,B,,,0,2,2024,-0.91,0.53,-1.53,1.3,,694388,,1,8,Top,,,,,,,4.16094721689696,-127.93474819380012,-5.645010090278788,-10.8849463330287,24.59820056667631,-25.4572222592243,3.59,1.69,,,,88.6,1233,6.6,745718,669224,518934,650402,665862,683011,592450,663757,665742,53.92,,,,,,,,65,3,Changeup,3,2,2,3,2,3,2,3,Infield shade,Standard,250,0.0,0.024,,,,-0.024,,1,-1,0.705,0.295,34,26,35,27,1,3,1,1,4,2,2.41,0.91,-0.91,31.2
CH,2024-08-04,88.1,-2.36,5.71,"Kahnle, Tommy",687462,592454,,called_strike,,,,,9,Spencer Horwitz walks.,R,L,R,NYY,TOR,S,,,0,1,2024,-0.96,0.62,0.65,1.63,,694388,,1,8,Top,,,,,,,9.337167749078086,-127.94161527025234,-5.14691384906706,-12.367382677862109,24.02864042413952,-24.49298634012526,3.53,1.48,,,,88.7,1327,6.5,745718,669224,518934,650402,665862,683011,592450,663757,665742,53.95,,,,,,,,65,2,Changeup,3,2,2,3,2,3,2,3,Infield shade,Standard,250,0.0,-0.065,,,,0.065,,1,-1,0.705,0.295,34,26,35,27,1,3,1,1,4,2,2.31,0.96,-0.96,30.2
CH,2024-08-04,89.5,-2.38,5.65,"Kahnle, Tommy",687462,592454,,called_strike,,,,,8,Spencer Horwitz walks.,R,L,R,NYY,TOR,S,,,0,0,2024,-1.07,0.09,-0.23,1.48,,694388,,1,8,Top,,,,,,,7.594675748971527,-130.12584997279322,-4.521876442771331,-13.676595971677097,26.332749841760887,-30.403429875232973,3.54,1.56,,,,90.2,1367,6.7,745718,669224,518934,650402,665862,683011,592450,663757,665742,53.83,,,,,,,,65,1,Changeup,3,2,2,3,2,3,2,3,Infield shade,Standard,254,0.0,-0.036,,,,0.036,,1,-1,0.705,0.295,34,26,35,27,1,3,1,1,4,2,2.75,1.07,-1.07,32.1
CH,2024-08-04,87.7,-2.62,5.76,"Kahnle, Tommy",665489,592454,field_out,hit_into_play,,,,,11,Vladimir Guerrero Jr.  flies out to right fielder Juan Soto.,R,R,R,NYY,TOR,X,9,fly_ball,1,0,2024,-0.85,0.3,-1.05,2.7,,694388,,0,8,Top,141.72,113.15,,,,,5.574403565472726,-127.64289774760104,-1.9195287090069697,-10.4127019175746,26.34825754865504,-28.659111348416943,3.68,1.61,220,84.2,55,88.3,1114,6.6,745718,669224,518934,650402,665862,683011,592450,663757,665742,53.87,0.011,0.01,0.0,1,0,0,3,64,2,Changeup,3,2,2,3,2,3,2,3,Standard,Standard,250,0.101,-0.303,71.9,7.4,0.011,0.303,88.0,1,-1,0.604,0.396,34,25,35,25,1,3,1,1,4,2,2.66,0.85,0.85,32.3
CH,2024-08-04,87.8,-2.22,5.79,"Kahnle, Tommy",665489,592454,,ball,,,,,14,Vladimir Guerrero Jr.  flies out to right fielder Juan Soto.,R,R,R,NYY,TOR,B,,,0,0,2024,-0.98,-0.01,1.44,1.37,,694388,,0,8,Top,,,,,,,10.909263172319749,-127.42286138303184,-4.5599476045584515,-12.836347789712711,25.32893360333245,-31.558033467594655,3.53,1.64,,,,88.2,1210,6.6,745718,669224,518934,650402,665862,683011,592450,663757,665742,53.91,,,,,,,,64,1,Changeup,3,2,2,3,2,3,2,3,Standard,Standard,246,0.0,0.038,,,,-0.038,,1,-1,0.604,0.396,34,25,35,25,1,3,1,1,4,2,2.98,0.98,0.98,33.0
FF,2024-08-04,95.7,-1.88,5.95,"Kahnle, Tommy",694388,592454,field_error,hit_into_play,,,,,5,Joey Loperfido reaches on a fielding error by center fielder Trent Grisham.   Joey Loperfido to 2nd.,R,L,R,NYY,TOR,X,8,fly_ball,0,1,2024,-0.31,1.17,0.15,2.64,,,,0,8,Top,83.74,68.26,,,,,6.086079907864178,-139.17238643203476,-5.830717432999651,-5.3137048249589265,29.594426491409372,-15.895405328244758,3.29,1.55,341,94.3,28,96.5,2178,6.7,745718,669224,518934,650402,665862,683011,592450,663757,665742,53.82,0.163,0.226,0.9,1,0,0,3,63,2,4-Seam Fastball,3,2,2,3,2,3,2,3,Infield shade,Standard,208,-0.149,0.52,73.7,7.0,0.403,-0.52,94.3,1,-1,0.753,0.247,34,25,35,25,1,3,1,1,4,2,1.32,0.31,-0.31,44.8
CH,2024-08-04,87.6,-2.45,5.73,"Kahnle, Tommy",694388,592454,,swinging_strike,,,,,13,Joey Loperfido reaches on a fielding error by center fielder Trent Grisham.   Joey Loperfido to 2nd.,R,L,R,NYY,TOR,S,,,0,0,2024,-0.99,0.13,-0.56,1.36,,,,0,8,Top,,,,,,,6.660431693913709,-127.43374457800604,-4.73393163851471,-12.130510820209649,24.913472172929374,-30.02074674028792,3.29,1.55,,,,88.3,1355,6.6,745718,669224,518934,650402,665862,683011,592450,663757,665742,53.85,,,,,,,,63,1,Changeup,3,2,2,3,2,3,2,3,Infield shade,Standard,253,0.0,-0.037,74.3,8.9,,0.037,,1,-1,0.753,0.247,34,25,35,25,1,3,1,1,4,2,2.83,0.99,-0.99,32.3
CH,2024-08-03,88.5,-2.21,5.75,"Kahnle, Tommy",672386,592454,grounded_into_double_play,hit_into_play,,,,,13,"Alejandro Kirk grounds into a double play, shortstop Anthony Volpe to second baseman Gleyber Torres to first baseman DJ LeMahieu.   Joey Loperfido out at 2nd.    Alejandro Kirk out at 1st.",R,R,R,NYY,TOR,X,6,ground_ball,0,0,2024,-0.95,0.1,-1.17,2.26,,,694388,1,8,Top,113.27,165.41,,,,,4.565835100575484,-128.8956856616399,-2.695721782887623,-11.568529246704376,26.02551104198724,-30.68225228997022,3.13,1.43,16,70.8,-6,89.2,1070,6.6,745714,669224,518934,650402,665862,683011,657077,663757,665742,53.92,0.06,0.039,0.0,1,0,0,2,66,1,Changeup,7,3,3,7,3,7,3,7,Standard,Standard,252,0.022,-0.314,65.1,6.0,0.069,0.314,88.0,4,-4,0.967,0.033,34,25,35,26,1,3,3,4,1,1,2.8,0.95,0.95,32.4
CH,2024-08-03,90.3,-2.35,5.76,"Kahnle, Tommy",665489,592454,strikeout,swinging_strike_blocked,,,,,13,Vladimir Guerrero Jr.  strikes out swinging.,R,R,R,NYY,TOR,S,2,,0,2,2024,-0.98,-0.1,-1.24,0.64,,,694388,0,8,Top,,,,,,,4.883060363572939,-131.3106648888745,-6.58613460535123,-12.372276229438333,29.142230888067587,-32.05791534783715,3.68,1.61,,,,90.5,1126,6.6,745714,669224,518934,650402,665862,683011,657077,663757,665742,53.94,,0.0,0.0,1,0,0,,65,3,Changeup,7,3,3,7,3,7,3,7,Standard,Standard,247,0.021,-0.15,71.8,8.4,,0.15,,4,-4,0.946,0.054,34,25,35,25,1,3,3,1,1,1,2.91,0.98,0.98,37.2
SL,2024-08-03,85.7,-1.99,5.95,"Kahnle, Tommy",665489,592454,,swinging_strike,,,,,8,Vladimir Guerrero Jr.  strikes out swinging.,R,R,R,NYY,TOR,S,,,0,1,2024,0.67,0.1,-0.14,1.94,,,694388,0,8,Top,,,,,,,3.0555360516206465,-124.94109627037784,-3.5069487547221723,6.452081112283852,23.228517795653683,-30.637831836029832,3.68,1.61,,,,86.6,2280,6.6,745714,669224,518934,650402,665862,683011,657077,663757,665742,53.94,,,,,,,,65,2,Slider,7,3,3,7,3,7,3,7,Standard,Standard,130,0.0,-0.048,79.5,8.7,,0.048,,4,-4,0.946,0.054,34,25,35,25,1,3,3,1,1,1,2.97,-0.67,-0.67,41.2
CH,2024-08-03,87.7,-2.36,5.76,"Kahnle, Tommy",665489,592454,,called_strike,,,,,4,Vladimir Guerrero Jr.  strikes out swinging.,R,R,R,NYY,TOR,S,,,0,0,2024,-0.93,0.19,-0.35,2.8,,,694388,0,8,Top,,,,,,,6.819883645435693,-127.6460972257912,-1.473566897422705,-11.555329439513118,24.03561240260565,-30.050393167198724,3.48,1.55,,,,88.6,1197,6.6,745714,669224,518934,650402,665862,683011,657077,663757,665742,53.87,,,,,,,,65,1,Changeup,7,3,3,7,3,7,3,7,Standard,Standard,253,0.0,-0.042,,,,0.042,,4,-4,0.946,0.054,34,25,35,25,1,3,3,1,1,1,2.76,0.93,0.93,35.6
CH,2024-08-03,87.8,-2.49,5.67,"Kahnle, Tommy",694388,592454,single,hit_into_play,,,,,7,Joey Loperfido singles on a ground ball to right fielder Juan Soto.,R,L,R,NYY,TOR,X,9,ground_ball,0,1,2024,-0.79,-0.04,-0.52,1.57,,,,0,8,Top,155.86,105.51,,,,,6.423747692822345,-127.72988092418534,-3.7502486738472993,-9.921314821976155,26.01440065606569,-32.038197967435856,3.31,1.56,123,98.7,7,88.3,1059,6.6,745714,669224,518934,650402,665862,683011,657077,663757,665742,53.88,0.617,0.589,0.9,1,1,0,4,64,2,Changeup,7,3,3,7,3,7,3,7,Infield shade,Standard,258,-0.022,0.485,72.6,8.1,0.717,-0.485,98.7,4,-4,0.968,0.032,34,25,35,25,1,3,3,1,1,1,2.99,0.79,-0.79,28.6
CH,2024-08-03,88.5,-2.34,5.76,"Kahnle, Tommy",694388,592454,,called_strike,,,,,5,Joey Loperfido singles on a ground ball to right fielder Juan Soto.,R,L,R,NYY,TOR,S,,,0,0,2024,-0.89,0.07,0.04,2.3,,,,0,8,Top,,,,,,,7.716955162787069,-128.70312217107585,-2.550068161656146,-11.479119418346544,24.64914383764821,-31.073374767589385,3.2,1.37,,,,89.3,1159,6.6,745714,669224,518934,650402,665862,683011,657077,663757,665742,53.85,,,,,,,,64,1,Changeup,7,3,3,7,3,7,3,7,Infield shade,Standard,249,0.0,-0.037,,,,0.037,,4,-4,0.968,0.032,34,25,35,25,1,3,3,1,1,1,2.82,0.89,-0.89,33.8
CH,2024-07-31,86.0,-2.27,5.8,"Kahnle, Tommy",669720,592454,field_out,hit_into_play,,,,,1,Austin Hays flies out to left fielder Alex Verdugo.,R,R,R,PHI,NYY,X,7,fly_ball,0,0,2024,-0.55,0.02,-0.78,2.66,,681082,669016,2,7,Bot,28.4,104.08,,,,,4.671152807248614,-125.19522912713906,-1.200489713592432,-6.80554278119265,26.78964734529611,-31.952776081058744,3.2,1.46,332,98.6,44,86.4,970,6.7,745543,665966,518934,650402,665862,683011,657077,592450,665742,53.83,0.051,0.098,0.0,1,0,0,3,60,1,Changeup,4,6,4,6,6,4,4,6,Standard,Standard,252,-0.074,-0.279,76.5,7.2,0.182,0.279,98.6,-2,-2,0.204,0.204,34,28,35,29,1,3,1,1,3,3,3.08,0.55,0.55,33.3
CH,2024-07-31,88.0,-2.16,5.85,"Kahnle, Tommy",656941,592454,strikeout,swinging_strike_blocked,,,,,13,Kyle Schwarber strikes out swinging.,R,L,R,PHI,NYY,S,2,,1,2,2024,-1.0,0.26,-0.72,0.48,,681082,669016,1,7,Bot,,,,,,,5.6159422975303706,-127.81740350462869,-7.449827852516685,-12.187292024878884,27.298223983873143,-27.93056046604745,3.34,1.56,,,,88.3,1312,6.7,745543,665966,518934,650402,665862,683011,657077,592450,665742,53.84,,0.0,0.0,1,0,0,,59,4,Changeup,4,6,4,6,6,4,4,6,Infield shade,Standard,253,-0.079,-0.177,66.9,8.9,,0.177,,-2,-2,0.283,0.283,34,31,35,31,1,3,1,1,3,2,2.7,1.0,-1.0,33.7
CH,2024-07-31,86.6,-2.46,5.75,"Kahnle, Tommy",656941,592454,,foul,,,,,4,Kyle Schwarber strikes out swinging.,R,L,R,PHI,NYY,S,,,1,1,2024,-0.68,0.14,-0.36,2.42,,681082,669016,1,7,Bot,,,,,,,6.449492920293057,-125.98603773387843,-1.993549707356744,-8.640384283104202,27.631180277544647,-30.484271101604342,3.34,1.56,1,4.3,-48,86.9,1144,6.7,745543,665966,518934,650402,665862,683011,657077,592450,665742,53.84,,,,,,,,59,3,Changeup,4,6,4,6,6,4,4,6,Infield shade,Standard,260,0.0,-0.04,75.7,6.7,,0.04,88.0,-2,-2,0.283,0.283,34,31,35,31,1,3,1,1,3,2,2.92,0.68,-0.68,31.0
CH,2024-07-31,87.5,-2.32,5.74,"Kahnle, Tommy",656941,592454,,called_strike,,,,,9,Kyle Schwarber strikes out swinging.,R,L,R,PHI,NYY,S,,,1,0,2024,-0.7,0.07,0.58,1.88,,681082,669016,1,7,Bot,,,,,,,8.490401552423242,-127.13884991759392,-3.265298274334568,-9.416753531904526,27.700983314410088,-30.92421166993628,3.45,1.52,,,,87.7,1105,6.7,745543,665966,518934,650402,665862,683011,657077,592450,665742,53.84,,,,,,,,59,2,Changeup,4,6,4,6,6,4,4,6,Infield shade,Standard,259,0.0,-0.054,,,,0.054,,-2,-2,0.283,0.283,34,31,35,31,1,3,1,1,3,2,2.93,0.7,-0.7,30.2
CH,2024-07-31,85.6,-2.42,5.79,"Kahnle, Tommy",656941,592454,,ball,,,,,13,Kyle Schwarber strikes out swinging.,R,L,R,PHI,NYY,B,,,0,0,2024,-0.81,-0.28,-0.99,1.71,,681082,669016,1,7,Bot,,,,,,,5.032027085982887,-124.56763905986878,-2.735498281884241,-9.431916248436202,27.397932468206545,-34.70363633476351,3.43,1.52,,,,85.8,1157,6.6,745543,665966,518934,650402,665862,683011,657077,592450,665742,53.88,,,,,,,,59,1,Changeup,4,6,4,6,6,4,4,6,Infield shade,Standard,263,0.0,0.03,,,,-0.03,,-2,-2,0.283,0.283,34,31,35,31,1,3,1,1,3,2,3.42,0.81,-0.81,29.2
CH,2024-07-31,88.2,-2.23,5.84,"Kahnle, Tommy",669016,592454,walk,ball,,,,,12,Brandon Marsh walks.,R,L,R,PHI,NYY,B,,,3,2,2024,-0.87,-0.14,1.05,3.02,,681082,,1,7,Bot,,,,,,,9.833737497364318,-128.13954309119515,-0.4790767881883995,-11.59335302717733,25.846251640095183,-33.84440081819966,3.16,1.42,,,,88.8,1121,6.7,745543,665966,518934,650402,665862,683011,657077,592450,665742,53.84,,0.689131,0.7,1,0,0,,58,6,Changeup,4,6,4,6,6,4,4,6,Infield shade,Standard,246,0.046,0.21,,,,-0.21,,-2,-2,0.237,0.237,34,26,35,27,1,0,1,1,3,2,3.07,0.87,-0.87,31.1
CH,2024-07-31,87.2,-2.43,5.7,"Kahnle, Tommy",669016,592454,,swinging_strike,,,,,13,Brandon Marsh walks.,R,L,R,PHI,NYY,S,,,3,1,2024,-0.52,-0.21,-0.08,1.28,,681082,,1,7,Bot,,,,,,,6.791787516752921,-126.88880966180312,-4.075850273303496,-7.052043114823129,25.751262762945625,-33.75937044293903,3.21,1.54,,,,87.9,1068,6.7,745543,665966,518934,650402,665862,683011,657077,592450,665742,53.78,,,,,,,,58,5,Changeup,4,6,4,6,6,4,4,6,Infield shade,Standard,260,0.0,-0.086,70.7,8.5,,0.086,,-2,-2,0.237,0.237,34,26,35,27,1,0,1,1,3,2,3.2,0.52,-0.52,29.3
FF,2024-07-31,93.4,-1.74,6.21,"Kahnle, Tommy",669016,592454,,ball,,,,,11,Brandon Marsh walks.,R,L,R,PHI,NYY,B,,,2,1,2024,-0.05,0.94,-1.36,3.02,,681082,,1,7,Bot,,,,,,,1.0840232148969926,-136.0464768762675,-4.577609583039461,-0.9012286421813984,30.00283155487001,-19.702688264418065,3.18,1.49,,,,94.0,1986,6.6,745543,665966,518934,650402,665862,683011,657077,592450,665742,53.89,,,,,,,,58,4,4-Seam Fastball,4,6,4,6,6,4,4,6,Infield shade,Standard,199,0.0,0.078,,,,-0.078,,-2,-2,0.237,0.237,34,26,35,27,1,0,1,1,3,2,1.67,0.05,-0.05,48.2
CH,2024-07-31,87.5,-2.28,5.82,"Kahnle, Tommy",669016,592454,,swinging_strike,,,,,13,Brandon Marsh walks.,R,L,R,PHI,NYY,S,,,2,0,2024,-0.96,0.01,-0.01,0.61,,681082,,1,7,Bot,,,,,,,7.490689935274831,-127.1478889184527,-6.4762750906540845,-11.959248741934513,24.720097516397292,-30.93396911264481,3.21,1.54,,,,88.0,1158,6.6,745543,665966,518934,650402,665862,683011,657077,592450,665742,53.94,,,,,,,,58,3,Changeup,4,6,4,6,6,4,4,6,Infield shade,Standard,251,0.0,-0.047,65.8,8.9,,0.047,,-2,-2,0.237,0.237,34,26,35,27,1,0,1,1,3,2,2.96,0.96,-0.96,33.4
FF,2024-07-31,93.1,-1.97,6.09,"Kahnle, Tommy",669016,592454,,ball,,,,,14,Brandon Marsh walks.,R,L,R,PHI,NYY,B,,,1,0,2024,-0.23,1.15,0.0,1.46,,681082,,1,7,Bot,,,,,,,5.624255830427843,-135.3222887984815,-8.697535207598177,-4.00584326706566,27.589123708685612,-16.362176176695822,3.18,1.63,,,,94.0,2042,6.7,745543,665966,518934,650402,665862,683011,657077,592450,665742,53.76,,,,,,,,58,2,4-Seam Fastball,4,6,4,6,6,4,4,6,Infield shade,Standard,200,0.0,0.042,,,,-0.042,,-2,-2,0.237,0.237,34,26,35,27,1,0,1,1,3,2,1.47,0.23,-0.23,44.8
CH,2024-07-31,86.8,-2.24,5.75,"Kahnle, Tommy",669016,592454,,ball,,,,,14,Brandon Marsh walks.,R,L,R,PHI,NYY,B,,,0,0,2024,-0.86,0.16,0.57,1.14,,681082,,1,7,Bot,,,,,,,8.5383004302998,-126.20253300074418,-5.241821724177639,-10.8790533909078,23.297617431339233,-29.681440541677873,3.16,1.47,,,,87.6,1099,6.7,745543,665966,518934,650402,665862,683011,657077,592450,665742,53.85,,,,,,,,58,1,Changeup,4,6,4,6,6,4,4,6,Infield shade,Standard,253,0.0,0.027,,,,-0.027,,-2,-2,0.237,0.237,34,26,35,27,1,0,1,1,3,2,2.85,0.86,-0.86,32.5
CH,2024-07-30,88.6,-2.53,5.81,"Kahnle, Tommy",607208,592454,field_out,hit_into_play,,,,,5,"Trea Turner grounds out, third baseman Jazz Chisholm Jr.  to first baseman DJ LeMahieu.",R,R,R,PHI,NYY,X,5,ground_ball,0,1,2024,-1.02,-0.03,-0.19,2.95,,,656941,2,7,Bot,102.41,156.79,,,,,7.890817742137876,-128.89102487815123,-0.8554255749456414,-12.968587246349175,26.079442350578177,-32.5997649654157,3.52,1.73,45,100.2,-1,89.3,1080,6.7,745546,669224,518934,650402,665862,683011,657077,663757,665742,53.83,0.383,0.418,0.0,1,0,0,2,63,2,Changeup,4,5,4,5,5,4,4,5,Standard,Standard,257,-0.052,-0.224,70.2,7.4,0.435,0.224,100.2,-1,-1,0.299,0.299,34,31,35,31,1,3,3,1,1,3,2.93,1.02,1.02,31.1
CH,2024-07-30,89.0,-2.51,5.82,"Kahnle, Tommy",607208,592454,,called_strike,,,,,1,"Trea Turner grounds out, third baseman Jazz Chisholm Jr.  to first baseman DJ LeMahieu.",R,R,R,PHI,NYY,S,,,0,0,2024,-0.74,-0.22,-0.66,3.29,,,656941,2,7,Bot,,,,,,,6.143632047626159,-129.45909239571395,0.2972858993261917,-9.600223913997253,27.49039464035959,-34.88172147764342,3.38,1.71,,,,89.5,1147,6.7,745546,669224,518934,650402,665862,683011,657077,663757,665742,53.81,,,,,,,,63,1,Changeup,4,5,4,5,5,4,4,5,Standard,Standard,252,0.0,-0.047,,,,0.047,,-1,-1,0.299,0.299,34,31,35,31,1,3,3,1,1,3,3.1,0.74,0.74,30.7
FF,2024-07-30,95.2,-1.83,6.06,"Kahnle, Tommy",656941,592454,hit_by_pitch,hit_by_pitch,,,,,12,Kyle Schwarber hit by pitch.,R,L,R,PHI,NYY,B,,,1,0,2024,-0.12,1.35,1.94,3.15,,,,2,7,Bot,,,,,,,10.270390099717009,-138.16722455681102,-5.020907949105698,-3.888320456272994,32.4761717499568,-13.954488182702178,3.34,1.56,,,,96.0,2139,7.0,745546,669224,518934,650402,665862,683011,657077,663757,665742,53.51,,0.720192,0.7,1,0,0,,62,2,4-Seam Fastball,4,5,4,5,5,4,4,5,Infield shade,Standard,206,0.029,0.297,,,,-0.297,,-1,-1,0.27,0.27,34,31,35,31,1,3,3,1,1,1,1.19,0.12,-0.12,46.1
CH,2024-07-30,88.2,-2.36,5.64,"Kahnle, Tommy",656941,592454,,ball,,,,,14,Kyle Schwarber hit by pitch.,R,L,R,PHI,NYY,B,,,0,0,2024,-1.21,0.4,0.93,0.15,,,,2,7,Bot,,,,,,,10.611657855258496,-127.75595802280296,-8.146162054368379,-15.39258244337383,26.482379440297237,-26.17416588908274,3.29,1.5,,,,89.0,1267,7.1,745546,669224,518934,650402,665862,683011,657077,663757,665742,53.43,,,,,,,,62,1,Changeup,4,5,4,5,5,4,4,5,,,249,0.0,0.04,,,,-0.04,,-1,-1,0.27,0.27,34,31,35,31,1,3,3,1,1,1,2.56,1.21,-1.21,32.0
CH,2024-07-30,88.6,-2.3,5.77,"Kahnle, Tommy",669720,592454,field_out,hit_into_play,,,,,5,Austin Hays flies out to center fielder Trent Grisham.,R,R,R,PHI,NYY,X,8,fly_ball,2,2,2024,-1.0,0.29,0.0,2.06,,,,1,7,Bot,96.32,63.01,,,,,7.795196724972874,-128.87451604151707,-3.637419711992373,-12.697989727794338,26.060701575842856,-28.363666830587952,3.2,1.46,343,88.0,29,89.7,1278,6.9,745546,669224,518934,650402,665862,683011,657077,663757,665742,53.58,0.063,0.088,0.0,1,0,0,3,61,5,Changeup,4,5,4,5,5,4,4,5,Standard,Standard,251,-0.035,-0.225,76.5,7.0,0.137,0.225,88.0,-1,-1,0.305,0.305,34,28,35,29,1,2,3,1,1,1,2.61,1.0,1.0,34.3
CH,2024-07-30,88.5,-2.43,5.73,"Kahnle, Tommy",669720,592454,,swinging_strike,,,,,9,Austin Hays flies out to center fielder Trent Grisham.,R,R,R,PHI,NYY,S,,,2,1,2024,-1.17,-0.2,0.69,1.82,,,,1,7,Bot,,,,,,,10.12401228164594,-128.4197138053075,-3.042302916404796,-15.005535836339154,26.754817309490175,-33.98013226776496,3.2,1.46,,,,89.2,1319,6.9,745546,669224,518934,650402,665862,683011,657077,663757,665742,53.62,,,,,,,,61,4,Changeup,4,5,4,5,5,4,4,5,Standard,Standard,258,0.0,-0.078,77.3,7.6,,0.078,,-1,-1,0.305,0.305,34,28,35,29,1,2,3,1,1,1,3.13,1.17,1.17,34.3
CH,2024-07-30,89.4,-2.41,5.68,"Kahnle, Tommy",669720,592454,,ball,,,,,14,Austin Hays flies out to center fielder Trent Grisham.,R,R,R,PHI,NYY,B,,,1,1,2024,-1.03,0.11,1.56,1.33,,,,1,7,Bot,,,,,,,12.0586696826404,-129.64953913287525,-4.977896560415681,-14.122463322635271,26.500293656361663,-30.02481214197427,3.24,1.5,,,,90.3,1234,7.0,745546,669224,518934,650402,665862,683011,657077,663757,665742,53.54,,,,,,,,61,3,Changeup,4,5,4,5,5,4,4,5,Standard,Standard,257,0.0,0.059,,,,-0.059,,-1,-1,0.305,0.305,34,28,35,29,1,2,3,1,1,1,2.75,1.03,1.03,33.8
CH,2024-07-30,88.6,-2.46,5.65,"Kahnle, Tommy",669720,592454,,ball,,,,,14,Austin Hays flies out to center fielder Trent Grisham.,R,R,R,PHI,NYY,B,,,0,1,2024,-1.19,0.16,0.68,0.25,,,,1,7,Bot,,,,,,,10.274000351686434,-128.51446332634015,-7.527950910325289,-15.32274123588824,26.545124008612632,-28.95033352040951,3.22,1.52,,,,89.6,1317,7.0,745546,669224,518934,650402,665862,683011,657077,663757,665742,53.45,,,,,,,,61,2,Changeup,4,5,4,5,5,4,4,5,Standard,Standard,255,0.0,0.024,,,,-0.024,,-1,-1,0.305,0.305,34,28,35,29,1,2,3,1,1,1,2.76,1.19,1.19,29.3
CH,2024-07-30,89.0,-2.36,5.76,"Kahnle, Tommy",669720,592454,,called_strike,,,,,9,Austin Hays flies out to center fielder Trent Grisham.,R,R,R,PHI,NYY,S,,,0,0,2024,-1.23,0.26,0.77,1.84,,,,1,7,Bot,,,,,,,10.362627754858634,-129.12631158087586,-4.10961868335541,-15.9537393900291,27.801797199294825,-28.52757783479865,3.24,1.45,,,,89.7,1267,6.9,745546,669224,518934,650402,665862,683011,657077,663757,665742,53.55,,,,,,,,61,1,Changeup,4,5,4,5,5,4,4,5,Standard,Standard,256,0.0,-0.037,,,,0.037,,-1,-1,0.305,0.305,34,28,35,29,1,2,3,1,1,1,2.64,1.23,1.23,31.6
CH,2024-07-30,86.6,-2.25,5.84,"Kahnle, Tommy",681082,592454,strikeout,called_strike,,,,,11,Bryson Stott called out on strikes.,R,L,R,PHI,NYY,S,2,,0,2,2024,-1.2,0.42,-0.28,3.17,,,,0,7,Bot,,,,,,,7.205405654488745,-125.87873321717588,-0.982664428939664,-14.201201427245715,26.322692032634396,-27.73453729258892,2.98,1.4,,,,87.2,1243,6.8,745546,669224,518934,650402,665862,683011,657077,663757,665742,53.68,,0.0,0.0,1,0,0,,60,3,Changeup,4,5,4,5,5,4,4,5,Infield shade,Standard,253,-0.049,-0.163,,,,0.163,,-1,-1,0.354,0.354,34,26,35,27,1,2,3,1,1,1,2.63,1.2,-1.2,36.0
CH,2024-07-30,87.9,-2.33,5.85,"Kahnle, Tommy",681082,592454,,swinging_strike,,,,,14,Bryson Stott called out on strikes.,R,L,R,PHI,NYY,S,,,0,1,2024,-1.37,0.05,0.01,1.32,,,,0,7,Bot,,,,,,,8.590907278482403,-127.6224789800866,-4.945591095635149,-16.833721963517796,27.81278901330406,-30.74525332685966,3.28,1.52,,,,88.4,1283,6.9,745546,669224,518934,650402,665862,683011,657077,663757,665742,53.62,,,,,,,,60,2,Changeup,4,5,4,5,5,4,4,5,Infield shade,Standard,254,0.0,-0.054,66.3,8.3,,0.054,,-1,-1,0.354,0.354,34,26,35,27,1,2,3,1,1,1,2.93,1.37,-1.37,32.8
CH,2024-07-30,88.3,-2.4,5.79,"Kahnle, Tommy",681082,592454,,called_strike,,,,,1,Bryson Stott called out on strikes.,R,L,R,PHI,NYY,S,,,0,0,2024,-1.0,0.67,-0.55,2.67,,,,0,7,Bot,,,,,,,6.65024775157444,-128.511094543309,-2.9140546718668547,-12.502770355966843,26.696767186760074,-24.339941196603917,3.22,1.45,,,,89.1,1389,6.8,745546,669224,518934,650402,665862,683011,657077,663757,665742,53.71,,,,,,,,60,1,Changeup,4,5,4,5,5,4,4,5,Infield shade,Standard,245,0.0,-0.037,,,,0.037,,-1,-1,0.354,0.354,34,26,35,27,1,2,3,1,1,1,2.25,1.0,-1.0,33.8
CH,2024-07-27,89.0,-1.53,5.53,"Kahnle, Tommy",641933,592454,field_out,hit_into_play,,,,,8,"Tyler O'Neill grounds out, shortstop Anthony Volpe to first baseman Ben Rice.",R,R,R,BOS,NYY,X,6,ground_ball,0,2,2024,-0.93,-0.01,-0.06,1.83,,,,2,8,Bot,110.45,149.55,,,,,5.620189872560185,-129.63603273132142,-3.132289869872322,-11.658174064706644,23.106747584873,-31.95508957670968,3.29,1.49,86,110.0,4,90.6,1114,6.9,746931,669224,700250,650402,665828,683011,665742,663757,657077,53.64,0.68,0.652,0.0,1,0,0,4,81,3,Changeup,8,7,8,7,7,8,8,7,Standard,Standard,254,-0.007,-0.157,75.5,7.2,0.784,0.157,110.0,1,1,0.849,0.849,34,29,35,29,1,4,1,1,3,1,2.85,0.93,0.93,36.1
CH,2024-07-27,88.5,-1.71,5.46,"Kahnle, Tommy",641933,592454,,foul,,,,,5,"Tyler O'Neill grounds out, shortstop Anthony Volpe to first baseman Ben Rice.",R,R,R,BOS,NYY,S,,,0,1,2024,-1.07,-0.03,-0.1,2.07,,,,2,8,Bot,,,,,,,6.246051022805811,-128.79895189440927,-2.142503222953832,-13.252839199394687,26.550268390844753,-32.29136120490822,3.29,1.49,,,,89.4,1208,6.8,746931,669224,700250,650402,665828,683011,665742,663757,657077,53.66,,,,,,,,81,2,Changeup,8,7,8,7,7,8,8,7,Standard,Standard,255,0.0,-0.058,76.0,7.9,,0.058,,1,1,0.849,0.849,34,29,35,29,1,4,1,1,3,1,2.94,1.07,1.07,33.1
FF,2024-07-27,94.6,-1.18,5.71,"Kahnle, Tommy",641933,592454,,called_strike,,,,,12,"Tyler O'Neill grounds out, shortstop Anthony Volpe to first baseman Ben Rice.",R,R,R,BOS,NYY,S,,,0,0,2024,-0.33,1.11,0.85,2.8,,,,2,8,Bot,,,,,,,6.119410593223597,-137.74592224704352,-4.510430428609433,-5.501720137586739,27.478144081400423,-17.169543660355703,3.2,1.48,,,,96.2,2032,6.9,746931,669224,700250,650402,665828,683011,665742,663757,657077,53.58,,,,,,,,81,1,4-Seam Fastball,8,7,8,7,7,8,8,7,Standard,Standard,206,0.0,-0.041,,,,0.041,,1,1,0.849,0.849,34,29,35,29,1,4,1,1,3,1,1.41,0.33,0.33,46.7
CH,2024-07-27,88.1,-1.57,5.55,"Kahnle, Tommy",646240,592454,strikeout,swinging_strike,,,,,13,Rafael Devers strikes out swinging.,R,L,R,BOS,NYY,S,2,,0,2,2024,-1.05,0.12,-1.42,0.91,,,,1,8,Bot,,,,,,,2.568918347014136,-128.3338205008985,-5.518496290754426,-12.098395717524822,25.75226551490857,-29.94055712051373,3.47,1.58,,,,89.2,1317,6.9,746931,669224,700250,650402,665828,683011,665742,663757,657077,53.64,,0.0,0.0,1,0,0,,80,3,Changeup,8,7,8,7,7,8,8,7,Infield shade,Standard,247,-0.009,-0.162,60.5,8.6,,0.162,,1,1,0.858,0.858,34,27,35,28,1,4,1,1,3,1,2.8,1.05,-1.05,35.4
CH,2024-07-27,88.1,-1.76,5.49,"Kahnle, Tommy",646240,592454,,swinging_strike,,,,,13,Rafael Devers strikes out swinging.,R,L,R,BOS,NYY,S,,,0,1,2024,-1.04,0.0,-0.88,1.89,,,,1,8,Bot,,,,,,,4.333470897026239,-128.25105292409393,-2.6886132797463898,-12.332608558884449,25.55100517411831,-31.817057526670524,3.47,1.58,,,,89.2,1375,6.8,746931,669224,700250,650402,665828,683011,665742,663757,657077,53.65,,,,,,,,80,2,Changeup,8,7,8,7,7,8,8,7,Infield shade,Standard,257,0.0,-0.057,,,,0.057,,1,1,0.858,0.858,34,27,35,28,1,4,1,1,3,1,2.92,1.04,-1.04,28.8
CH,2024-07-27,88.5,-1.6,5.5,"Kahnle, Tommy",646240,592454,,swinging_strike,,,,,13,Rafael Devers strikes out swinging.,R,L,R,BOS,NYY,S,,,0,0,2024,-1.03,0.08,-0.49,1.05,,,,1,8,Bot,,,,,,,4.8908230534008155,-128.84747298502137,-5.0181953926080105,-12.441760302182066,25.811386575919467,-30.507577147462783,3.47,1.58,,,,89.5,1371,6.8,746931,669224,700250,650402,665828,683011,665742,663757,657077,53.69,,,,,,,,80,1,Changeup,8,7,8,7,7,8,8,7,Infield shade,Standard,253,0.0,-0.037,76.0,8.9,,0.037,,1,1,0.858,0.858,34,27,35,28,1,4,1,1,3,1,2.82,1.03,-1.03,32.7
FF,2024-07-27,95.6,-1.37,5.77,"Kahnle, Tommy",807799,592454,strikeout,swinging_strike,,,,,11,Masataka Yoshida strikes out swinging.,R,L,R,BOS,NYY,S,2,,2,2,2024,-0.5,1.42,-0.55,3.71,,,,0,8,Bot,,,,,,,3.3430216718507215,-139.31191620983034,-3.082182842860689,-7.257396302393381,29.590770113978255,-13.15607261419327,3.22,1.38,,,,96.8,2228,6.8,746931,669224,700250,650402,665828,683011,665742,663757,657077,53.7,,0.0,0.0,1,0,0,,79,8,4-Seam Fastball,8,7,8,7,7,8,8,7,Infield shade,Standard,211,-0.013,-0.227,59.2,5.6,,0.227,,1,1,0.871,0.871,34,30,35,31,1,4,1,1,3,2,1.06,0.5,-0.5,43.8
CH,2024-07-27,89.7,-1.69,5.51,"Kahnle, Tommy",807799,592454,,ball,,,,,13,Masataka Yoshida strikes out swinging.,R,L,R,BOS,NYY,B,,,1,2,2024,-1.04,0.17,-0.51,0.34,,,,0,8,Bot,,,,,,,5.140957883406781,-130.48516690747454,-7.2242228898548975,-12.960415879725922,25.29614580319482,-29.03215802154006,3.18,1.31,,,,90.6,1358,6.7,746931,669224,700250,650402,665828,683011,665742,663757,657077,53.84,,,,,,,,79,7,Changeup,8,7,8,7,7,8,8,7,Infield shade,Standard,248,0.0,0.04,,,,-0.04,,1,1,0.871,0.871,34,30,35,31,1,4,1,1,3,2,2.65,1.04,-1.04,32.9
CH,2024-07-27,87.9,-1.49,5.59,"Kahnle, Tommy",807799,592454,,foul,,,,,9,Masataka Yoshida strikes out swinging.,R,L,R,BOS,NYY,S,,,1,2,2024,-0.96,0.38,0.4,1.53,,,,0,8,Bot,,,,,,,6.62576363421499,-127.85411322618376,-4.563640130644827,-11.850941982584422,25.45736267279832,-27.320700631545783,3.22,1.38,250,102.6,17,88.9,1244,6.9,746931,669224,700250,650402,665828,683011,665742,663757,657077,53.64,,,,,,,,79,6,Changeup,8,7,8,7,7,8,8,7,Infield shade,Standard,249,0.0,0.0,70.2,8.3,,0.0,102.6,1,1,0.871,0.871,34,30,35,31,1,4,1,1,3,2,2.57,0.96,-0.96,36.1
CH,2024-07-27,88.5,-1.68,5.54,"Kahnle, Tommy",807799,592454,,foul,,,,,6,Masataka Yoshida strikes out swinging.,R,L,R,BOS,NYY,S,,,1,2,2024,-0.83,0.28,0.33,2.09,,,,0,8,Bot,,,,,,,6.694739006363629,-128.77905233305125,-2.993538077939502,-10.544862326112044,24.802511224070248,-28.65419612780846,3.22,1.38,2,76.5,-39,89.5,1178,6.7,746931,669224,700250,650402,665828,683011,665742,663757,657077,53.76,,,,,,,,79,5,Changeup,8,7,8,7,7,8,8,7,Infield shade,Standard,253,0.0,0.0,70.9,7.9,,0.0,88.0,1,1,0.871,0.871,34,30,35,31,1,4,1,1,3,2,2.61,0.83,-0.83,32.6
FF,2024-07-27,95.3,-1.32,5.77,"Kahnle, Tommy",807799,592454,,foul,,,,,14,Masataka Yoshida strikes out swinging.,R,L,R,BOS,NYY,S,,,1,2,2024,-0.51,1.17,1.18,2.17,,,,0,8,Bot,,,,,,,7.787567706343481,-138.46309549267747,-6.512157013683144,-8.250231339778137,29.73076074684196,-15.813425204659168,3.22,1.38,106,73.5,9,96.2,2109,6.8,746931,669224,700250,650402,665828,683011,665742,663757,657077,53.69,,,,,,,,79,4,4-Seam Fastball,8,7,8,7,7,8,8,7,Infield shade,Standard,207,0.0,0.0,68.0,6.7,,0.0,88.0,1,1,0.871,0.871,34,30,35,31,1,4,1,1,3,2,1.34,0.51,-0.51,45.6
CH,2024-07-27,89.5,-1.41,5.68,"Kahnle, Tommy",807799,592454,,ball,,,,,14,Masataka Yoshida strikes out swinging.,R,L,R,BOS,NYY,B,,,0,2,2024,-1.1,0.41,0.87,0.7,,,,0,8,Bot,,,,,,,8.027902475935099,-129.95156060140178,-7.1747162446235615,-14.22773527286642,28.49493586491645,-26.159322747436175,3.32,1.3,,,,90.1,1316,6.9,746931,669224,700250,650402,665828,683011,665742,663757,657077,53.63,,,,,,,,79,3,Changeup,8,7,8,7,7,8,8,7,Infield shade,Standard,242,0.0,0.023,,,,-0.023,,1,1,0.871,0.871,34,30,35,31,1,4,1,1,3,2,2.46,1.1,-1.1,37.2
CH,2024-07-27,87.8,-1.77,5.47,"Kahnle, Tommy",807799,592454,,swinging_strike,,,,,14,Masataka Yoshida strikes out swinging.,R,L,R,BOS,NYY,S,,,0,1,2024,-1.24,-0.12,0.11,0.81,,,,0,8,Bot,,,,,,,7.184278704786054,-127.6108597367347,-4.875658707361351,-15.086479968126994,28.61755246739307,-32.557386380210744,3.22,1.38,,,,88.1,1337,6.8,746931,669224,700250,650402,665828,683011,665742,663757,657077,53.73,,,,,,,,79,2,Changeup,8,7,8,7,7,8,8,7,Infield shade,Standard,250,0.0,-0.054,70.0,8.6,,0.054,,1,1,0.871,0.871,34,30,35,31,1,4,1,1,3,2,3.1,1.24,-1.24,28.6
CH,2024-07-27,87.3,-1.67,5.66,"Kahnle, Tommy",807799,592454,,called_strike,,,,,6,Masataka Yoshida strikes out swinging.,R,L,R,BOS,NYY,S,,,0,0,2024,-0.89,0.24,0.58,2.54,,,,0,8,Bot,,,,,,,7.297538444407204,-126.95736837604488,-1.8369563651562777,-11.103932985869276,27.15346643670323,-29.383033303824647,3.27,1.35,,,,87.9,1207,6.8,746931,669224,700250,650402,665828,683011,665742,663757,657077,53.69,,,,,,,,79,1,Changeup,8,7,8,7,7,8,8,7,Infield shade,Standard,251,0.0,-0.037,,,,0.037,,1,1,0.871,0.871,34,30,35,31,1,4,1,1,3,2,2.76,0.89,-0.89,30.3
CH,2024-07-27,87.2,-1.51,5.51,"Kahnle, Tommy",677800,592454,field_out,hit_into_play,,,,,14,"Wilyer Abreu grounds out, first baseman Ben Rice to pitcher Tommy Kahnle.",R,L,R,BOS,NYY,X,3,ground_ball,0,2,2024,-0.93,0.43,0.71,1.13,657136,666152,680776,2,7,Bot,157.59,164.25,,,,,7.327028794259953,-126.79585240632424,-5.303784768410743,-11.493079642236102,26.046313919702747,-26.604735608384853,3.39,1.6,8,73.9,-9,88.2,1423,7.0,746931,669224,700250,650402,665828,683011,665742,663757,657077,53.53,0.063,0.053,0.0,1,0,0,2,73,3,Changeup,8,6,8,6,6,8,8,6,Infield shade,Standard,253,-0.031,-0.193,74.4,8.1,0.077,0.193,88.0,2,2,0.901,0.901,34,25,35,25,1,4,1,1,3,2,2.57,0.93,-0.93,31.6
CH,2024-07-27,86.9,-1.59,5.61,"Kahnle, Tommy",677800,592454,,swinging_strike,,,,,7,"Wilyer Abreu grounds out, first baseman Ben Rice to pitcher Tommy Kahnle.",R,L,R,BOS,NYY,S,,,0,1,2024,-0.72,0.82,-0.62,1.75,657136,666152,680776,2,7,Bot,,,,,,,3.825551162896147,-126.51016207786108,-4.7789474356705615,-8.522509323062174,25.741763734270048,-22.62836721145542,3.39,1.6,,,,87.5,1388,6.6,746931,669224,700250,650402,665828,683011,665742,663757,657077,53.87,,,,,,,,73,2,Changeup,8,6,8,6,6,8,8,6,Standard,Standard,256,0.0,-0.042,75.8,8.9,,0.042,,2,2,0.901,0.901,34,25,35,25,1,4,1,1,3,2,2.2,0.72,-0.72,29.9
CH,2024-07-27,85.8,-1.52,5.71,"Kahnle, Tommy",677800,592454,,called_strike,,,,,2,"Wilyer Abreu grounds out, first baseman Ben Rice to pitcher Tommy Kahnle.",R,L,R,BOS,NYY,S,,,0,0,2024,-1.18,-0.32,0.1,2.99,657136,666152,680776,2,7,Bot,,,,,,,6.257610350110598,-124.83818443885116,0.480459233120005,-13.572740844304528,25.394133298814232,-35.812679863297866,3.24,1.43,,,,86.2,1219,6.6,746931,669224,700250,650402,665828,683011,665742,663757,657077,53.92,,,,,,,,73,1,Changeup,8,6,8,6,6,8,8,6,Standard,Standard,247,0.0,-0.044,,,,0.044,,2,2,0.901,0.901,34,25,35,25,1,4,1,1,3,2,3.42,1.18,-1.18,33.4
CH,2024-07-26,87.0,-2.49,5.63,"Kahnle, Tommy",657136,592454,strikeout,swinging_strike,,,,,8,Connor Wong strikes out swinging.,R,R,R,BOS,NYY,S,2,,1,2,2024,-0.91,0.4,-0.18,1.71,,,608701,1,6,Bot,,,,,,,7.477712430679054,-126.5888507388861,-4.124785111660005,-11.244097707785883,24.28590741318668,-27.207884469684647,3.26,1.4,,,,88.0,1237,6.8,746933,669224,700250,650402,665828,683011,665742,663757,657077,53.7,,0.0,0.0,1,0,0,,56,4,Changeup,4,3,4,3,3,4,4,3,Standard,Standard,251,-0.026,-0.182,75.8,7.8,,0.182,,1,1,0.748,0.748,34,28,35,28,1,3,4,2,1,1,2.59,0.91,0.91,32.7
CH,2024-07-26,87.4,-2.57,5.49,"Kahnle, Tommy",657136,592454,,swinging_strike,,,,,13,Connor Wong strikes out swinging.,R,R,R,BOS,NYY,S,,,1,1,2024,-1.0,0.02,-0.65,0.93,,,608701,1,6,Bot,,,,,,,6.776655490850561,-127.13832194354902,-4.969282688248842,-12.259030375387246,24.8736816258532,-31.11513405392803,3.26,1.4,,,,88.5,1273,6.9,746933,669224,700250,650402,665828,683011,665742,663757,657077,53.63,,,,,,,,56,3,Changeup,4,3,4,3,3,4,4,3,Standard,Standard,250,0.0,-0.059,74.2,8.8,,0.059,,1,1,0.748,0.748,34,28,35,28,1,3,4,2,1,1,2.95,1.0,1.0,32.2
CH,2024-07-26,88.4,-2.36,5.67,"Kahnle, Tommy",657136,592454,,ball,,,,,14,Connor Wong strikes out swinging.,R,R,R,BOS,NYY,B,,,0,1,2024,-1.06,0.21,1.22,1.13,,,608701,1,6,Bot,,,,,,,10.99524974714348,-128.26258874947828,-5.457963667542709,-13.89911436728654,24.53464443115637,-28.930115688285976,3.35,1.55,,,,89.2,1248,6.8,746933,669224,700250,650402,665828,683011,665742,663757,657077,53.73,,,,,,,,56,2,Changeup,4,3,4,3,3,4,4,3,Standard,Standard,249,0.0,0.029,,,,-0.029,,1,1,0.748,0.748,34,28,35,28,1,3,4,2,1,1,2.71,1.06,1.06,34.6
CH,2024-07-26,87.5,-2.47,5.66,"Kahnle, Tommy",657136,592454,,swinging_strike,,,,,6,Connor Wong strikes out swinging.,R,R,R,BOS,NYY,S,,,0,0,2024,-0.82,0.07,0.32,2.1,,,608701,1,6,Bot,,,,,,,8.507004312016065,-127.21459922245012,-2.658280092686089,-10.528814508973564,23.805592166388568,-31.061997770805377,3.26,1.4,,,,88.6,1180,6.8,746933,669224,700250,650402,665828,683011,665742,663757,657077,53.67,,,,,,,,56,1,Changeup,4,3,4,3,3,4,4,3,Standard,Standard,249,0.0,-0.04,74.7,8.3,,0.04,,1,1,0.748,0.748,34,28,35,28,1,3,4,2,1,1,2.89,0.82,0.82,33.3
CH,2024-07-26,88.9,-2.44,5.58,"Kahnle, Tommy",608701,592454,walk,ball,,,,,13,Rob Refsnyder walks.,R,R,R,BOS,NYY,B,,,3,1,2024,-1.02,-0.03,-0.28,1.15,,,,1,6,Bot,,,,,,,7.486089873433477,-129.33733561806483,-4.799926610694108,-12.967243403680191,25.362147351261765,-31.758821631291728,3.48,1.65,,,,89.8,1267,6.7,746933,669224,700250,650402,665828,683011,665742,663757,657077,53.77,,0.689131,0.7,1,0,0,,55,5,Changeup,4,3,4,3,3,4,4,3,Standard,Standard,249,0.023,0.256,,,,-0.256,,1,1,0.725,0.725,34,33,35,33,1,3,4,3,1,2,2.9,1.02,1.02,33.7
CH,2024-07-26,89.1,-2.42,5.48,"Kahnle, Tommy",608701,592454,,ball,,,,,14,Rob Refsnyder walks.,R,R,R,BOS,NYY,B,,,2,1,2024,-0.89,-0.01,0.66,1.3,,,,1,6,Bot,,,,,,,9.527685305147736,-129.48900133810727,-4.282722853421339,-11.929461286205234,24.290256322133253,-31.680534595623133,3.56,1.74,,,,90.3,1323,6.8,746933,669224,700250,650402,665828,683011,665742,663757,657077,53.66,,,,,,,,55,4,Changeup,4,3,4,3,3,4,4,3,Standard,Standard,249,0.0,0.122,,,,-0.122,,1,1,0.725,0.725,34,33,35,33,1,3,4,3,1,2,2.87,0.89,0.89,30.8
CH,2024-07-26,88.8,-2.43,5.6,"Kahnle, Tommy",608701,592454,,ball,,,,,11,Rob Refsnyder walks.,R,R,R,BOS,NYY,B,,,1,1,2024,-1.1,-0.06,-1.25,3.34,,,,1,6,Bot,,,,,,,5.24873639839013,-129.2384084907262,0.6378954263711634,-13.395651928084936,26.52682700466607,-33.191510182860966,3.56,1.8,,,,89.5,1302,6.7,746933,669224,700250,650402,665828,683011,665742,663757,657077,53.83,,,,,,,,55,3,Changeup,4,3,4,3,3,4,4,3,Standard,Standard,247,0.0,0.059,,,,-0.059,,1,1,0.725,0.725,34,33,35,33,1,3,4,3,1,2,2.95,1.1,1.1,32.0
FF,2024-07-26,95.7,-2.06,5.81,"Kahnle, Tommy",608701,592454,,ball,,,,,12,Rob Refsnyder walks.,R,R,R,BOS,NYY,B,,,0,1,2024,-0.38,1.23,2.08,4.55,,,,1,6,Bot,,,,,,,11.860395130834078,-138.8986003108776,-0.482130239779642,-7.462599401350845,30.299770717724144,-16.32391556071959,3.56,1.72,,,,96.5,2257,6.8,746933,669224,700250,650402,665828,683011,665742,663757,657077,53.69,,,,,,,,55,2,4-Seam Fastball,4,3,4,3,3,4,4,3,Standard,Standard,205,0.0,0.024,,,,-0.024,,1,1,0.725,0.725,34,33,35,33,1,3,4,3,1,2,1.27,0.38,0.38,44.1
CH,2024-07-26,90.1,-2.36,5.6,"Kahnle, Tommy",608701,592454,,swinging_strike,,,,,8,Rob Refsnyder walks.,R,R,R,BOS,NYY,S,,,0,0,2024,-1.31,0.06,-0.15,1.89,,,,1,6,Bot,,,,,,,8.354664420855498,-131.0222586722003,-3.404462159246186,-16.837884544840964,27.731276363741948,-30.947685463670208,3.56,1.66,,,,90.9,1375,6.8,746933,669224,700250,650402,665828,683011,665742,663757,657077,53.66,,,,,,,,55,1,Changeup,4,3,4,3,3,4,4,3,Standard,Standard,243,0.0,-0.037,74.6,8.6,,0.037,,1,1,0.725,0.725,34,33,35,33,1,3,4,3,1,2,2.75,1.31,1.31,32.8
FF,2024-07-26,94.8,-2.01,5.77,"Kahnle, Tommy",680776,592454,strikeout,swinging_strike,,,,,6,Jarren Duran strikes out swinging.,R,L,R,BOS,NYY,S,2,,3,2,2024,-0.4,1.35,0.69,2.94,,,,0,6,Bot,,,,,,,8.015500824016717,-137.7756673540323,-4.804302115166253,-6.836293531414378,29.658802881880597,-14.04225022300901,3.66,1.75,,,,95.8,2228,6.9,746933,669224,700250,650402,665828,683011,665742,663757,657077,53.63,,0.0,0.0,1,0,0,,54,8,4-Seam Fastball,4,3,4,3,3,4,4,3,Infield shade,Standard,212,-0.021,-0.333,75.2,6.8,,0.333,,1,1,0.746,0.746,34,27,35,28,1,3,4,2,1,1,1.18,0.4,-0.4,43.0
FF,2024-07-26,94.8,-2.04,5.84,"Kahnle, Tommy",680776,592454,,ball,,,,,11,Jarren Duran strikes out swinging.,R,L,R,BOS,NYY,B,,,2,2,2024,-0.47,1.21,-0.09,6.03,,,,0,6,Bot,,,,,,,6.199387861744424,-137.95352930596115,3.436647238416093,-7.336966436601498,28.405585693156997,-17.499637035600383,3.48,1.67,,,,95.8,2181,6.7,746933,669224,700250,650402,665828,683011,665742,663757,657077,53.81,,,,,,,,54,7,4-Seam Fastball,4,3,4,3,3,4,4,3,Infield shade,Standard,196,0.0,0.107,,,,-0.107,,1,1,0.746,0.746,34,27,35,28,1,3,4,2,1,1,1.31,0.47,-0.47,41.6
FF,2024-07-26,94.0,-2.01,5.82,"Kahnle, Tommy",680776,592454,,foul,,,,,3,Jarren Duran strikes out swinging.,R,L,R,BOS,NYY,S,,,2,2,2024,-0.75,1.13,0.28,3.42,,,,0,6,Bot,,,,,,,7.649541168375593,-136.73425871003084,-3.051832489778893,-11.006377919658746,28.641184320057256,-17.515861821710754,3.66,1.75,243,73.6,48,95.0,2165,6.8,746933,669224,700250,650402,665828,683011,665742,663757,657077,53.71,,,,,,,,54,6,4-Seam Fastball,4,3,4,3,3,4,4,3,Infield shade,Standard,213,0.0,0.0,75.0,7.7,,0.0,88.0,1,1,0.746,0.746,34,27,35,28,1,3,4,2,1,1,1.44,0.75,-0.75,41.4
CH,2024-07-26,89.2,-2.39,5.64,"Kahnle, Tommy",680776,592454,,foul,,,,,6,Jarren Duran strikes out swinging.,R,L,R,BOS,NYY,S,,,2,2,2024,-1.0,0.15,0.63,2.75,,,,0,6,Bot,,,,,,,9.598745317513004,-129.5923708478649,-1.424382117458339,-13.18326652212466,26.05608334190109,-30.35459914740451,3.66,1.75,90,62.4,77,90.0,1331,6.8,746933,669224,700250,650402,665828,683011,665742,663757,657077,53.71,,,,,,,,54,5,Changeup,4,3,4,3,3,4,4,3,Infield shade,Standard,249,0.0,0.0,71.6,7.0,,0.0,88.0,1,1,0.746,0.746,34,27,35,28,1,3,4,2,1,1,2.71,1.0,-1.0,34.5
CH,2024-07-26,86.6,-2.42,5.65,"Kahnle, Tommy",680776,592454,,swinging_strike,,,,,4,Jarren Duran strikes out swinging.,R,L,R,BOS,NYY,S,,,2,1,2024,-0.86,0.18,-0.34,2.8,,,,0,6,Bot,,,,,,,6.77585316153409,-125.98224853283445,-0.9980259993994642,-10.51671293643186,24.24068685898903,-30.24428026831278,3.66,1.75,,,,87.5,1237,6.7,746933,669224,700250,650402,665828,683011,665742,663757,657077,53.77,,,,,,,,54,4,Changeup,4,3,4,3,3,4,4,3,Infield shade,Standard,253,0.0,-0.069,76.6,7.8,,0.069,,1,1,0.746,0.746,34,27,35,28,1,3,4,2,1,1,2.85,0.86,-0.86,33.8
CH,2024-07-26,89.6,-2.62,5.51,"Kahnle, Tommy",680776,592454,,ball,,,,,14,Jarren Duran strikes out swinging.,R,L,R,BOS,NYY,B,,,1,1,2024,-1.18,0.26,0.11,0.31,,,,0,6,Bot,,,,,,,9.290929709998036,-130.04766672029234,-7.441218822346045,-15.290529279995454,25.184844012086543,-27.901739444438856,3.39,1.71,,,,90.3,1399,6.7,746933,669224,700250,650402,665828,683011,665742,663757,657077,53.81,,,,,,,,54,3,Changeup,4,3,4,3,3,4,4,3,Infield shade,Standard,249,0.0,0.053,,,,-0.053,,1,1,0.746,0.746,34,27,35,28,1,3,4,2,1,1,2.58,1.18,-1.18,31.2
CH,2024-07-26,88.0,-2.6,5.5,"Kahnle, Tommy",680776,592454,,ball,,,,,13,Jarren Duran strikes out swinging.,R,L,R,BOS,NYY,B,,,0,1,2024,-1.17,0.03,-0.82,0.09,,,,0,6,Bot,,,,,,,6.801726905569506,-127.81509240352608,-7.099208503375807,-14.257063301482097,26.73330566049085,-30.564089760191436,3.43,1.72,,,,88.7,1464,6.9,746933,669224,700250,650402,665828,683011,665742,663757,657077,53.65,,,,,,,,54,2,Changeup,4,3,4,3,3,4,4,3,Infield shade,Standard,252,0.0,0.025,,,,-0.025,,1,1,0.746,0.746,34,27,35,28,1,3,4,2,1,1,2.93,1.17,-1.17,28.8
CH,2024-07-26,88.1,-2.47,5.6,"Kahnle, Tommy",680776,592454,,swinging_strike,,,,,14,Jarren Duran strikes out swinging.,R,L,R,BOS,NYY,S,,,0,0,2024,-1.09,0.04,0.3,1.17,,,,0,6,Bot,,,,,,,9.081252403847376,-127.90636440669778,-4.771125239068359,-13.863858685283247,25.717480175006603,-30.91347325980422,3.66,1.75,,,,88.7,1398,6.7,746933,669224,700250,650402,665828,683011,665742,663757,657077,53.75,,,,,,,,54,1,Changeup,4,3,4,3,3,4,4,3,Infield shade,Standard,251,0.0,-0.037,77.9,8.8,,0.037,,1,1,0.746,0.746,34,27,35,28,1,3,4,2,1,1,2.9,1.09,-1.09,32.5
FF,2024-07-26,95.3,-1.95,6.0,"Kahnle, Tommy",642086,592454,strikeout,called_strike,,,,,4,Dominic Smith called out on strikes.,R,L,R,BOS,NYY,S,2,,2,2,2024,-0.5,1.49,-0.61,2.28,641933,678882,,2,5,Bot,,,,,,,4.665873489300433,-138.58176367823523,-7.552844707121677,-7.411692865171262,28.929072880602593,-11.456802611976926,3.28,1.52,,,,96.2,2267,6.7,746933,669224,700250,650402,665828,683011,665742,663757,657077,53.78,,0.0,0.0,1,0,0,,48,5,4-Seam Fastball,4,3,4,3,3,4,4,3,Standard,Standard,207,-0.054,-0.227,,,,0.227,,1,1,0.721,0.721,34,29,35,29,1,0,4,2,1,1,1.01,0.5,-0.5,43.7
CH,2024-07-26,88.9,-2.22,5.67,"Kahnle, Tommy",642086,592454,,ball,,,,,14,Dominic Smith called out on strikes.,R,L,R,BOS,NYY,B,,,1,2,2024,-1.27,0.12,0.26,0.22,641933,,678882,2,5,Bot,,,,,,,8.788006295166511,-129.10809285002958,-7.626038450912433,-16.046234271481545,25.385281241269983,-29.40553789472728,3.2,1.48,,,,89.5,1504,6.7,746933,669224,700250,650402,665828,683011,665742,663757,657077,53.83,,,,,,,,48,4,Changeup,4,3,4,3,3,4,4,3,Standard,Standard,245,0.007,0.045,,,,-0.045,,1,1,0.714,0.714,34,29,35,29,1,0,4,2,1,1,2.76,1.27,-1.27,35.6
CH,2024-07-26,88.4,-2.49,5.67,"Kahnle, Tommy",642086,592454,,foul,,,,,13,Dominic Smith called out on strikes.,R,L,R,BOS,NYY,S,,,1,1,2024,-1.17,0.4,-1.01,1.53,641933,,678882,2,5,Bot,,,,,,,6.118434925596282,-128.570598433496,-4.859104661322423,-14.228774396676153,26.823853372798087,-26.933332194691513,3.28,1.56,169,62.0,48,89.1,1418,6.8,746933,669224,700250,650402,665828,683011,665742,663757,657077,53.71,,,,,,,,48,3,Changeup,4,3,4,3,3,4,4,3,Infield shade,Standard,245,0.0,-0.078,63.9,7.6,,0.078,88.0,1,1,0.714,0.714,34,29,35,29,1,0,4,2,1,1,2.52,1.17,-1.17,32.8
CH,2024-07-26,87.1,-2.58,5.59,"Kahnle, Tommy",642086,592454,,ball,,,,,13,Dominic Smith called out on strikes.,R,L,R,BOS,NYY,B,,,0,1,2024,-1.1,0.17,-1.37,1.13,641933,,678882,2,5,Bot,,,,,,,5.194901250970387,-126.7487646806591,-4.941718443603335,-12.889832935752787,26.040781045195452,-29.477039562612944,3.16,1.51,,,,87.8,1316,6.7,746933,669224,700250,650402,665828,683011,665742,663757,657077,53.77,,,,,,,,48,2,Changeup,4,3,4,3,3,4,4,3,Standard,Standard,253,0.0,0.031,,,,-0.031,,1,1,0.714,0.714,34,29,35,29,1,0,4,2,1,1,2.83,1.1,-1.1,30.7
CH,2024-07-26,88.7,-2.36,5.71,"Kahnle, Tommy",642086,592454,,called_strike,,,,,5,Dominic Smith called out on strikes.,R,L,R,BOS,NYY,S,,,0,0,2024,-1.09,0.59,0.13,2.38,641933,,678882,2,5,Bot,,,,,,,8.422968823665737,-128.9403520523349,-3.3687579144056055,-13.86083212953704,25.55611797119545,-25.091186465777067,3.28,1.6,,,,89.5,1306,6.7,746933,669224,700250,650402,665828,683011,665742,663757,657077,53.77,,,,,,,,48,1,Changeup,4,3,4,3,3,4,4,3,Standard,Standard,246,0.0,-0.046,,,,0.046,,1,1,0.714,0.714,34,29,35,29,1,0,4,2,1,1,2.3,1.09,-1.09,37.6
CH,2024-07-22,89.5,-2.48,5.7,"Kahnle, Tommy",670623,592454,field_out,hit_into_play,,,,,14,"Isaac Paredes grounds out, shortstop Anthony Volpe to first baseman Ben Rice.",R,R,R,NYY,TB,X,6,ground_ball,3,2,2024,-0.97,-0.25,0.71,1.23,,,642708,2,8,Top,106.6,151.47,,,,,9.953665489148346,-129.8786458888624,-4.487342397549418,-13.043934843600294,27.454010761303312,-34.18227943357135,3.29,1.59,24,86.1,-2,89.9,1311,6.7,745717,669224,700250,665828,518934,683011,657077,663757,665742,53.82,0.234,0.196,0.0,1,0,0,2,62,6,Changeup,6,1,1,6,1,6,1,6,Standard,Standard,249,0.004,-0.32,62.5,8.0,0.268,0.32,88.0,5,-5,0.992,0.008,34,25,35,25,1,3,3,1,4,1,3.11,0.97,0.97,37.0
CH,2024-07-22,87.9,-2.49,5.63,"Kahnle, Tommy",670623,592454,,swinging_strike,,,,,5,"Isaac Paredes grounds out, shortstop Anthony Volpe to first baseman Ben Rice.",R,R,R,NYY,TB,S,,,3,1,2024,-0.65,0.29,0.24,2.38,,,642708,2,8,Top,,,,,,,8.013826888354505,-127.86464475921466,-2.3809449678681567,-8.676079865963278,25.014472686009064,-28.738867266139977,3.29,1.59,,,,88.6,1125,6.6,745717,669224,700250,665828,518934,683011,657077,663757,665742,53.87,,,,,,,,62,5,Changeup,6,1,1,6,1,6,1,6,Standard,Standard,250,0.0,-0.065,70.3,8.9,,0.065,,5,-5,0.992,0.008,34,25,35,25,1,3,3,1,4,1,2.65,0.65,0.65,36.9
CH,2024-07-22,88.4,-2.43,5.65,"Kahnle, Tommy",670623,592454,,ball,,,,,13,"Isaac Paredes grounds out, shortstop Anthony Volpe to first baseman Ben Rice.",R,R,R,NYY,TB,B,,,2,1,2024,-0.95,-0.24,-0.08,0.86,,,642708,2,8,Top,,,,,,,7.736647766401846,-128.5927887238139,-5.1649004712175115,-12.080354961600802,25.102898735974705,-34.01236064201003,3.4,1.5,,,,89.1,1162,6.6,745717,669224,700250,665828,518934,683011,657077,663757,665742,53.9,,,,,,,,62,4,Changeup,6,1,1,6,1,6,1,6,Standard,Standard,256,0.0,0.078,,,,-0.078,,5,-5,0.992,0.008,34,25,35,25,1,3,3,1,4,1,3.15,0.95,0.95,30.2
CH,2024-07-22,89.1,-2.37,5.72,"Kahnle, Tommy",670623,592454,,swinging_strike,,,,,14,"Isaac Paredes grounds out, shortstop Anthony Volpe to first baseman Ben Rice.",R,R,R,NYY,TB,S,,,2,0,2024,-1.0,-0.26,0.92,1.13,,,642708,2,8,Top,,,,,,,10.244762947877764,-129.3638364201833,-4.726346764240408,-13.33941536803787,26.83222374127803,-34.25220703757939,3.29,1.59,,,,89.7,1220,6.8,745717,669224,700250,665828,518934,683011,657077,663757,665742,53.74,,,,,,,,62,3,Changeup,6,1,1,6,1,6,1,6,Standard,Standard,254,0.0,-0.048,72.2,9.0,,0.048,,5,-5,0.992,0.008,34,25,35,25,1,3,3,1,4,1,3.14,1.0,1.0,35.3
CH,2024-07-22,89.3,-2.36,5.67,"Kahnle, Tommy",670623,592454,,ball,,,,,14,"Isaac Paredes grounds out, shortstop Anthony Volpe to first baseman Ben Rice.",R,R,R,NYY,TB,B,,,1,0,2024,-0.63,0.03,0.98,1.02,,,642708,2,8,Top,,,,,,,9.613159735411775,-129.71844322518558,-5.584381961656135,-8.983432926198464,24.36464966263558,-30.90340490635461,3.22,1.43,,,,90.2,1305,6.7,745717,669224,700250,665828,518934,683011,657077,663757,665742,53.82,,,,,,,,62,2,Changeup,6,1,1,6,1,6,1,6,Standard,Standard,250,0.0,0.05,,,,-0.05,,5,-5,0.992,0.008,34,25,35,25,1,3,3,1,4,1,2.81,0.63,0.63,35.8
FF,2024-07-22,94.5,-1.96,6.07,"Kahnle, Tommy",670623,592454,,ball,,,,,12,"Isaac Paredes grounds out, shortstop Anthony Volpe to first baseman Ben Rice.",R,R,R,NYY,TB,B,,,0,0,2024,-0.14,1.03,0.65,4.34,,,642708,2,8,Top,,,,,,,7.171138669170021,-137.56611747663982,-1.1504423993569688,-3.284598804363287,28.970033486426026,-19.03876255387436,3.32,1.5,,,,95.4,2086,6.6,745717,669224,700250,665828,518934,683011,657077,663757,665742,53.85,,,,,,,,62,1,4-Seam Fastball,6,1,1,6,1,6,1,6,Standard,Standard,204,0.0,0.034,,,,-0.034,,5,-5,0.992,0.008,34,25,35,25,1,3,3,1,4,1,1.51,0.14,0.14,46.8
CH,2024-07-22,89.6,-2.27,5.67,"Kahnle, Tommy",642708,592454,single,hit_into_play,,,,,14,Amed Rosario singles on a ground ball to shortstop Anthony Volpe.,R,R,R,NYY,TB,X,6,ground_ball,3,2,2024,-0.93,0.11,0.87,1.99,,,,2,8,Top,127.21,152.08,,,,,9.766005388445446,-130.15027360526364,-3.339415972803314,-12.5697896711322,26.364411434729274,-30.433352070000613,3.3,1.57,3,85.9,-31,90.2,1063,6.7,745717,669224,700250,665828,518934,683011,657077,663757,665742,53.85,0.057,0.069,0.9,1,1,0,2,61,6,Changeup,6,1,1,6,1,6,1,6,Standard,Standard,252,-0.002,0.263,68.7,7.7,0.066,-0.263,88.0,5,-5,0.994,0.006,34,28,35,29,1,3,3,2,4,2,2.73,0.93,0.93,41.7
CH,2024-07-22,90.3,-2.19,5.67,"Kahnle, Tommy",642708,592454,,ball,,,,,14,Amed Rosario singles on a ground ball to shortstop Anthony Volpe.,R,R,R,NYY,TB,B,,,2,2,2024,-1.27,0.2,1.26,-0.99,,,,2,8,Top,,,,,,,11.31748109065242,-130.60794841400994,-11.00761648349136,-17.006132383941324,29.03464528672748,-27.50964963680232,3.48,1.62,,,,90.3,1400,6.8,745717,669224,700250,665828,518934,683011,657077,663757,665742,53.74,,,,,,,,61,5,Changeup,6,1,1,6,1,6,1,6,Standard,Standard,245,0.0,0.106,,,,-0.106,,5,-5,0.994,0.006,34,28,35,29,1,3,3,2,4,2,2.64,1.27,1.27,35.4
FF,2024-07-22,95.3,-1.84,6.02,"Kahnle, Tommy",642708,592454,,ball,,,,,12,Amed Rosario singles on a ground ball to shortstop Anthony Volpe.,R,R,R,NYY,TB,B,,,1,2,2024,-0.62,0.87,0.65,3.79,,,,2,8,Top,,,,,,,7.991124959402589,-138.61939877380135,-2.210925847186372,-9.747314591034732,29.600297077458176,-20.60113684508585,3.36,1.58,,,,96.1,2226,6.7,745717,669224,700250,665828,518934,683011,657077,663757,665742,53.8,,,,,,,,61,4,4-Seam Fastball,6,1,1,6,1,6,1,6,Standard,Standard,195,0.0,0.039,,,,-0.039,,5,-5,0.994,0.006,34,28,35,29,1,3,3,2,4,2,1.63,0.62,0.62,48.9
CH,2024-07-22,90.1,-2.41,5.73,"Kahnle, Tommy",642708,592454,,called_strike,,,,,9,Amed Rosario singles on a ground ball to shortstop Anthony Volpe.,R,R,R,NYY,TB,S,,,1,1,2024,-1.12,0.32,0.79,1.99,,,,2,8,Top,,,,,,,10.400220731574247,-130.82578938442498,-4.005551784971648,-15.049724947500936,28.486334347922817,-27.855639351411913,3.44,1.59,,,,90.7,1289,6.9,745717,669224,700250,665828,518934,683011,657077,663757,665742,53.65,,,,,,,,61,3,Changeup,6,1,1,6,1,6,1,6,Standard,Standard,253,0.0,-0.064,,,,0.064,,5,-5,0.994,0.006,34,28,35,29,1,3,3,2,4,2,2.51,1.12,1.12,36.3
FF,2024-07-22,94.6,-2.39,5.75,"Kahnle, Tommy",642708,592454,,called_strike,,,,,3,Amed Rosario singles on a ground ball to shortstop Anthony Volpe.,R,R,R,NYY,TB,S,,,1,0,2024,-0.48,1.17,0.78,3.23,,,,2,8,Top,,,,,,,9.42854518946868,-137.49975448237936,-3.5140628830063685,-8.276591632399704,31.36722106176266,-16.740840182046888,3.41,1.59,,,,95.3,2145,6.8,745717,669224,700250,665828,518934,683011,657077,663757,665742,53.69,,,,,,,,61,2,4-Seam Fastball,6,1,1,6,1,6,1,6,Standard,Standard,214,0.0,-0.051,,,,0.051,,5,-5,0.994,0.006,34,28,35,29,1,3,3,2,4,2,1.39,0.48,0.48,36.4
CH,2024-07-22,90.8,-2.36,5.69,"Kahnle, Tommy",642708,592454,,ball,,,,,14,Amed Rosario singles on a ground ball to shortstop Anthony Volpe.,R,R,R,NYY,TB,B,,,0,0,2024,-1.15,0.36,1.0,1.53,,,,2,8,Top,,,,,,,10.928943723069471,-131.67668178331138,-5.266564351490994,-15.629053850549836,27.61888364728628,-27.053342604444246,3.33,1.62,,,,91.4,1235,6.8,745717,669224,700250,665828,518934,683011,657077,663757,665742,53.68,,,,,,,,61,1,Changeup,6,1,1,6,1,6,1,6,Standard,Standard,251,0.0,0.04,,,,-0.04,,5,-5,0.994,0.006,34,28,35,29,1,3,3,2,4,2,2.42,1.15,1.15,34.2
CH,2024-07-22,89.8,-2.35,5.75,"Kahnle, Tommy",656577,592454,field_out,hit_into_play,,,,,6,Alex Jackson flies out to left fielder Alex Verdugo.,R,R,R,NYY,TB,X,7,fly_ball,2,2,2024,-0.98,0.55,0.8,2.61,,,,1,8,Top,71.68,79.68,,,,,9.915484239557568,-130.43238670684616,-3.0012024537203685,-13.188222816797568,25.52476480819606,-25.388417591757708,3.5,1.65,324,88.6,34,90.6,1346,6.7,745717,669224,700250,665828,518934,683011,657077,663757,665742,53.8,0.02,0.027,0.0,1,0,0,3,60,5,Changeup,6,1,1,6,1,6,1,6,Standard,Standard,249,0.003,-0.225,77.4,7.8,0.048,0.225,88.6,5,-5,0.991,0.009,34,28,35,29,1,2,3,2,4,3,2.27,0.98,0.98,36.0
CH,2024-07-22,90.7,-2.3,5.74,"Kahnle, Tommy",656577,592454,,ball,,,,,14,Alex Jackson flies out to left fielder Alex Verdugo.,R,R,R,NYY,TB,B,,,1,2,2024,-1.16,0.31,1.27,0.83,,,,1,8,Top,,,,,,,11.513526142944215,-131.6132832224862,-7.1045550716839845,-15.815047233913829,25.225106455004394,-27.26361955561159,3.44,1.59,,,,91.7,1262,6.8,745717,669224,700250,665828,518934,683011,657077,663757,665742,53.69,,,,,,,,60,4,Changeup,6,1,1,6,1,6,1,6,Standard,Standard,245,0.0,0.043,,,,-0.043,,5,-5,0.991,0.009,34,28,35,29,1,2,3,2,4,3,2.45,1.16,1.16,38.8
CH,2024-07-22,90.6,-2.45,5.62,"Kahnle, Tommy",656577,592454,,swinging_strike,,,,,14,Alex Jackson flies out to left fielder Alex Verdugo.,R,R,R,NYY,TB,S,,,1,1,2024,-1.01,-0.2,0.59,1.1,,,,1,8,Top,,,,,,,9.80532545686514,-131.5868710766694,-5.007954032354656,-13.70967602775149,25.106665689588272,-33.65018217072793,3.5,1.65,,,,91.4,1310,6.6,745717,669224,700250,665828,518934,683011,657077,663757,665742,53.85,,,,,,,,60,3,Changeup,6,1,1,6,1,6,1,6,Standard,Standard,252,0.0,-0.061,78.7,8.1,,0.061,,5,-5,0.991,0.009,34,28,35,29,1,2,3,2,4,3,2.96,1.01,1.01,33.9
CH,2024-07-22,90.3,-2.34,5.8,"Kahnle, Tommy",656577,592454,,foul,,,,,8,Alex Jackson flies out to left fielder Alex Verdugo.,R,R,R,NYY,TB,S,,,1,0,2024,-1.22,-0.03,0.06,1.84,,,,1,8,Top,,,,,,,8.598987665384637,-131.26639212752116,-3.8451118368360566,-15.939905478611228,28.25208211427309,-31.89230026872933,3.5,1.65,,,,90.5,1306,6.5,745717,669224,700250,665828,518934,683011,657077,663757,665742,53.99,,,,,,,,60,2,Changeup,6,1,1,6,1,6,1,6,Standard,Standard,253,0.0,-0.051,78.1,8.4,,0.051,,5,-5,0.991,0.009,34,28,35,29,1,2,3,2,4,3,2.84,1.22,1.22,34.7
FF,2024-07-22,95.4,-2.12,6.04,"Kahnle, Tommy",656577,592454,,ball,,,,,11,Alex Jackson flies out to left fielder Alex Verdugo.,R,R,R,NYY,TB,B,,,0,0,2024,-0.44,1.02,-0.01,4.66,,,,1,8,Top,,,,,,,6.597062074851219,-138.84969036800217,-0.3384468921654701,-7.15677923157996,29.040477596804504,-18.991794123764596,3.35,1.55,,,,96.4,2105,6.7,745717,669224,700250,665828,518934,683011,657077,663757,665742,53.82,,,,,,,,60,1,4-Seam Fastball,6,1,1,6,1,6,1,6,Standard,Standard,204,0.0,0.039,,,,-0.039,,5,-5,0.991,0.009,34,28,35,29,1,2,3,2,4,3,1.47,0.44,0.44,45.9
CH,2024-07-22,90.8,-2.2,5.8,"Kahnle, Tommy",676356,592454,field_out,hit_into_play,,,,,8,Jonny DeLuca flies out to right fielder Juan Soto.,R,R,R,NYY,TB,X,9,fly_ball,2,2,2024,-0.73,0.71,-0.06,2.06,,,,0,8,Top,141.67,120.86,,,,,6.9586996518202895,-132.0497819070857,-5.045404379547374,-9.969689782449494,25.21164167862502,-22.94556218365852,3.28,1.56,202,91.4,57,91.7,1282,6.6,745717,669224,700250,665828,518934,683011,657077,663757,665742,53.88,0.006,0.005,0.0,1,0,0,3,59,7,Changeup,6,1,1,6,1,6,1,6,Standard,Standard,244,0.006,-0.227,73.7,7.6,0.008,0.227,91.4,5,-5,0.985,0.015,34,25,35,26,1,2,3,1,4,3,2.03,0.73,0.73,37.1
CH,2024-07-22,90.7,-2.16,5.79,"Kahnle, Tommy",676356,592454,,ball,,,,,14,Jonny DeLuca flies out to right fielder Juan Soto.,R,R,R,NYY,TB,B,,,1,2,2024,-0.74,0.08,2.11,1.62,,,,0,8,Top,,,,,,,12.3124391463767,-131.6032311113879,-4.721200719624939,-11.101656646442402,26.153960643316683,-30.389035951117524,3.29,1.49,,,,91.3,1335,6.7,745717,669224,700250,665828,518934,683011,657077,663757,665742,53.81,,,,,,,,59,6,Changeup,6,1,1,6,1,6,1,6,Standard,Standard,249,0.0,0.04,,,,-0.04,,5,-5,0.985,0.015,34,25,35,26,1,2,3,1,4,3,2.69,0.74,0.74,36.2
FF,2024-07-22,96.4,-1.85,6.06,"Kahnle, Tommy",676356,592454,,ball,,,,,12,Jonny DeLuca flies out to right fielder Juan Soto.,R,R,R,NYY,TB,B,,,0,2,2024,0.14,1.36,2.49,3.64,,,,0,8,Top,,,,,,,11.270675558021509,-139.84314014937533,-3.900663244055038,-0.8578274005197258,33.732719968820206,-13.679821998721971,3.48,1.56,,,,96.5,2169,6.7,745717,669224,700250,665828,518934,683011,657077,663757,665742,53.81,,,,,,,,59,5,4-Seam Fastball,6,1,1,6,1,6,1,6,Standard,Standard,196,0.0,0.023,,,,-0.023,,5,-5,0.985,0.015,34,25,35,26,1,2,3,1,4,3,1.12,-0.14,-0.14,47.0
FF,2024-07-22,96.3,-1.72,6.11,"Kahnle, Tommy",676356,592454,,foul,,,,,6,Jonny DeLuca flies out to right fielder Juan Soto.,R,R,R,NYY,TB,S,,,0,2,2024,-0.19,1.3,0.62,2.69,,,,0,8,Top,,,,,,,6.715944378723501,-140.1307467946556,-6.566263246808377,-3.8836043887868,28.637522631254782,-13.764347180781204,3.28,1.56,193,73.1,61,97.5,2217,6.8,745717,669224,700250,665828,518934,683011,657077,663757,665742,53.72,,,,,,,,59,4,4-Seam Fastball,6,1,1,6,1,6,1,6,Standard,Standard,198,0.0,0.0,65.2,7.0,,0.0,88.0,5,-5,0.985,0.015,34,25,35,26,1,2,3,1,4,3,1.14,0.19,0.19,50.8
CH,2024-07-22,90.3,-2.25,5.9,"Kahnle, Tommy",676356,592454,,foul,,,,,4,Jonny DeLuca flies out to right fielder Juan Soto.,R,R,R,NYY,TB,S,,,0,2,2024,-1.02,-0.08,-0.52,2.32,,,,0,8,Top,,,,,,,6.5052933543473,-131.42575180530872,-2.8062327438125347,-13.205769982575855,28.116901554831,-32.6770534855115,3.28,1.56,,,,90.7,1209,6.5,745717,669224,700250,665828,518934,683011,657077,663757,665742,53.96,,,,,,,,59,3,Changeup,6,1,1,6,1,6,1,6,Standard,Standard,242,0.0,0.0,69.4,7.2,,0.0,,5,-5,0.985,0.015,34,25,35,26,1,2,3,1,4,3,2.87,1.02,1.02,37.6
CH,2024-07-22,89.7,-2.51,5.73,"Kahnle, Tommy",676356,592454,,swinging_strike,,,,,14,Jonny DeLuca flies out to right fielder Juan Soto.,R,R,R,NYY,TB,S,,,0,1,2024,-0.82,0.08,0.22,1.41,,,,0,8,Top,,,,,,,8.53690674861271,-130.40460551740244,-4.873557431569763,-11.12917883706012,27.28240159209294,-30.42774119353217,3.28,1.56,,,,90.2,1325,6.6,745717,669224,700250,665828,518934,683011,657077,663757,665742,53.85,,,,,,,,59,2,Changeup,6,1,1,6,1,6,1,6,Standard,Standard,250,0.0,-0.054,71.1,8.3,,0.054,,5,-5,0.985,0.015,34,25,35,26,1,2,3,1,4,3,2.76,0.82,0.82,33.4
CH,2024-07-22,89.3,-2.57,5.86,"Kahnle, Tommy",676356,592454,,foul,,,,,7,Jonny DeLuca flies out to right fielder Juan Soto.,R,R,R,NYY,TB,S,,,0,0,2024,-1.23,0.33,-0.38,2.0,,,,0,8,Top,,,,,,,8.027694487917351,-129.8856053508794,-4.255477133382069,-15.546816686124536,24.554930433256363,-27.79677593992403,3.28,1.56,4,95.1,-27,90.2,1296,6.6,745717,669224,700250,665828,518934,683011,657077,663757,665742,53.88,,,,,,,,59,1,Changeup,6,1,1,6,1,6,1,6,Standard,Standard,248,0.0,-0.037,78.0,8.6,,0.037,95.1,5,-5,0.985,0.015,34,25,35,26,1,2,3,1,4,3,2.51,1.23,1.23,36.7
FF,2024-07-19,96.1,-1.83,5.72,"Kahnle, Tommy",680700,592454,strikeout,swinging_strike,,,,,1,Richie Palacios strikes out swinging.,R,L,R,NYY,TB,S,2,,2,2,2024,-0.53,1.1,-0.57,3.16,,,,2,7,Top,,,,,,,4.589262227673911,-139.98216208540117,-3.726424118595401,-8.008489944805103,31.049993220891075,-17.1104259156242,3.49,1.63,,,,97.3,2160,6.9,745721,669224,700250,650402,518934,683011,657077,663757,665742,53.65,,0.0,0.0,1,0,0,,59,5,4-Seam Fastball,6,1,1,6,1,6,1,6,Infield shade,Standard,211,0.003,-0.219,56.4,5.2,,0.219,,5,-5,0.985,0.015,34,27,35,27,1,3,5,6,3,2,1.36,0.53,-0.53,37.8
FF,2024-07-19,94.8,-1.42,6.02,"Kahnle, Tommy",680700,592454,,ball,,,,,11,Richie Palacios strikes out swinging.,R,L,R,NYY,TB,B,,,1,2,2024,-0.02,0.97,-0.22,3.72,,,,2,7,Top,,,,,,,3.2319199337247886,-138.15092812778863,-2.552263854386062,-0.9549298460850814,29.673624305303292,-19.41232801641981,3.4,1.57,,,,95.8,1994,6.7,745721,669224,700250,650402,518934,683011,657077,663757,665742,53.8,,,,,,,,59,4,4-Seam Fastball,6,1,1,6,1,6,1,6,Infield shade,Standard,199,0.0,0.039,,,,-0.039,,5,-5,0.985,0.015,34,27,35,27,1,3,5,6,3,2,1.55,0.02,-0.02,45.6
CH,2024-07-19,88.7,-1.96,5.76,"Kahnle, Tommy",680700,592454,,foul,,,,,8,Richie Palacios strikes out swinging.,R,L,R,NYY,TB,S,,,1,1,2024,-0.96,-0.08,-0.26,1.74,,,,2,7,Top,,,,,,,6.221023814059556,-129.04666277425775,-3.607761011951113,-12.061988404558752,28.156761151299996,-32.46606166412003,3.49,1.63,67,37.4,30,89.2,1071,6.7,745721,669224,700250,650402,518934,683011,657077,663757,665742,53.81,,,,,,,,59,3,Changeup,6,1,1,6,1,6,1,6,Infield shade,Standard,257,0.0,-0.064,72.7,7.4,,0.064,88.0,5,-5,0.985,0.015,34,27,35,27,1,3,5,6,3,2,2.99,0.96,-0.96,31.0
CH,2024-07-19,87.4,-2.0,5.64,"Kahnle, Tommy",680700,592454,,swinging_strike,,,,,8,Richie Palacios strikes out swinging.,R,L,R,NYY,TB,S,,,1,0,2024,-0.79,-0.18,-0.02,1.65,,,,2,7,Top,,,,,,,6.476937053427389,-127.13502333410293,-3.1131858561195855,-9.934533217458329,25.951487707545745,-33.69941485472944,3.49,1.63,,,,88.5,1098,7.0,745721,669224,700250,650402,518934,683011,657077,663757,665742,53.53,,,,,,,,59,2,Changeup,6,1,1,6,1,6,1,6,Infield shade,Standard,257,0.0,-0.051,69.3,8.2,,0.051,,5,-5,0.985,0.015,34,27,35,27,1,3,5,6,3,2,3.17,0.79,-0.79,31.1
CH,2024-07-19,88.1,-2.1,5.72,"Kahnle, Tommy",680700,592454,,ball,,,,,13,Richie Palacios strikes out swinging.,R,L,R,NYY,TB,B,,,0,0,2024,-1.1,-0.14,-1.18,2.31,,,,2,7,Top,,,,,,,4.558970500712542,-128.196439887933,-1.8900904794183575,-13.102053227756416,27.293717839236216,-33.48624717554288,3.3,1.5,,,,88.7,1135,6.8,745721,669224,700250,650402,518934,683011,657077,663757,665742,53.75,,,,,,,,59,1,Changeup,6,1,1,6,1,6,1,6,Infield shade,Standard,252,0.0,0.04,,,,-0.04,,5,-5,0.985,0.015,34,27,35,27,1,3,5,6,3,2,3.08,1.1,-1.1,28.9
CH,2024-07-19,88.0,-1.94,5.73,"Kahnle, Tommy",670764,592454,field_out,hit_into_play,,,,,7,"Taylor Walls grounds out, second baseman Gleyber Torres to first baseman Ben Rice.",R,L,R,NYY,TB,X,4,ground_ball,1,0,2024,-0.88,0.03,-0.71,1.97,,,,1,7,Top,141.27,150.72,,,,,4.844390142877517,-128.0702475938155,-3.102193046476267,-10.709443663469395,26.531860996065312,-31.43750705024073,3.47,1.58,15,92.2,-7,88.4,1093,6.5,745721,669224,700250,650402,518934,683011,657077,663757,665742,53.96,0.183,0.184,0.0,1,0,0,2,58,2,Changeup,6,1,1,6,1,6,1,6,Infield shade,Standard,251,0.004,-0.295,67.6,7.3,0.193,0.295,92.2,5,-5,0.981,0.019,34,27,35,28,1,2,5,5,3,1,2.92,0.88,-0.88,30.9
FF,2024-07-19,96.9,-1.39,5.89,"Kahnle, Tommy",670764,592454,,ball,,,,,13,"Taylor Walls grounds out, second baseman Gleyber Torres to first baseman Ben Rice.",R,L,R,NYY,TB,B,,,0,0,2024,-0.72,1.16,-0.87,1.13,,,,1,7,Top,,,,,,,3.0516935225009973,-140.87461172556436,-9.895898743232117,-10.296837402952637,31.009700686865063,-14.63834067693061,3.37,1.45,,,,97.7,2033,6.7,745721,669224,700250,650402,518934,683011,657077,663757,665742,53.79,,,,,,,,58,1,4-Seam Fastball,6,1,1,6,1,6,1,6,Infield shade,Standard,217,0.0,0.039,,,,-0.039,,5,-5,0.981,0.019,34,27,35,28,1,2,5,5,3,1,1.26,0.72,-0.72,44.4
CH,2024-07-19,87.3,-1.84,5.7,"Kahnle, Tommy",676609,592454,strikeout,swinging_strike,,,,,9,José Caballero strikes out swinging.,R,R,R,NYY,TB,S,2,,2,2,2024,-0.53,0.0,0.47,1.73,,,,0,7,Top,,,,,,,6.732312899769016,-127.00411462868648,-3.4395117432705486,-7.115648383843939,25.40521742243237,-31.6882824762524,3.06,1.39,,,,88.4,1034,6.9,745721,669224,700250,650402,518934,683011,657077,663757,665742,53.59,,0.0,0.0,1,0,0,,57,6,Changeup,6,1,1,6,1,6,1,6,Standard,Standard,261,0.009,-0.227,66.5,7.4,,0.227,,5,-5,0.972,0.028,34,27,35,28,1,2,5,6,3,1,2.99,0.53,0.53,32.5
CH,2024-07-19,86.5,-1.79,5.72,"Kahnle, Tommy",676609,592454,,ball,,,,,14,José Caballero strikes out swinging.,R,R,R,NYY,TB,B,,,1,2,2024,-0.88,-0.27,1.46,0.67,,,,0,7,Top,,,,,,,9.61822022646939,-125.5917319820416,-5.286979511643706,-11.236189483383006,25.18086090710044,-34.1332327450705,2.92,1.29,,,,87.3,1174,6.9,745721,669224,700250,650402,518934,683011,657077,663757,665742,53.61,,,,,,,,57,5,Changeup,6,1,1,6,1,6,1,6,Standard,Standard,251,0.0,0.04,,,,-0.04,,5,-5,0.972,0.028,34,27,35,28,1,2,5,6,3,1,3.33,0.88,0.88,34.4
CH,2024-07-19,90.5,-1.74,5.75,"Kahnle, Tommy",676609,592454,,ball,,,,,14,José Caballero strikes out swinging.,R,R,R,NYY,TB,B,,,0,2,2024,-1.26,0.24,1.8,1.47,,,,0,7,Top,,,,,,,11.588870372655563,-131.2460113447482,-5.251577003988959,-16.959194268101434,27.227801468393235,-28.45348384223255,2.92,1.29,,,,91.2,1210,6.8,745721,669224,700250,650402,518934,683011,657077,663757,665742,53.68,,,,,,,,57,4,Changeup,6,1,1,6,1,6,1,6,Standard,Standard,249,0.0,0.023,,,,-0.023,,5,-5,0.972,0.028,34,27,35,28,1,2,5,6,3,1,2.56,1.26,1.26,34.8
FF,2024-07-19,96.6,-1.37,6.13,"Kahnle, Tommy",676609,592454,,foul,,,,,12,José Caballero strikes out swinging.,R,R,R,NYY,TB,S,,,0,2,2024,-0.24,1.13,0.64,3.59,,,,0,7,Top,,,,,,,5.9349900579729296,-140.61770088851685,-3.831839246069462,-4.481874063531851,30.51089410566787,-16.475546150747586,3.06,1.39,294,88.5,25,97.3,2002,6.6,745721,669224,700250,650402,518934,683011,657077,663757,665742,53.92,,,,,,,,57,3,4-Seam Fastball,6,1,1,6,1,6,1,6,Standard,Standard,205,0.0,0.0,48.1,4.9,,0.0,88.5,5,-5,0.972,0.028,34,27,35,28,1,2,5,6,3,1,1.3,0.24,0.24,43.0
CH,2024-07-19,88.8,-1.95,5.74,"Kahnle, Tommy",676609,592454,,swinging_strike,,,,,5,José Caballero strikes out swinging.,R,R,R,NYY,TB,S,,,0,1,2024,-0.8,0.01,-0.06,2.09,,,,0,7,Top,,,,,,,6.351763647911491,-129.23669648000865,-2.9374921381453727,-10.308454873915114,26.567207437968552,-31.65806465386542,3.06,1.39,,,,89.6,1131,6.7,745721,669224,700250,650402,518934,683011,657077,663757,665742,53.75,,,,,,,,57,2,Changeup,6,1,1,6,1,6,1,6,Standard,Standard,248,0.0,-0.054,75.4,7.7,,0.054,,5,-5,0.972,0.028,34,27,35,28,1,2,5,6,3,1,2.88,0.8,0.8,31.3
CH,2024-07-19,88.2,-1.86,5.8,"Kahnle, Tommy",676609,592454,,called_strike,,,,,14,José Caballero strikes out swinging.,R,R,R,NYY,TB,S,,,0,0,2024,-0.81,-0.27,1.05,1.58,,,,0,7,Top,,,,,,,8.835345384707873,-128.07598150349267,-3.581644133744956,-10.83985981258829,27.80425741783373,-34.524333298559846,2.79,1.21,,,,88.7,1097,6.8,745721,669224,700250,650402,518934,683011,657077,663757,665742,53.66,,,,,,,,57,1,Changeup,6,1,1,6,1,6,1,6,Standard,Standard,251,0.0,-0.037,,,,0.037,,5,-5,0.972,0.028,34,27,35,28,1,2,5,6,3,1,3.22,0.81,0.81,31.2
CH,2024-07-14,89.7,-2.41,5.64,"Kahnle, Tommy",676059,592454,strikeout,swinging_strike,,,,,8,Jordan Westburg strikes out swinging.,R,R,R,BAL,NYY,S,2,,0,2,2024,-0.91,-0.25,-0.09,1.78,,,,2,5,Bot,,,,,,,7.730966091552022,-130.3844790561654,-3.0440768066928907,-11.978003999461244,27.45558949726968,-34.55499316554553,3.5,1.63,,,,90.5,1216,6.8,747009,669224,700250,650402,665828,683011,657077,663757,665742,53.67,,0.0,0.0,1,0,0,,45,3,Changeup,3,2,3,2,2,3,3,2,Standard,Standard,257,-0.01,-0.157,74.0,7.1,,0.157,,1,1,0.677,0.677,34,25,35,25,1,2,2,1,5,5,3.09,0.91,0.91,32.3
CH,2024-07-14,88.8,-2.41,5.68,"Kahnle, Tommy",676059,592454,,foul,,,,,4,Jordan Westburg strikes out swinging.,R,R,R,BAL,NYY,S,,,0,1,2024,-0.83,-0.07,-0.43,2.79,,,,2,5,Bot,,,,,,,6.669741025568324,-129.2146690904085,-0.9209701753411964,-10.67734608228535,25.04229667660899,-32.97996151841295,3.5,1.63,2,70.6,-49,89.9,976,6.8,747009,669224,700250,650402,665828,683011,657077,663757,665742,53.7,,,,,,,,45,2,Changeup,3,2,3,2,2,3,3,2,Standard,Standard,261,0.0,-0.058,73.3,6.8,,0.058,88.0,1,1,0.677,0.677,34,25,35,25,1,2,2,1,5,5,2.94,0.83,0.83,31.8
CH,2024-07-14,87.2,-2.43,5.63,"Kahnle, Tommy",676059,592454,,called_strike,,,,,2,Jordan Westburg strikes out swinging.,R,R,R,BAL,NYY,S,,,0,0,2024,-0.5,-0.08,-0.04,3.58,,,,2,5,Bot,,,,,,,6.848573486593303,-126.87650380376888,1.3720805492138406,-6.693022155012795,24.181018142913388,-33.55120023939253,3.58,1.66,,,,88.4,936,6.9,747009,669224,700250,650402,665828,683011,657077,663757,665742,53.6,,,,,,,,45,1,Changeup,3,2,3,2,2,3,3,2,Standard,Standard,263,0.0,-0.041,,,,0.041,,1,1,0.677,0.677,34,25,35,25,1,2,2,1,5,5,3.06,0.5,0.5,34.5
CH,2024-07-14,89.1,-2.08,5.81,"Kahnle, Tommy",623993,592454,home_run,hit_into_play,,,,,1,Anthony Santander homers (24) on a fly ball to right field.,R,L,R,BAL,NYY,X,,fly_ball,1,2,2024,-0.63,0.22,-0.29,3.02,,,,2,5,Bot,220.82,56.41,,,,,5.77752714761521,-129.7388101284932,-1.379475069880457,-8.23686241859363,23.22155092244666,-29.582404803709956,3.41,1.59,421,102.5,35,90.6,1037,6.9,747009,669224,700250,650402,665828,683011,657077,663757,665742,53.64,0.549,1.103,2.0,1,0,3,6,44,4,Changeup,2,2,2,2,2,3,3,2,Infield shade,Standard,252,0.163,2.67,,,2.132,-2.67,102.5,0,0,0.514,0.514,34,29,35,30,1,2,2,1,5,5,2.61,0.63,-0.63,38.8
FF,2024-07-14,95.3,-1.61,6.07,"Kahnle, Tommy",623993,592454,,ball,,,,,12,Anthony Santander homers (24) on a fly ball to right field.,R,L,R,BAL,NYY,B,,,0,2,2024,-0.53,1.28,0.36,4.62,,,,2,5,Bot,,,,,,,6.465706628459397,-138.878087637373,-1.1285415309944402,-8.234507395927423,26.810807933345085,-15.396331387275604,3.29,1.63,,,,97.1,1983,6.9,747009,669224,700250,650402,665828,683011,657077,663757,665742,53.6,,,,,,,,44,3,4-Seam Fastball,2,2,2,2,2,2,2,2,,,198,0.0,0.023,,,,-0.023,,0,0,0.514,0.514,34,29,35,30,1,2,2,1,5,5,1.19,0.53,-0.53,51.8
CH,2024-07-14,89.7,-2.18,5.57,"Kahnle, Tommy",623993,592454,,swinging_strike,,,,,14,Anthony Santander homers (24) on a fly ball to right field.,R,L,R,BAL,NYY,S,,,0,1,2024,-1.19,0.13,0.69,0.61,,,,2,5,Bot,,,,,,,9.738830503684031,-130.21318389997356,-6.6457224275162705,-15.58354086392566,26.22683976911355,-29.45555187428892,3.41,1.59,,,,90.9,1387,7.0,747009,669224,700250,650402,665828,683011,657077,663757,665742,53.46,,,,,,,,44,2,Changeup,2,2,2,2,2,2,2,2,,,255,0.0,-0.058,,,,0.058,,0,0,0.514,0.514,34,29,35,30,1,2,2,1,5,5,2.71,1.19,-1.19,35.0
CH,2024-07-14,88.8,-2.31,5.74,"Kahnle, Tommy",623993,592454,,called_strike,,,,,5,Anthony Santander homers (24) on a fly ball to right field.,R,L,R,BAL,NYY,S,,,0,0,2024,-1.15,0.42,0.24,2.22,,,,2,5,Bot,,,,,,,8.752682811691775,-129.08477188760074,-3.4843059471042936,-14.686356181477189,26.24955872630121,-26.94002575170305,3.38,1.66,,,,89.9,1332,7.0,747009,669224,700250,650402,665828,683011,657077,663757,665742,53.55,,,,,,,,44,1,Changeup,2,2,2,2,2,2,2,2,,,247,0.0,-0.041,,,,0.041,,0,0,0.514,0.514,34,29,35,30,1,2,2,1,5,5,2.47,1.15,-1.15,35.6
CH,2024-07-14,89.5,-2.29,5.73,"Kahnle, Tommy",663624,592454,field_out,hit_into_play,,,,,4,Ryan Mountcastle flies out to left fielder Alex Verdugo.,R,R,R,BAL,NYY,X,7,fly_ball,2,0,2024,-1.16,0.03,-0.3,2.8,,,,1,5,Bot,101.96,79.29,,,,,7.423086629214962,-130.21439469953623,-1.294879338972119,-14.68617192945428,26.426028852029585,-31.80201317682059,3.68,1.8,303,96.9,48,90.4,1352,6.8,747009,669224,700250,650402,665828,683011,657077,663757,665742,53.71,0.011,0.018,0.0,1,0,0,3,43,3,Changeup,2,2,2,2,2,2,2,2,Standard,Standard,251,-0.022,-0.367,82.2,8.3,0.03,0.367,96.9,0,0,0.536,0.536,34,27,35,27,1,2,2,1,5,5,2.81,1.16,1.16,38.2
CH,2024-07-14,89.3,-2.24,5.7,"Kahnle, Tommy",663624,592454,,ball,,,,,14,Ryan Mountcastle flies out to left fielder Alex Verdugo.,R,R,R,BAL,NYY,B,,,1,0,2024,-1.08,0.06,0.49,1.66,,,,1,5,Bot,,,,,,,9.09557661663864,-129.7170273426389,-4.104706178079983,-14.091877718735764,25.684437672562996,-30.817912974502292,3.7,1.84,,,,90.3,1329,6.9,747009,669224,700250,650402,665828,683011,657077,663757,665742,53.6,,,,,,,,43,2,Changeup,2,2,2,2,2,2,2,2,Standard,Standard,249,0.0,0.072,,,,-0.072,,0,0,0.536,0.536,34,27,35,27,1,2,2,1,5,5,2.79,1.08,1.08,35.5
CH,2024-07-14,88.7,-2.14,5.73,"Kahnle, Tommy",663624,592454,,ball,,,,,14,Ryan Mountcastle flies out to left fielder Alex Verdugo.,R,R,R,BAL,NYY,B,,,0,0,2024,-0.88,0.24,1.53,2.27,,,,1,5,Bot,,,,,,,10.932905934825651,-128.76178643470115,-2.933934201766826,-11.938379816194235,24.988089120083288,-29.08032236979873,3.68,1.81,,,,89.8,1179,7.0,747009,669224,700250,650402,665828,683011,657077,663757,665742,53.54,,,,,,,,43,1,Changeup,2,2,2,2,2,2,2,2,Standard,Standard,244,0.0,0.039,,,,-0.039,,0,0,0.536,0.536,34,27,35,27,1,2,2,1,5,5,2.65,0.88,0.88,39.8
CH,2024-07-14,88.2,-2.24,5.74,"Kahnle, Tommy",668939,592454,field_out,hit_into_play,,,,,13,"Adley Rutschman grounds out, shortstop Anthony Volpe to first baseman Ben Rice.",R,L,R,BAL,NYY,X,6,ground_ball,1,2,2024,-1.17,0.13,-0.87,1.56,,,,0,5,Bot,126.75,144.34,,,,,5.825815330682159,-128.31501519849348,-4.389168787183183,-14.152898333020964,26.37031100820895,-30.042380827360812,3.49,1.66,21,67.7,-2,89.2,1317,6.9,747009,669224,700250,650402,665828,683011,657077,663757,665742,53.61,0.114,0.096,0.0,1,0,0,2,42,4,Changeup,2,2,2,2,2,2,2,2,Infield shade,Standard,251,-0.029,-0.186,,,0.143,0.186,88.0,0,0,0.565,0.565,34,26,35,26,1,2,2,1,5,5,2.8,1.17,-1.17,36.7
CH,2024-07-14,88.6,-2.32,5.66,"Kahnle, Tommy",668939,592454,,swinging_strike,,,,,14,"Adley Rutschman grounds out, shortstop Anthony Volpe to first baseman Ben Rice.",R,L,R,BAL,NYY,S,,,1,1,2024,-1.23,0.06,0.05,0.93,,,,0,5,Bot,,,,,,,8.44847570902481,-128.69951600370388,-5.696910902815421,-15.374650752721672,25.80661404469074,-30.488961537818337,3.49,1.66,,,,89.7,1305,7.0,747009,669224,700250,650402,665828,683011,657077,663757,665742,53.52,,,,,,,,42,3,Changeup,2,2,2,2,2,2,2,2,Infield shade,Standard,256,0.0,-0.056,64.2,8.0,,0.056,,0,0,0.565,0.565,34,26,35,26,1,2,2,1,5,5,2.84,1.23,-1.23,34.8
CH,2024-07-14,88.3,-2.33,5.75,"Kahnle, Tommy",668939,592454,,ball,,,,,13,"Adley Rutschman grounds out, shortstop Anthony Volpe to first baseman Ben Rice.",R,L,R,BAL,NYY,B,,,0,1,2024,-1.12,-0.13,-2.58,2.09,,,,0,5,Bot,,,,,,,1.743398549369786,-128.62581142518144,-2.548531768201976,-12.784653031710269,27.363016890225826,-33.293569561505336,3.49,1.69,,,,89.0,1273,6.7,747009,669224,700250,650402,665828,683011,657077,663757,665742,53.8,,,,,,,,42,2,Changeup,2,2,2,2,2,2,2,2,Infield shade,Standard,250,0.0,0.025,,,,-0.025,,0,0,0.565,0.565,34,26,35,26,1,2,2,1,5,5,3.05,1.12,-1.12,31.3
CH,2024-07-14,87.5,-2.31,5.78,"Kahnle, Tommy",668939,592454,,called_strike,,,,,7,"Adley Rutschman grounds out, shortstop Anthony Volpe to first baseman Ben Rice.",R,L,R,BAL,NYY,S,,,0,0,2024,-0.9,-0.05,-0.82,2.11,,,,0,5,Bot,,,,,,,5.48558538158745,-127.39898076022732,-2.6593027403369516,-10.859629814234264,24.4906568065505,-32.3976303537472,3.49,1.6,,,,88.5,1125,6.7,747009,669224,700250,650402,665828,683011,657077,663757,665742,53.77,,,,,,,,42,1,Changeup,2,2,2,2,2,2,2,2,Infield shade,Standard,260,0.0,-0.037,,,,0.037,,0,0,0.565,0.565,34,26,35,26,1,2,2,1,5,5,3.01,0.9,-0.9,36.2
CH,2024-07-12,89.0,-2.47,5.66,"Kahnle, Tommy",683002,592454,field_out,hit_into_play,,,,,4,Gunnar Henderson lines out sharply to right fielder Juan Soto.,R,L,R,BAL,NYY,X,9,line_drive,1,0,2024,-0.96,0.1,-0.46,2.4,,663624,,2,7,Bot,184.4,87.1,,,,,6.998356547244423,-129.49415602773513,-2.24459551072753,-12.155330071320508,24.157302982484552,-30.837998438645887,3.66,1.72,312,100.6,17,90.2,1190,6.8,747012,624431,700250,650402,518934,683011,657077,592450,665742,53.74,0.486,0.532,0.0,1,0,0,4,57,2,Changeup,1,3,1,3,3,1,1,3,Infield shade,Standard,251,-0.049,-0.315,73.3,8.0,0.771,0.315,100.6,-2,-2,0.179,0.179,34,23,35,23,1,3,2,1,2,1,2.76,0.96,-0.96,
CH,2024-07-12,87.9,-2.44,5.58,"Kahnle, Tommy",683002,592454,,ball,,,,,13,Gunnar Henderson lines out sharply to right fielder Juan Soto.,R,L,R,BAL,NYY,B,,,0,0,2024,-0.91,-0.08,-0.07,0.82,,663624,,2,7,Bot,,,,,,,7.718343321892173,-127.76984635271076,-5.280829887208857,-11.583350913123358,25.525244187621592,-32.196121278873704,3.61,1.79,,,,88.8,1188,6.9,747012,624431,700250,650402,518934,683011,657077,592450,665742,53.64,,,,,,,,57,1,Changeup,1,3,1,3,3,1,1,3,Infield shade,Standard,253,0.0,0.014,,,,-0.014,,-2,-2,0.179,0.179,34,23,35,23,1,3,2,1,2,1,3.03,0.91,-0.91,
SL,2024-07-12,86.4,-2.04,5.92,"Kahnle, Tommy",602104,592454,field_out,hit_into_play,,,,,6,"Ramón Urías grounds out softly, pitcher Tommy Kahnle to first baseman Ben Rice.   Ryan Mountcastle to 2nd.",R,R,R,BAL,NYY,X,1,ground_ball,1,0,2024,0.19,0.5,0.73,2.43,,,663624,1,7,Bot,125.9,187.35,,,,,6.2488938901776026,-125.69876721471272,-3.1169759561802115,0.8013608761409047,25.370303662456497,-26.492112054293575,3.24,1.51,1,54.6,-73,86.9,2393,6.6,747012,624431,700250,650402,518934,683011,657077,592450,665742,53.88,0.163,0.154,0.0,1,0,0,1,56,2,Slider,1,3,1,3,3,1,1,3,Standard,Standard,127,-0.037,-0.35,68.1,7.5,0.163,0.35,88.0,-2,-2,0.216,0.216,34,30,35,30,1,2,2,3,2,1,2.56,-0.19,-0.19,
CH,2024-07-12,88.3,-2.28,5.7,"Kahnle, Tommy",602104,592454,,ball,,,,,14,"Ramón Urías grounds out softly, pitcher Tommy Kahnle to first baseman Ben Rice.   Ryan Mountcastle to 2nd.",R,R,R,BAL,NYY,B,,,0,0,2024,-0.93,0.49,1.67,1.87,,,663624,1,7,Bot,,,,,,,11.659890966210948,-128.07568245714822,-4.302214751690835,-12.50397944281532,24.39322964342663,-26.018673183448808,3.19,1.49,,,,89.3,1220,6.9,747012,624431,700250,650402,518934,683011,657077,592450,665742,53.59,,,,,,,,56,1,Changeup,1,3,1,3,3,1,1,3,Standard,Standard,251,0.0,0.036,,,,-0.036,,-2,-2,0.216,0.216,34,30,35,30,1,2,2,3,2,1,2.43,0.93,0.93,
FF,2024-07-12,94.3,-1.97,5.98,"Kahnle, Tommy",656775,592454,field_out,hit_into_play,,,,,1,Cedric Mullins lines out to left fielder Alex Verdugo.,R,L,R,BAL,NYY,X,7,line_drive,0,1,2024,-0.85,1.3,-0.48,2.79,,,663624,0,7,Bot,53.59,102.29,,,,,5.8278047084706825,-137.17041462560917,-5.5029123664042725,-12.019791250932943,31.24177313655356,-14.71883872488714,3.33,1.52,299,89.5,24,94.9,2208,6.8,747012,624431,700250,650402,518934,683011,657077,592450,665742,53.75,0.131,0.167,0.0,1,0,0,3,55,2,4-Seam Fastball,1,3,1,3,3,1,1,3,Infield shade,Standard,210,-0.06,-0.204,71.1,6.7,0.264,0.204,89.5,-2,-2,0.276,0.276,34,29,35,30,1,2,2,1,2,1,1.27,0.85,-0.85,
CH,2024-07-12,87.7,-2.42,5.78,"Kahnle, Tommy",656775,592454,,called_strike,,,,,8,Cedric Mullins lines out to left fielder Alex Verdugo.,R,L,R,BAL,NYY,S,,,0,0,2024,-0.96,0.06,0.12,2.07,,,663624,0,7,Bot,,,,,,,8.170272671198187,-127.44534426573904,-2.962202540351885,-12.117561601467036,26.331002388422583,-31.10714953749479,3.44,1.54,,,,88.3,1176,6.7,747012,624431,700250,650402,518934,683011,657077,592450,665742,53.76,,,,,,,,55,1,Changeup,1,3,1,3,3,1,1,3,Infield shade,Standard,260,0.0,-0.042,,,,0.042,,-2,-2,0.276,0.276,34,29,35,30,1,2,2,1,2,1,2.91,0.96,-0.96,
CH,2024-07-12,88.5,-2.47,5.64,"Kahnle, Tommy",663624,592454,single,hit_into_play,,,,,6,Ryan Mountcastle singles on a line drive to center fielder Aaron Judge.,R,R,R,BAL,NYY,X,8,line_drive,0,2,2024,-0.64,0.04,0.3,2.79,,,,0,7,Bot,126.75,92.73,,,,,8.15274981407783,-128.73599112769276,-1.0195224180102012,-8.748801245712443,24.760733039744167,-31.71593895906974,3.69,1.81,182,75.3,15,89.4,999,6.7,747012,624431,700250,650402,518934,683011,657077,592450,665742,53.78,0.703,0.636,0.9,1,1,0,4,54,3,Changeup,1,3,1,3,3,1,1,3,Standard,Standard,259,0.067,0.539,75.7,7.8,0.753,-0.539,88.0,-2,-2,0.209,0.209,34,27,35,27,1,2,2,1,2,1,2.85,0.64,0.64,
CH,2024-07-12,89.2,-2.36,5.66,"Kahnle, Tommy",663624,592454,,foul,,,,,9,Ryan Mountcastle singles on a line drive to center fielder Aaron Judge.,R,R,R,BAL,NYY,S,,,0,1,2024,-0.92,-0.25,0.4,1.94,,,,0,7,Bot,,,,,,,8.803444379759474,-129.6836281023056,-2.6245020920501174,-12.178761935922122,26.553566674549767,-34.600003388833365,3.69,1.81,221,71.2,38,89.9,1066,6.7,747012,624431,700250,650402,518934,683011,657077,592450,665742,53.76,,,,,,,,54,2,Changeup,1,3,1,3,3,1,1,3,Standard,Standard,258,0.0,-0.054,74.0,8.0,,0.054,88.0,-2,-2,0.209,0.209,34,27,35,27,1,2,2,1,2,1,3.11,0.92,0.92,
CH,2024-07-12,87.7,-2.28,5.66,"Kahnle, Tommy",663624,592454,,swinging_strike,,,,,9,Ryan Mountcastle singles on a line drive to center fielder Aaron Judge.,R,R,R,BAL,NYY,S,,,0,0,2024,-1.03,-0.07,0.63,1.76,,,,0,7,Bot,,,,,,,9.264003034776874,-127.44908211101274,-3.174422863811612,-13.151614236966816,25.743288661911254,-32.470949217147385,3.69,1.81,,,,88.5,1148,6.8,747012,624431,700250,650402,518934,683011,657077,592450,665742,53.68,,,,,,,,54,1,Changeup,1,3,1,3,3,1,1,3,Standard,Standard,256,0.0,-0.037,75.9,9.3,,0.037,,-2,-2,0.209,0.209,34,27,35,27,1,2,2,1,2,1,3.04,1.03,1.03,
CH,2024-07-10,87.2,-2.31,5.55,"Kahnle, Tommy",670764,592454,walk,blocked_ball,,,,,14,Taylor Walls walks.   Jonny DeLuca to 2nd.,R,L,R,TB,NYY,B,,,3,2,2024,-1.36,0.13,0.82,0.01,,,676356,2,8,Bot,,,,,,,10.385728543634484,-126.38659401457186,-7.367152878272332,-16.825610597745232,27.71884347108783,-29.311918364717013,3.48,1.6,,,,87.4,1235,6.8,745069,624431,518934,650402,665828,683011,657077,663757,665742,53.69,,0.689131,0.7,1,0,0,,67,6,Changeup,1,2,1,2,2,1,1,2,Infield shade,Standard,252,0.054,0.217,,,,-0.217,,-1,-1,0.226,0.226,34,27,35,28,1,3,1,1,2,2,2.91,1.36,-1.36,33.4
CH,2024-07-10,86.5,-2.4,5.55,"Kahnle, Tommy",670764,592454,,called_strike,,,,,13,Taylor Walls walks.   Jonny DeLuca to 2nd.,R,L,R,TB,NYY,S,,,3,1,2024,-1.35,-0.06,-0.5,1.23,,,676356,2,8,Bot,,,,,,,7.342456474765324,-125.61917472909592,-3.9120358478090935,-15.842796941746002,27.789281952094495,-32.11638256796199,3.35,1.57,,,,86.8,1321,6.8,745069,624431,518934,650402,665828,683011,657077,663757,665742,53.69,,,,,,,,67,5,Changeup,1,2,1,2,2,1,1,2,Standard,Standard,250,0.0,-0.065,,,,0.065,,-1,-1,0.226,0.226,34,27,35,28,1,3,1,1,2,2,3.14,1.35,-1.35,32.1
CH,2024-07-10,88.0,-2.54,5.5,"Kahnle, Tommy",670764,592454,,ball,,,,,13,Taylor Walls walks.   Jonny DeLuca to 2nd.,R,L,R,TB,NYY,B,,,2,1,2024,-1.27,0.23,-0.16,0.86,,,676356,2,8,Bot,,,,,,,8.49311171397595,-127.6430721368298,-5.545550443481448,-15.753955750112432,29.776793205957553,-28.598896787716807,3.51,1.6,,,,88.1,1278,6.9,745069,624431,518934,650402,665828,683011,657077,663757,665742,53.65,,,,,,,,67,4,Changeup,1,2,1,2,2,1,1,2,Infield shade,Standard,257,0.0,0.078,,,,-0.078,,-1,-1,0.226,0.226,34,27,35,28,1,3,1,1,2,2,2.77,1.27,-1.27,31.4
CH,2024-07-10,87.2,-2.28,5.57,"Kahnle, Tommy",670764,592454,,ball,,,,,13,Taylor Walls walks.   Jonny DeLuca to 2nd.,R,L,R,TB,NYY,B,,,1,1,2024,-1.35,0.06,-1.2,1.61,,,676356,2,8,Bot,,,,,,,5.429748310846985,-126.78900718689374,-3.4670984336929984,-15.697417984008892,27.93477963129708,-30.945265019848392,3.5,1.6,,,,87.9,1292,7.0,745069,624431,518934,650402,665828,683011,657077,663757,665742,53.55,,,,,,,,67,3,Changeup,1,2,1,2,2,1,1,2,Infield shade,Standard,252,0.0,0.05,,,,-0.05,,-1,-1,0.226,0.226,34,27,35,28,1,3,1,1,2,2,2.96,1.35,-1.35,35.5
CH,2024-07-10,88.3,-2.36,5.62,"Kahnle, Tommy",670764,592454,,called_strike,,,,,13,Taylor Walls walks.   Jonny DeLuca to 2nd.,R,L,R,TB,NYY,S,,,1,0,2024,-1.27,0.16,-1.02,2.3,,,676356,2,8,Bot,,,,,,,5.978597691600454,-128.43862496039193,-2.296584999528922,-15.349749166705918,27.7352543920085,-30.171721325674948,3.44,1.6,,,,88.8,1290,6.7,745069,624431,518934,650402,665828,683011,657077,663757,665742,53.8,,,,,,,,67,2,Changeup,1,2,1,2,2,1,1,2,Infield shade,Standard,249,0.0,-0.048,,,,0.048,,-1,-1,0.226,0.226,34,27,35,28,1,3,1,1,2,2,2.78,1.27,-1.27,34.3
FF,2024-07-10,92.5,-1.81,6.04,"Kahnle, Tommy",670764,592454,,ball,,,,,11,Taylor Walls walks.   Jonny DeLuca to 2nd.,R,L,R,TB,NYY,B,,,0,0,2024,-0.22,1.52,-0.94,3.8,,,676356,2,8,Bot,,,,,,,2.7377939421439397,-134.6676608459097,-3.194036038559444,-3.373630208776086,33.03489596945175,-13.315156803021312,3.48,1.57,,,,92.8,2157,6.7,745069,624431,518934,650402,665828,683011,657077,663757,665742,53.78,,,,,,,,67,1,4-Seam Fastball,1,2,1,2,2,1,1,2,Infield shade,Standard,198,0.0,0.034,,,,-0.034,,-1,-1,0.226,0.226,34,27,35,28,1,3,1,1,2,2,1.17,0.22,-0.22,50.2
CH,2024-07-10,87.7,-2.35,5.49,"Kahnle, Tommy",666163,592454,single,hit_into_play,,,,,7,Ben Rortvedt singles on a line drive to right fielder Juan Soto.,R,L,R,TB,NYY,X,9,line_drive,1,1,2024,-1.06,0.3,-0.59,1.68,,,,2,8,Bot,145.27,81.8,,,,,6.502333082520941,-127.51672110980634,-3.6823678956878263,-12.950483752095318,27.09322120863861,-28.350719376610197,3.18,1.5,219,79.7,17,88.3,1267,6.8,745069,624431,518934,650402,665828,683011,657077,663757,665742,53.71,0.974,0.907,0.9,1,1,0,4,66,3,Changeup,1,2,1,2,2,1,1,2,Infield shade,Standard,256,0.037,0.344,67.8,7.4,1.08,-0.344,88.0,-1,-1,0.189,0.189,34,26,35,27,1,3,1,3,2,1,2.68,1.06,-1.06,31.9
FF,2024-07-10,94.3,-2.06,5.71,"Kahnle, Tommy",666163,592454,,called_strike,,,,,7,Ben Rortvedt singles on a line drive to right fielder Juan Soto.,R,L,R,TB,NYY,S,,,1,0,2024,-0.96,1.49,-0.46,1.82,,,,2,8,Bot,,,,,,,6.368376566886001,-137.04021129766093,-7.784947243772036,-13.52580247462992,30.75261291450698,-11.882317425571872,3.11,1.53,,,,95.2,2248,6.9,745069,624431,518934,650402,665828,683011,657077,663757,665742,53.58,,,,,,,,66,2,4-Seam Fastball,1,2,1,2,2,1,1,2,Infield shade,Standard,213,0.0,-0.051,,,,0.051,,-1,-1,0.189,0.189,34,26,35,27,1,3,1,3,2,1,1.09,0.96,-0.96,38.9
FF,2024-07-10,95.1,-1.62,6.01,"Kahnle, Tommy",666163,592454,,ball,,,,,14,Ben Rortvedt singles on a line drive to right fielder Juan Soto.,R,L,R,TB,NYY,B,,,0,0,2024,-0.69,1.55,0.4,0.93,,,,2,8,Bot,,,,,,,6.906738175969956,-137.92784169367758,-11.20256110419694,-10.296890061165444,30.854642632566588,-10.023890744313888,3.13,1.55,,,,95.9,2101,6.9,745069,624431,518934,650402,665828,683011,657077,663757,665742,53.55,,,,,,,,66,1,4-Seam Fastball,1,2,1,2,2,1,1,2,Infield shade,Standard,208,0.0,0.04,,,,-0.04,,-1,-1,0.189,0.189,34,26,35,27,1,3,1,3,2,1,0.99,0.69,-0.69,51.7
CH,2024-07-10,89.3,-2.09,5.68,"Kahnle, Tommy",642350,592454,strikeout,swinging_strike,,,,,2,Jose Siri strikes out swinging.,R,R,R,TB,NYY,S,2,,2,2,2024,-0.79,0.31,0.13,3.2,,,,1,8,Bot,,,,,,,7.193094338876787,-129.78951817387826,-0.7183496143376091,-10.516689981245682,28.185836374889945,-28.775560921852367,3.53,1.68,,,,89.9,1179,6.8,745069,624431,518934,650402,665828,683011,657077,663757,665742,53.72,,0.0,0.0,1,0,0,,65,5,Changeup,1,2,1,2,2,1,1,2,Standard,Standard,243,-0.046,-0.225,73.9,7.5,,0.225,,-1,-1,0.235,0.235,34,28,35,29,1,3,1,1,2,1,2.57,0.79,0.79,39.9
CH,2024-07-10,90.3,-2.18,5.63,"Kahnle, Tommy",642350,592454,,ball,,,,,14,Jose Siri strikes out swinging.,R,R,R,TB,NYY,B,,,1,2,2024,-1.32,0.43,2.27,0.8,,,,1,8,Bot,,,,,,,13.961639293835129,-130.56174452985414,-6.961209994477883,-18.048138093838087,27.44818571983196,-25.85147448447835,3.52,1.68,,,,90.7,1269,6.9,745069,624431,518934,650402,665828,683011,657077,663757,665742,53.64,,,,,,,,65,4,Changeup,1,2,1,2,2,1,1,2,Standard,Standard,247,0.0,0.043,,,,-0.043,,-1,-1,0.235,0.235,34,28,35,29,1,3,1,1,2,1,2.4,1.32,1.32,36.6
CH,2024-07-10,89.2,-2.13,5.57,"Kahnle, Tommy",642350,592454,,ball,,,,,14,Jose Siri strikes out swinging.,R,R,R,TB,NYY,B,,,0,2,2024,-0.91,0.38,2.08,1.61,,,,1,8,Bot,,,,,,,12.350398025378803,-129.31599688755784,-4.513490944536012,-12.813360272753805,27.074837431530693,-27.046317794662546,3.59,1.71,,,,89.7,1184,6.8,745069,624431,518934,650402,665828,683011,657077,663757,665742,53.67,,,,,,,,65,3,Changeup,1,2,1,2,2,1,1,2,Standard,Standard,247,0.0,0.02,,,,-0.02,,-1,-1,0.235,0.235,34,28,35,29,1,3,1,1,2,1,2.5,0.91,0.91,35.3
CH,2024-07-10,88.0,-2.22,5.59,"Kahnle, Tommy",642350,592454,,foul,,,,,9,Jose Siri strikes out swinging.,R,R,R,TB,NYY,S,,,0,1,2024,-1.07,0.04,0.61,2.07,,,,1,8,Bot,,,,,,,9.1249825855059,-127.69847071466164,-2.4160563603688665,-13.640203089766656,28.95402660482845,-31.404935953249844,3.53,1.68,2,67.4,-49,88.0,1348,6.7,745069,624431,518934,650402,665828,683011,657077,663757,665742,53.83,,,,,,,,65,2,Changeup,1,2,1,2,2,1,1,2,Standard,Standard,251,0.0,-0.057,70.2,8.2,,0.057,88.0,-1,-1,0.235,0.235,34,28,35,29,1,3,1,1,2,1,2.94,1.07,1.07,36.3
CH,2024-07-10,89.2,-2.31,5.71,"Kahnle, Tommy",642350,592454,,called_strike,,,,,7,Jose Siri strikes out swinging.,R,R,R,TB,NYY,S,,,0,0,2024,-1.12,0.36,-0.29,1.54,,,,1,8,Bot,,,,,,,7.391680950526706,-129.55484165482565,-4.937915290294862,-14.209368238340394,29.446864372700023,-27.267157527370113,3.36,1.52,,,,89.7,1327,6.9,745069,624431,518934,650402,665828,683011,657077,663757,665742,53.59,,,,,,,,65,1,Changeup,1,2,1,2,2,1,1,2,Standard,Standard,247,0.0,-0.037,,,,0.037,,-1,-1,0.235,0.235,34,28,35,29,1,3,1,1,2,1,2.54,1.12,1.12,35.5
CH,2024-07-10,87.8,-2.24,5.69,"Kahnle, Tommy",680700,592454,field_out,hit_into_play,,,,,13,"Richie Palacios grounds out, second baseman Gleyber Torres to first baseman DJ LeMahieu.",R,L,R,TB,NYY,X,4,ground_ball,1,2,2024,-1.03,-0.02,-0.92,1.36,,,,0,8,Bot,148.07,155.18,,,,,5.35262226300433,-127.6434826129338,-4.245131876131659,-12.34740417044595,29.71561631232075,-31.656390450641062,3.5,1.6,2,69.9,-33,88.0,1109,6.8,745069,624431,518934,650402,665828,683011,657077,663757,665742,53.75,0.063,0.064,0.0,1,0,0,2,64,4,Changeup,1,2,1,2,2,1,1,2,Infield shade,Standard,254,-0.062,-0.186,65.7,7.1,0.068,0.186,88.0,-1,-1,0.297,0.297,34,27,35,27,1,3,1,3,2,2,3.02,1.03,-1.03,34.9
CH,2024-07-10,87.1,-2.15,5.72,"Kahnle, Tommy",680700,592454,,foul,,,,,8,"Richie Palacios grounds out, second baseman Gleyber Torres to first baseman DJ LeMahieu.",R,L,R,TB,NYY,S,,,1,1,2024,-1.13,0.36,0.03,1.79,,,,0,8,Bot,,,,,,,7.639673057707369,-126.64439477237948,-4.029235772540434,-13.722740152787193,25.737464976451705,-27.68865440099709,3.5,1.6,1,57.3,-57,87.9,1253,6.8,745069,624431,518934,650402,665828,683011,657077,663757,665742,53.67,,,,,,,,64,3,Changeup,1,2,1,2,2,1,1,2,Infield shade,Standard,245,0.0,-0.056,70.9,7.7,,0.056,88.0,-1,-1,0.297,0.297,34,27,35,27,1,3,1,3,2,2,2.65,1.13,-1.13,37.1
CH,2024-07-10,85.8,-2.22,5.73,"Kahnle, Tommy",680700,592454,,called_strike,,,,,2,"Richie Palacios grounds out, second baseman Gleyber Torres to first baseman DJ LeMahieu.",R,L,R,TB,NYY,S,,,1,0,2024,-1.05,0.18,-0.18,3.32,,,,0,8,Bot,,,,,,,6.997909129231551,-124.71794441660144,0.2130337813899712,-12.336604150623325,24.999385360525096,-30.57744684931452,3.4,1.75,,,,86.4,,6.7,745069,624431,518934,650402,665828,683011,657077,663757,665742,53.79,,,,,,,,64,2,Changeup,1,2,1,2,2,1,1,2,Infield shade,Standard,,0.0,-0.049,,,,0.049,,-1,-1,0.297,0.297,34,27,35,27,1,3,1,3,2,2,2.92,1.05,-1.05,33.8
FF,2024-07-10,94.5,-1.66,6.12,"Kahnle, Tommy",680700,592454,,ball,,,,,14,"Richie Palacios grounds out, second baseman Gleyber Torres to first baseman DJ LeMahieu.",R,L,R,TB,NYY,B,,,0,0,2024,-0.39,1.56,1.34,0.81,,,,0,8,Bot,,,,,,,8.716302441783972,-136.8654642727129,-11.617151880935564,-6.899128136713532,30.951825024740888,-10.09595948275341,3.35,1.58,,,,94.7,,6.7,745069,624431,518934,650402,665828,683011,657077,663757,665742,53.76,,,,,,,,64,1,4-Seam Fastball,1,2,1,2,2,1,1,2,Infield shade,Standard,,0.0,0.038,,,,-0.038,,-1,-1,0.297,0.297,34,27,35,27,1,3,1,3,2,2,1.02,0.39,-0.39,57.8
CH,2024-07-09,86.8,-2.3,5.73,"Kahnle, Tommy",676609,592454,field_out,hit_into_play,,,,,9,"José Caballero grounds out, third baseman DJ LeMahieu to first baseman Ben Rice.",R,R,R,TB,NYY,X,5,ground_ball,0,1,2024,-1.1,0.45,0.3,1.41,,676356,,2,8,Bot,100.15,156.93,,,,,8.531209425580707,-125.9365745940169,-4.968960078239462,-13.548985689436016,29.16097560795997,-26.469781928647873,3.08,1.4,2,69.6,-33,86.7,1395,6.7,745074,669224,700250,650402,518934,683011,657077,663757,665742,53.76,0.063,0.07,0.0,1,0,0,2,69,2,Changeup,5,3,5,3,3,5,5,3,Standard,Standard,247,-0.01,-0.26,66.7,6.7,0.068,0.26,88.0,2,2,0.939,0.939,34,27,35,28,1,3,4,2,1,2,2.63,1.1,1.1,35.3
CH,2024-07-09,87.5,-2.35,5.81,"Kahnle, Tommy",676609,592454,,called_strike,,,,,14,"José Caballero grounds out, third baseman DJ LeMahieu to first baseman Ben Rice.",R,R,R,TB,NYY,S,,,0,0,2024,-1.05,0.6,0.87,1.76,,676356,,2,8,Bot,,,,,,,9.982772642763464,-126.84907318890107,-4.755463134281891,-13.524665879453831,29.73067041002788,-24.870554641321483,2.94,1.36,,,,87.3,1483,6.7,745074,669224,700250,650402,518934,683011,657077,663757,665742,53.79,,,,,,,,69,1,Changeup,5,3,5,3,3,5,5,3,Standard,Standard,245,0.0,-0.04,,,,0.04,,2,2,0.939,0.939,34,27,35,28,1,3,4,2,1,2,2.44,1.05,1.05,37.6
SL,2024-07-09,83.4,-2.06,5.94,"Kahnle, Tommy",676356,592454,double,hit_into_play,,,,,12,Jonny DeLuca doubles (5) on a line drive to right fielder Juan Soto.   Jose Siri scores.,R,R,R,TB,NYY,X,9,line_drive,0,0,2024,0.32,0.26,1.27,2.95,,,642350,2,8,Bot,205.33,110.51,,,,,7.059342784911365,-121.29134691285005,-0.8891294946046278,1.6298443961325904,25.5335517042597,-29.622405215840455,3.29,1.58,204,82.9,14,83.5,2208,6.6,745074,669224,700250,650402,518934,683011,657077,663757,665742,53.93,0.843,0.801,1.25,1,1,1,4,68,1,Slider,4,3,4,3,3,5,5,3,Standard,Strategic,132,0.083,0.865,51.8,6.5,0.981,-0.865,88.0,1,1,0.856,0.856,34,25,35,26,1,3,4,2,1,2,3.04,-0.32,-0.32,43.4
CH,2024-07-05,88.1,-2.13,5.78,"Kahnle, Tommy",657136,592454,field_out,hit_into_play,,,,,9,"Connor Wong grounds out, third baseman DJ LeMahieu to first baseman Ben Rice.",R,R,R,NYY,BOS,X,5,ground_ball,0,1,2024,-0.85,0.11,0.71,2.06,680776,,646240,2,10,Top,106.9,167.97,,,,,8.720684546282001,-128.05674738541668,-3.233092830601353,-11.019410479459918,24.414340956235204,-30.474442463293343,3.43,1.6,2,59.2,-43,89.0,1121,6.8,745725,669224,700250,665828,518934,683011,657077,663757,665742,53.75,0.183,0.201,0.0,1,0,0,1,78,2,Changeup,3,5,5,3,5,3,5,3,Standard,Standard,250,0.006,-0.241,81.7,7.7,0.183,0.241,88.0,-2,2,0.187,0.813,34,28,35,28,1,4,2,1,4,2,2.81,0.85,0.85,35.5
CH,2024-07-05,88.4,-2.07,5.83,"Kahnle, Tommy",657136,592454,,foul,,,,,9,"Connor Wong grounds out, third baseman DJ LeMahieu to first baseman Ben Rice.",R,R,R,NYY,BOS,S,,,0,0,2024,-1.06,0.09,0.69,2.02,680776,,646240,2,10,Top,,,,,,,8.987838413779809,-128.46574969919445,-3.442943777176139,-13.522870914560103,25.09525833127855,-30.64970508214373,3.43,1.6,6,73.3,-18,89.3,1169,6.8,745725,669224,700250,665828,518934,683011,657077,663757,665742,53.7,,,,,,,,78,1,Changeup,3,5,5,3,5,3,5,3,Standard,Standard,255,0.0,-0.046,67.6,7.9,,0.046,88.0,-2,2,0.187,0.813,34,28,35,28,1,4,2,1,4,2,2.82,1.06,1.06,36.8
CH,2024-07-05,88.2,-2.31,5.74,"Kahnle, Tommy",641933,592454,field_out,hit_into_play,,,,,8,"Tyler O'Neill grounds out softly, catcher Austin Wells to first baseman Ben Rice.   Jarren Duran to 3rd.",R,R,R,NYY,BOS,X,2,ground_ball,1,2,2024,-1.01,0.31,0.05,1.84,,680776,,1,10,Top,127.18,198.1,,,,,7.913414398301304,-128.16981158219343,-4.070472144374363,-12.810381915918226,26.00173031335923,-28.07032694341753,3.22,1.51,1,48.0,-71,88.9,1313,6.7,745725,669224,700250,665828,518934,683011,657077,663757,665742,53.77,0.16,0.187,0.0,1,0,0,1,76,4,Changeup,3,5,5,3,5,3,5,3,Standard,Standard,250,0.021,-0.181,73.7,8.0,0.16,0.181,88.0,-2,2,0.17,0.83,34,29,35,29,1,4,2,1,4,2,2.62,1.01,1.01,32.4
CH,2024-07-05,89.6,-2.39,5.74,"Kahnle, Tommy",641933,592454,,ball,,,,,12,"Tyler O'Neill grounds out softly, catcher Austin Wells to first baseman Ben Rice.   Jarren Duran to 3rd.",R,R,R,NYY,BOS,B,,,0,2,2024,-0.96,0.12,1.25,3.47,,680776,,1,10,Top,,,,,,,11.06541797092906,-130.08027369472788,0.1874885421985508,-13.209529525300123,28.01168898890621,-31.08885480752841,3.31,1.51,,,,89.9,1281,6.6,745725,669224,700250,665828,518934,683011,657077,663757,665742,53.86,,,,,,,,76,3,Changeup,3,5,5,3,5,3,5,3,Standard,Standard,254,0.0,0.024,,,,-0.024,,-2,2,0.17,0.83,34,29,35,29,1,4,2,1,4,2,2.74,0.96,0.96,33.4
CH,2024-07-05,88.8,-2.33,5.74,"Kahnle, Tommy",641933,592454,,swinging_strike,,,,,8,"Tyler O'Neill grounds out softly, catcher Austin Wells to first baseman Ben Rice.   Jarren Duran to 3rd.",R,R,R,NYY,BOS,S,,,0,1,2024,-0.94,0.18,-0.03,1.86,,680776,,1,10,Top,,,,,,,7.6461222437653875,-129.0445376404993,-3.8447829010817514,-12.120568720226908,26.581529540048376,-29.544613899992974,3.22,1.51,,,,89.2,1191,6.6,745725,669224,700250,665828,518934,683011,657077,663757,665742,53.91,,,,,,,,76,2,Changeup,3,5,5,3,5,3,5,3,Standard,Standard,254,0.0,-0.065,74.2,8.7,,0.065,,-2,2,0.17,0.83,34,29,35,29,1,4,2,1,4,2,2.71,0.94,0.94,34.1
CH,2024-07-05,89.0,-2.22,5.84,"Kahnle, Tommy",641933,592454,,called_strike,,,,,5,"Tyler O'Neill grounds out softly, catcher Austin Wells to first baseman Ben Rice.   Jarren Duran to 3rd.",R,R,R,NYY,BOS,S,,,0,0,2024,-0.92,-0.11,0.02,2.62,,680776,,1,10,Top,,,,,,,7.497841618535611,-129.48075531984756,-1.637269969088784,-11.921839385936527,27.166343168460926,-33.285280350217526,3.25,1.51,,,,89.6,1197,6.7,745725,669224,700250,665828,518934,683011,657077,663757,665742,53.8,,,,,,,,76,1,Changeup,3,5,5,3,5,3,5,3,Standard,Standard,254,0.0,-0.036,,,,0.036,,-2,2,0.17,0.83,34,29,35,29,1,4,2,1,4,2,2.99,0.92,0.92,36.3
CH,2024-07-05,89.5,-2.15,5.82,"Kahnle, Tommy",677800,592454,strikeout,swinging_strike,,,,,14,Wilyer Abreu strikes out swinging.,R,L,R,NYY,BOS,S,2,,0,2,2024,-1.02,0.2,0.7,1.01,,680776,,0,10,Top,,,,,,,9.257263876342783,-129.94416021570137,-6.282204921322277,-13.565920802512842,27.66836827844499,-28.696170078647423,3.4,1.62,,,,90.0,1156,6.7,745725,669224,700250,665828,518934,683011,657077,663757,665742,53.77,,0.0,0.0,1,0,0,,75,4,Changeup,3,5,5,3,5,3,5,3,Standard,Standard,249,0.034,-0.206,69.8,9.0,,0.206,,-2,2,0.136,0.864,34,25,35,25,1,1,2,1,4,1,2.66,1.02,-1.02,35.6
FF,2024-07-05,96.4,-1.53,6.14,"Kahnle, Tommy",677800,592454,,foul,,,,,9,Wilyer Abreu strikes out swinging.,R,L,R,NYY,BOS,S,,,0,2,2024,-0.43,1.56,0.68,1.56,,680776,,0,10,Top,,,,,,,6.898017357190787,-139.84935913040198,-10.153515456485676,-7.266316059140816,33.136105310643615,-9.5891120570582,3.4,1.62,122,80.2,9,96.7,2235,6.8,745725,669224,700250,665828,518934,683011,657077,663757,665742,53.75,,,,,,,,75,3,4-Seam Fastball,3,5,5,3,5,3,5,3,Standard,Standard,201,0.0,0.0,74.9,8.3,,0.0,88.0,-2,2,0.136,0.864,34,25,35,25,1,1,2,1,4,1,0.92,0.43,-0.43,48.0
CH,2024-07-05,88.5,-2.49,5.71,"Kahnle, Tommy",677800,592454,,swinging_strike,,,,,13,Wilyer Abreu strikes out swinging.,R,L,R,NYY,BOS,S,,,0,1,2024,-0.92,0.57,-0.23,0.97,,680776,,0,10,Top,,,,,,,7.470487272244774,-128.53314615542095,-6.667723793583195,-11.745996226740964,27.537622859030087,-24.65854695354509,3.4,1.62,,,,88.9,1330,6.7,745725,669224,700250,665828,518934,683011,657077,663757,665742,53.77,,,,,,,,75,2,Changeup,3,5,5,3,5,3,5,3,Standard,Standard,245,0.0,-0.067,73.9,9.1,,0.067,,-2,2,0.136,0.864,34,25,35,25,1,1,2,1,4,1,2.36,0.92,-0.92,33.2
CH,2024-07-05,87.9,-2.37,5.81,"Kahnle, Tommy",677800,592454,,called_strike,,,,,2,Wilyer Abreu strikes out swinging.,R,L,R,NYY,BOS,S,,,0,0,2024,-0.87,0.48,-0.05,3.16,,680776,,0,10,Top,,,,,,,7.468037958807316,-127.80688639428551,-1.3065967204884803,-11.056070447688455,26.359185782749275,-26.84147898813819,3.26,1.51,,,,88.6,1267,6.8,745725,669224,700250,665828,518934,683011,657077,663757,665742,53.71,,,,,,,,75,1,Changeup,3,5,5,3,5,3,5,3,Standard,Standard,247,0.0,-0.035,,,,0.035,,-2,2,0.136,0.864,34,25,35,25,1,1,2,1,4,1,2.47,0.87,-0.87,35.0
CH,2024-07-05,90.3,-2.14,5.8,"Kahnle, Tommy",680776,592454,double,hit_into_play,,,,,7,Jarren Duran doubles (24) on a ground ball to left fielder Alex Verdugo.,R,L,R,NYY,BOS,X,7,ground_ball,1,2,2024,-0.84,0.09,-0.36,2.27,,,,0,10,Top,70.57,142.37,,,,,6.265300428805067,-131.43652038217218,-3.0862565060756557,-10.992703815866417,26.495607186207337,-30.645964079810856,3.62,1.74,135,80.0,9,91.0,1306,6.6,745725,669224,700250,665828,518934,683011,657077,663757,665742,53.89,0.386,0.365,1.25,1,1,1,4,74,4,Changeup,3,5,5,3,5,3,5,3,Infield shade,Standard,247,-0.051,0.761,69.8,7.0,0.448,-0.761,88.0,-2,2,0.187,0.813,34,27,35,28,1,4,2,1,4,1,2.69,0.84,-0.84,38.6
FF,2024-07-05,96.3,-1.9,6.11,"Kahnle, Tommy",680776,592454,,swinging_strike,,,,,11,Jarren Duran doubles (24) on a ground ball to left fielder Alex Verdugo.,R,L,R,NYY,BOS,S,,,1,1,2024,-0.31,1.32,-0.18,3.82,,,,0,10,Top,,,,,,,5.290002951178206,-140.06952858655913,-3.5045836270927886,-5.298408519580473,32.59850572977141,-14.210541126148843,3.62,1.74,,,,96.5,2205,6.5,745725,669224,700250,665828,518934,683011,657077,663757,665742,54.0,,,,,,,,74,3,4-Seam Fastball,3,5,5,3,5,3,5,3,Infield shade,Standard,209,0.0,-0.056,70.0,6.6,,0.056,,-2,2,0.187,0.813,34,27,35,28,1,4,2,1,4,1,1.14,0.31,-0.31,46.2
CH,2024-07-05,90.1,-2.28,5.81,"Kahnle, Tommy",680776,592454,,called_strike,,,,,3,Jarren Duran doubles (24) on a ground ball to left fielder Alex Verdugo.,R,L,R,NYY,BOS,S,,,1,0,2024,-0.94,0.22,0.41,3.1,,,,0,10,Top,,,,,,,8.732562653648507,-130.9682683198255,-1.1988489434151126,-12.705727462334876,28.593706304620422,-29.641133498996968,3.28,1.74,,,,90.5,1267,6.6,745725,669224,700250,665828,518934,683011,657077,663757,665742,53.85,,,,,,,,74,2,Changeup,3,5,5,3,5,3,5,3,Infield shade,Standard,248,0.0,-0.049,,,,0.049,,-2,2,0.187,0.813,34,27,35,28,1,4,2,1,4,1,2.6,0.94,-0.94,34.3
CH,2024-07-05,89.7,-2.17,5.92,"Kahnle, Tommy",680776,592454,,ball,,,,,11,Jarren Duran doubles (24) on a ground ball to left fielder Alex Verdugo.,R,L,R,NYY,BOS,B,,,0,0,2024,-1.07,0.29,-0.54,3.78,,,,0,10,Top,,,,,,,6.382612726074185,-130.47712088752473,0.0975121541042881,-13.585834165437756,26.858038338366168,-29.044569251637174,3.23,1.52,,,,90.7,1286,6.9,745725,669224,700250,665828,518934,683011,657077,663757,665742,53.63,,,,,,,,74,1,Changeup,3,5,5,3,5,3,5,3,Infield shade,Standard,249,0.0,0.038,,,,-0.038,,-2,2,0.187,0.813,34,27,35,28,1,4,2,1,4,1,2.54,1.07,-1.07,36.5
FF,2024-07-05,95.0,-1.93,6.15,"Kahnle, Tommy",678882,592454,home_run,hit_into_play,,,,,5,Ceddanne Rafaela homers (10) on a fly ball to center field.   David Hamilton scores.,R,R,R,NYY,BOS,X,,fly_ball,1,0,2024,-0.38,1.33,0.27,2.42,,666152,,0,10,Top,140.97,32.86,,,,,6.669244803312249,-138.14729685044122,-7.166308600479453,-6.27299193828753,29.771126146161414,-13.728306167299133,3.28,1.54,412,103.3,28,95.9,2158,6.8,745725,669224,700250,665828,518934,683011,657077,663757,665742,53.71,0.777,1.524,2.0,1,0,3,6,73,2,4-Seam Fastball,3,3,3,3,5,3,5,3,Strategic,Standard,206,-0.313,0.979,74.6,7.6,2.919,-0.979,103.3,0,0,0.5,0.5,34,23,35,24,1,3,2,1,4,1,1.19,0.38,0.38,45.2
FF,2024-07-05,94.2,-1.97,6.13,"Kahnle, Tommy",678882,592454,,ball,,,,,13,Ceddanne Rafaela homers (10) on a fly ball to center field.   David Hamilton scores.,R,R,R,NYY,BOS,B,,,0,0,2024,-0.23,1.25,-0.27,1.05,,666152,,0,10,Top,,,,,,,4.965644803043004,-136.80058518654192,-10.301939910715468,-3.9862240847834873,28.89928043644454,-14.43367029267026,3.27,1.54,,,,94.9,2145,6.7,745725,669224,700250,665828,518934,683011,657077,663757,665742,53.79,,,,,,,,73,1,4-Seam Fastball,3,3,3,3,3,3,3,3,Strategic,Standard,207,0.0,0.038,,,,-0.038,,0,0,0.5,0.5,34,23,35,24,1,3,2,1,4,1,1.32,0.23,0.23,47.4
FF,2024-07-03,95.5,-1.77,6.09,"Kahnle, Tommy",600869,592454,field_out,hit_into_play,,,,,2,Jeimer Candelario pops out to third baseman DJ LeMahieu in foul territory.,R,L,R,NYY,CIN,X,5,popup,1,2,2024,0.1,1.34,0.03,3.52,,,,2,8,Top,76.6,167.95,,,,,4.561003116545016,-139.04206741288814,-4.19623258298695,0.1825751817499989,32.165808283371,-14.047859942919256,3.43,1.64,147,71.1,64,96.0,2251,6.6,745728,669224,605204,650402,518934,683011,657077,592450,665742,53.88,0.003,0.003,0.0,1,0,0,3,60,4,4-Seam Fastball,2,3,3,2,3,2,3,2,Infield shade,Standard,200,0.012,-0.18,62.0,6.6,0.003,0.18,88.0,-1,1,0.285,0.715,34,30,35,31,1,3,1,1,2,1,1.16,-0.1,0.1,50.8
CH,2024-07-03,88.7,-2.55,5.64,"Kahnle, Tommy",600869,592454,,foul,,,,,13,Jeimer Candelario pops out to third baseman DJ LeMahieu in foul territory.,R,L,R,NYY,CIN,S,,,1,1,2024,-0.99,0.02,-1.14,2.05,,,,2,8,Top,,,,,,,5.579078587157691,-129.03209998432976,-2.7660892382877265,-12.25537890604154,26.987984137224895,-31.52369440709189,3.43,1.64,196,70.8,47,89.5,1343,6.8,745728,669224,605204,650402,518934,683011,657077,592450,665742,53.68,,,,,,,,60,3,Changeup,2,3,3,2,3,2,3,2,Infield shade,Standard,249,0.0,-0.064,67.8,7.4,,0.064,88.0,-1,1,0.285,0.715,34,30,35,31,1,3,1,1,2,1,2.88,0.99,-0.99,34.2
CH,2024-07-03,89.0,-2.5,5.67,"Kahnle, Tommy",600869,592454,,ball,,,,,13,Jeimer Candelario pops out to third baseman DJ LeMahieu in foul territory.,R,L,R,NYY,CIN,B,,,0,1,2024,-1.11,0.17,-0.26,0.85,,,,2,8,Top,,,,,,,7.889189462621618,-129.37762742161908,-6.224838452769513,-14.133634600986731,25.806749404489572,-29.117380863913624,3.24,1.59,,,,89.8,1477,6.7,745728,669224,605204,650402,518934,683011,657077,592450,665742,53.77,,,,,,,,60,2,Changeup,2,3,3,2,3,2,3,2,Infield shade,Standard,246,0.0,0.029,,,,-0.029,,-1,1,0.285,0.715,34,30,35,31,1,3,1,1,2,1,2.7,1.11,-1.11,33.9
FF,2024-07-03,94.9,-2.15,5.93,"Kahnle, Tommy",600869,592454,,called_strike,,,,,4,Jeimer Candelario pops out to third baseman DJ LeMahieu in foul territory.,R,L,R,NYY,CIN,S,,,0,0,2024,-0.5,1.44,-0.3,2.13,,,,2,8,Top,,,,,,,5.989352786203701,-137.9582628245295,-7.590704781919142,-7.659909683672567,28.98549906485599,-12.254417177421765,3.19,1.43,,,,95.9,2204,6.8,745728,669224,605204,650402,518934,683011,657077,592450,665742,53.69,,,,,,,,60,1,4-Seam Fastball,2,3,3,2,3,2,3,2,Infield shade,Standard,210,0.0,-0.041,,,,0.041,,-1,1,0.285,0.715,34,30,35,31,1,3,1,1,2,1,1.08,0.5,-0.5,46.0
CH,2024-07-03,90.5,-2.46,5.71,"Kahnle, Tommy",682829,592454,field_out,hit_into_play,,,,,8,"Elly De La Cruz grounds out, first baseman J.  D. Davis to pitcher Tommy Kahnle.",R,L,R,NYY,CIN,X,3,ground_ball,2,2,2024,-0.72,0.6,-0.11,2.28,,,,1,8,Top,154.48,170.26,,,,,7.494188369184348,-131.67012779338822,-3.9712568377013744,-9.951828991727716,26.44584611423489,-24.554071114492743,3.71,1.73,4,91.0,-30,91.5,1247,6.8,745728,669224,605204,650402,518934,683011,657077,592450,665742,53.71,0.06,0.07,0.0,1,0,0,2,59,5,Changeup,2,3,3,2,3,2,3,2,Infield shade,Standard,243,0.016,-0.225,83.4,7.3,0.071,0.225,91.0,-1,1,0.269,0.731,34,22,35,22,1,3,1,1,2,1,2.17,0.72,-0.72,33.9
CH,2024-07-03,88.6,-2.45,5.67,"Kahnle, Tommy",682829,592454,,ball,,,,,13,"Elly De La Cruz grounds out, first baseman J.  D. Davis to pitcher Tommy Kahnle.",R,L,R,NYY,CIN,B,,,1,2,2024,-0.89,0.12,-1.21,0.55,,,,1,8,Top,,,,,,,4.932420626434977,-128.8631820817849,-6.724731516967845,-10.970946335714927,26.716944377647323,-29.649856573018784,3.66,1.74,,,,89.4,1316,6.8,745728,669224,605204,650402,518934,683011,657077,592450,665742,53.71,,,,,,,,59,4,Changeup,2,3,3,2,3,2,3,2,Infield shade,Standard,253,0.0,0.043,,,,-0.043,,-1,1,0.269,0.731,34,22,35,22,1,3,1,1,2,1,2.79,0.89,-0.89,32.2
CH,2024-07-03,88.9,-2.51,5.66,"Kahnle, Tommy",682829,592454,,called_strike,,,,,13,"Elly De La Cruz grounds out, first baseman J.  D. Davis to pitcher Tommy Kahnle.",R,L,R,NYY,CIN,S,,,1,1,2024,-0.95,-0.08,-1.02,2.31,,,,1,8,Top,,,,,,,5.678827762691816,-129.37716887155656,-2.034318294467563,-11.883898949171105,26.56687869847272,-32.82498834638664,3.71,1.75,,,,89.5,1281,6.6,745728,669224,605204,650402,518934,683011,657077,592450,665742,53.9,,,,,,,,59,3,Changeup,2,3,3,2,3,2,3,2,Infield shade,Standard,251,0.0,-0.061,,,,0.061,,-1,1,0.269,0.731,34,22,35,22,1,3,1,1,2,1,2.96,0.95,-0.95,34.0
CH,2024-07-03,89.4,-2.21,5.71,"Kahnle, Tommy",682829,592454,,foul,,,,,13,"Elly De La Cruz grounds out, first baseman J.  D. Davis to pitcher Tommy Kahnle.",R,L,R,NYY,CIN,S,,,1,0,2024,-1.07,0.18,-0.08,1.5,,,,1,8,Top,,,,,,,7.537379486973462,-129.89690577043555,-4.724045064160715,-13.670608393545848,28.291633635988664,-29.336237767039655,3.71,1.73,2,63.4,-40,89.7,1363,6.6,745728,669224,605204,650402,518934,683011,657077,592450,665742,53.86,,,,,,,,59,2,Changeup,2,3,3,2,3,2,3,2,Infield shade,Standard,247,0.0,-0.051,74.7,7.7,,0.051,88.0,-1,1,0.269,0.731,34,22,35,22,1,3,1,1,2,1,2.69,1.07,-1.07,31.8
CH,2024-07-03,89.3,-2.34,5.72,"Kahnle, Tommy",682829,592454,,ball,,,,,14,"Elly De La Cruz grounds out, first baseman J.  D. Davis to pitcher Tommy Kahnle.",R,L,R,NYY,CIN,B,,,0,0,2024,-1.04,0.37,0.67,1.35,,,,1,8,Top,,,,,,,9.672197347348092,-129.67337822870397,-5.526031075988099,-13.77228903039858,28.020470771032432,-26.97240383461205,3.52,1.77,,,,89.8,1362,6.8,745728,669224,605204,650402,518934,683011,657077,592450,665742,53.73,,,,,,,,59,1,Changeup,2,3,3,2,3,2,3,2,Infield shade,Standard,247,0.0,0.039,,,,-0.039,,-1,1,0.269,0.731,34,22,35,22,1,3,1,1,2,1,2.51,1.04,-1.04,33.3
CH,2024-07-03,90.5,-2.47,5.67,"Kahnle, Tommy",663697,592454,strikeout,swinging_strike,,,,,7,Jonathan India strikes out swinging.,R,R,R,NYY,CIN,S,2,,2,2,2024,-0.99,0.02,-0.55,1.66,,,,0,8,Top,,,,,,,6.950690308952933,-131.54597779871835,-4.112542779397328,-12.9844568162802,28.67066437955307,-31.24066498877451,3.26,1.48,,,,91.1,1350,6.8,745728,669224,605204,650402,518934,683011,657077,592450,665742,53.75,,0.0,0.0,1,0,0,,58,6,Changeup,2,3,3,2,3,2,3,2,Standard,Standard,249,0.022,-0.227,74.8,8.3,,0.227,,-1,1,0.247,0.753,34,27,35,28,1,3,1,1,2,1,2.78,0.99,0.99,33.3
CH,2024-07-03,90.5,-2.39,5.64,"Kahnle, Tommy",663697,592454,,ball,,,,,13,Jonathan India strikes out swinging.,R,R,R,NYY,CIN,B,,,1,2,2024,-1.04,0.02,-0.89,0.92,,,,0,8,Top,,,,,,,6.014682485288757,-131.59531418876665,-5.9274387844783885,-13.388139093181591,28.75120674889085,-30.783277675478807,3.26,1.57,,,,91.1,1242,6.8,745728,669224,605204,650402,518934,683011,657077,592450,665742,53.71,,,,,,,,58,5,Changeup,2,3,3,2,3,2,3,2,Standard,Standard,250,0.0,0.04,,,,-0.04,,-1,1,0.247,0.753,34,27,35,28,1,3,1,1,2,1,2.77,1.04,1.04,32.8
SL,2024-07-03,86.1,-2.21,5.86,"Kahnle, Tommy",663697,592454,,foul,,,,,8,Jonathan India strikes out swinging.,R,R,R,NYY,CIN,S,,,1,2,2024,0.46,0.12,-0.2,1.41,,,,0,8,Top,,,,,,,3.839579458506395,-125.40061229361312,-4.629773582999991,4.172090615975439,24.00535411058944,-30.19363276794392,3.26,1.48,3,67.7,-23,86.7,2324,6.5,745728,669224,605204,650402,518934,683011,657077,592450,665742,53.99,,,,,,,,58,4,Slider,2,3,3,2,3,2,3,2,Standard,Standard,121,0.0,0.0,67.5,7.8,,0.0,88.0,-1,1,0.247,0.753,34,27,35,28,1,3,1,1,2,1,2.93,-0.46,-0.46,41.8
CH,2024-07-03,89.5,-2.34,5.75,"Kahnle, Tommy",663697,592454,,foul,,,,,4,Jonathan India strikes out swinging.,R,R,R,NYY,CIN,S,,,1,1,2024,-0.79,0.12,-0.34,2.33,,,,0,8,Top,,,,,,,6.657456083725748,-130.3066026708736,-2.735746261777442,-10.397116878499403,25.408239984983364,-30.431695913594623,3.26,1.48,4,81.8,-31,90.3,1353,6.6,745728,669224,605204,650402,518934,683011,657077,592450,665742,53.92,,,,,,,,58,3,Changeup,2,3,3,2,3,2,3,2,Standard,Standard,247,0.0,-0.056,77.5,7.9,,0.056,88.0,-1,1,0.247,0.753,34,27,35,28,1,3,1,1,2,1,2.7,0.79,0.79,32.2
FF,2024-07-03,95.7,-2.05,5.91,"Kahnle, Tommy",663697,592454,,ball,,,,,14,Jonathan India strikes out swinging.,R,R,R,NYY,CIN,B,,,0,1,2024,-0.5,1.29,1.33,1.93,,,,0,8,Top,,,,,,,10.135596287370742,-138.90324604325775,-7.882213650766819,-8.629247326436829,28.55858189177208,-13.84520915801516,3.26,1.42,,,,96.7,2204,6.8,745728,669224,605204,650402,518934,683011,657077,592450,665742,53.66,,,,,,,,58,2,4-Seam Fastball,2,3,3,2,3,2,3,2,Standard,Standard,210,0.0,0.025,,,,-0.025,,-1,1,0.247,0.753,34,27,35,28,1,3,1,1,2,1,1.19,0.5,0.5,43.1
SL,2024-07-03,87.8,-2.27,5.89,"Kahnle, Tommy",663697,592454,,swinging_strike,,,,,14,Jonathan India strikes out swinging.,R,R,R,NYY,CIN,S,,,0,0,2024,0.65,0.46,0.95,1.33,,,,0,8,Top,,,,,,,6.481324345619024,-127.84756491488224,-5.998180736122656,6.10847157049319,22.584369072153237,-26.17751222707676,3.26,1.48,,,,88.9,2330,6.6,745728,669224,605204,650402,518934,683011,657077,592450,665742,53.91,,,,,,,,58,1,Slider,2,3,3,2,3,2,3,2,Standard,Standard,163,0.0,-0.037,35.4,7.4,,0.037,,-1,1,0.247,0.753,34,27,35,28,1,3,1,1,2,1,2.46,-0.65,-0.65,40.0
SL,2024-07-02,85.9,-2.21,6.01,"Kahnle, Tommy",663886,592454,field_out,hit_into_play,,,,,5,Tyler Stephenson flies out to center fielder Trent Grisham.,R,R,R,NYY,CIN,X,8,fly_ball,0,1,2024,0.33,0.31,0.14,2.62,,,600869,2,7,Top,154.89,71.43,,,,,4.909945072549548,-125.11107667797074,-2.4644878809473303,2.572084267463883,23.27983469554471,-28.648015895449,3.25,1.56,324,95.1,40,86.4,2298,6.4,745730,624431,700250,650402,518934,683011,657077,663757,665742,54.08,0.046,0.086,0.0,1,0,0,3,59,2,Slider,3,5,5,3,5,3,5,3,Standard,Standard,160,0.016,-0.224,73.7,7.9,0.16,0.224,95.1,-2,2,0.193,0.807,34,27,35,28,1,3,4,6,1,1,2.76,-0.33,-0.33,40.6
FF,2024-07-02,93.4,-1.9,6.13,"Kahnle, Tommy",663886,592454,,called_strike,,,,,9,Tyler Stephenson flies out to center fielder Trent Grisham.,R,R,R,NYY,CIN,S,,,0,0,2024,-0.19,1.25,0.42,1.91,,,600869,2,7,Top,,,,,,,6.444416727519854,-135.84159303834883,-7.988960327557242,-3.663888294983034,26.785038843866747,-15.096955867605908,3.35,1.51,,,,94.4,2201,6.7,745730,624431,700250,650402,518934,683011,657077,663757,665742,53.82,,,,,,,,59,1,4-Seam Fastball,3,5,5,3,5,3,5,3,Standard,Standard,207,0.0,-0.047,,,,0.047,,-2,2,0.193,0.807,34,27,35,28,1,3,4,6,1,1,1.34,0.19,0.19,47.1
CH,2024-07-02,87.9,-2.44,5.84,"Kahnle, Tommy",668715,592454,strikeout,swinging_strike,,,,,8,Spencer Steer strikes out swinging.,R,R,R,NYY,CIN,S,2,,2,2,2024,-0.78,0.11,0.06,1.72,,,600869,1,7,Top,,,,,,,7.737965790679047,-127.79176035612694,-4.158823088173641,-10.116157625554749,24.41698245051381,-30.37278357806244,3.34,1.6,,,,88.8,1330,6.7,745730,624431,700250,650402,518934,683011,657077,663757,665742,53.76,,0.0,0.0,1,0,0,,58,6,Changeup,3,5,5,3,5,3,5,3,Standard,Standard,253,0.019,-0.229,74.9,8.2,,0.229,,-2,2,0.174,0.826,34,26,35,27,1,3,4,2,1,1,2.83,0.78,0.78,33.8
CH,2024-07-02,87.2,-2.06,5.78,"Kahnle, Tommy",668715,592454,,blocked_ball,,,,,14,Spencer Steer strikes out swinging.,R,R,R,NYY,CIN,B,,,1,2,2024,-1.08,-0.17,0.57,0.34,,,600869,1,7,Top,,,,,,,8.544521558813061,-126.52416002519868,-6.527131411982048,-13.35656876259578,27.40950015983382,-32.73938119934431,3.37,1.58,,,,87.2,1418,6.6,745730,624431,700250,650402,518934,683011,657077,663757,665742,53.88,,,,,,,,58,5,Changeup,3,5,5,3,5,3,5,3,Standard,Standard,251,0.0,0.048,,,,-0.048,,-2,2,0.174,0.826,34,26,35,27,1,3,4,2,1,1,3.2,1.08,1.08,36.9
SL,2024-07-02,83.6,-2.06,5.99,"Kahnle, Tommy",668715,592454,,foul,,,,,6,Spencer Steer strikes out swinging.,R,R,R,NYY,CIN,S,,,1,2,2024,0.82,0.24,0.35,2.22,,,600869,1,7,Top,,,,,,,3.983451361093148,-121.69254886941292,-2.7821247440066066,7.3717805394883476,23.023630566579087,-29.41925699986411,3.34,1.6,5,90.5,-26,84.1,2336,6.5,745730,624431,700250,650402,518934,683011,657077,663757,665742,54.0,,,,,,,,58,4,Slider,3,5,5,3,5,3,5,3,Standard,Standard,116,0.0,0.0,70.1,8.0,,0.0,90.5,-2,2,0.174,0.826,34,26,35,27,1,3,4,2,1,1,3.01,-0.82,-0.82,45.6
CH,2024-07-02,86.8,-2.26,5.86,"Kahnle, Tommy",668715,592454,,called_strike,,,,,3,Spencer Steer strikes out swinging.,R,R,R,NYY,CIN,S,,,1,1,2024,-0.73,0.2,0.32,3.38,,,600869,1,7,Top,,,,,,,7.702772901268007,-126.30038055790456,-0.1680380928901387,-9.300401389121996,24.522044859288133,-30.211084295561577,3.3,1.51,,,,87.5,1204,6.6,745730,624431,700250,650402,518934,683011,657077,663757,665742,53.85,,,,,,,,58,3,Changeup,3,5,5,3,5,3,5,3,Standard,Standard,253,0.0,-0.059,,,,0.059,,-2,2,0.174,0.826,34,26,35,27,1,3,4,2,1,1,2.81,0.73,0.73,35.8
CH,2024-07-02,88.2,-2.38,5.76,"Kahnle, Tommy",668715,592454,,ball,,,,,1,Spencer Steer strikes out swinging.,R,R,R,NYY,CIN,B,,,0,1,2024,-0.76,0.09,-0.3,3.45,,,600869,1,7,Top,,,,,,,6.6680146881080224,-128.2564229516885,0.2907634180066429,-9.797400117506198,26.32864742296206,-31.41228680145334,3.34,1.51,,,,88.8,1226,6.7,745730,624431,700250,650402,518934,683011,657077,663757,665742,53.83,,,,,,,,58,2,Changeup,3,5,5,3,5,3,5,3,Standard,Standard,253,0.0,0.029,,,,-0.029,,-2,2,0.174,0.826,34,26,35,27,1,3,4,2,1,1,2.84,0.76,0.76,35.9
SL,2024-07-02,84.9,-2.36,6.0,"Kahnle, Tommy",668715,592454,,called_strike,,,,,2,Spencer Steer strikes out swinging.,R,R,R,NYY,CIN,S,,,0,0,2024,0.4,0.5,-0.1,3.15,,,600869,1,7,Top,,,,,,,4.502186317903613,-123.6517173375618,-1.4028664044111951,3.2805610584185465,22.894315621443223,-26.968678823746565,3.34,1.51,,,,85.6,2209,6.5,745730,624431,700250,650402,518934,683011,657077,663757,665742,53.96,,,,,,,,58,1,Slider,3,5,5,3,5,3,5,3,Standard,Standard,136,0.0,-0.04,,,,0.04,,-2,2,0.174,0.826,34,26,35,27,1,3,4,2,1,1,2.64,-0.4,-0.4,41.2
CH,2024-07-02,87.4,-2.49,5.71,"Kahnle, Tommy",600869,592454,single,hit_into_play,,,,,13,Jeimer Candelario singles on a sharp line drive to right fielder Juan Soto.,R,L,R,NYY,CIN,X,9,line_drive,1,2,2024,-0.9,0.12,-1.14,2.03,,,,1,7,Top,152.8,79.44,,,,,5.146788016293525,-127.29227852621467,-3.0154172397115193,-10.82966047457182,24.653152222532373,-30.43074889309168,3.42,1.65,209,100.5,12,88.2,1181,6.6,745730,624431,700250,650402,518934,683011,657077,663757,665742,53.92,0.946,0.922,0.9,1,1,0,4,57,4,Changeup,3,5,5,3,5,3,5,3,Infield shade,Standard,252,-0.016,0.495,69.2,7.9,1.165,-0.495,100.5,-2,2,0.19,0.81,34,30,35,31,1,3,4,2,1,1,2.84,0.9,-0.9,33.5
CH,2024-07-02,87.4,-2.4,5.74,"Kahnle, Tommy",600869,592454,,swinging_strike,,,,,13,Jeimer Candelario singles on a sharp line drive to right fielder Juan Soto.,R,L,R,NYY,CIN,S,,,1,1,2024,-1.03,-0.23,-0.65,1.22,,,,1,7,Top,,,,,,,6.395631122876221,-127.1820006043556,-4.337862832885575,-12.508702351467493,25.45485397298313,-33.9519824296451,3.42,1.65,,,,88.3,1373,6.8,745730,624431,700250,650402,518934,683011,657077,663757,665742,53.72,,,,,,,,57,3,Changeup,3,5,5,3,5,3,5,3,Infield shade,Standard,252,0.0,-0.061,67.0,8.9,,0.061,,-2,2,0.19,0.81,34,30,35,31,1,3,4,2,1,1,3.2,1.03,-1.03,32.7
CH,2024-07-02,88.2,-2.51,5.64,"Kahnle, Tommy",600869,592454,,swinging_strike,,,,,14,Jeimer Candelario singles on a sharp line drive to right fielder Juan Soto.,R,L,R,NYY,CIN,S,,,1,0,2024,-0.91,0.1,0.03,1.1,,,,1,7,Top,,,,,,,8.111011955940844,-128.1631782560046,-5.231373285323885,-11.647320088115,24.943235041305233,-30.15966400578442,3.42,1.65,,,,88.9,1333,6.7,745730,624431,700250,650402,518934,683011,657077,663757,665742,53.83,,,,,,,,57,2,Changeup,3,5,5,3,5,3,5,3,Infield shade,Standard,256,0.0,-0.051,65.3,8.9,,0.051,,-2,2,0.19,0.81,34,30,35,31,1,3,4,2,1,1,2.82,0.91,-0.91,31.7
CH,2024-07-02,87.5,-2.37,5.65,"Kahnle, Tommy",600869,592454,,ball,,,,,9,Jeimer Candelario singles on a sharp line drive to right fielder Juan Soto.,R,L,R,NYY,CIN,B,,,0,0,2024,-0.92,0.41,0.8,1.94,,,,1,7,Top,,,,,,,9.623817083886902,-127.17057837902918,-3.7197362987562226,-11.860956834103492,24.55855291197871,-27.141130098127036,3.18,1.42,,,,88.5,1316,6.9,745730,624431,700250,650402,518934,683011,657077,663757,665742,53.65,,,,,,,,57,1,Changeup,3,5,5,3,5,3,5,3,Infield shade,Standard,255,0.0,0.039,,,,-0.039,,-2,2,0.19,0.81,34,30,35,31,1,3,4,2,1,1,2.56,0.92,-0.92,31.8
CH,2024-07-02,87.6,-2.22,5.79,"Kahnle, Tommy",682829,592454,strikeout,swinging_strike,,,,,14,Elly De La Cruz strikes out swinging.,R,L,R,NYY,CIN,S,2,,1,2,2024,-1.02,-0.08,0.41,0.95,,,,0,7,Top,,,,,,,8.495604402958437,-127.30329886658907,-5.431412084953242,-12.745860962158396,24.84179781353291,-32.15391556817304,3.71,1.76,,,,88.5,1328,6.8,745730,624431,700250,650402,518934,683011,657077,663757,665742,53.72,,0.0,0.0,1,0,0,,56,4,Changeup,3,5,5,3,5,3,5,3,Infield shade,Standard,251,0.014,-0.186,40.9,6.6,,0.186,,-2,2,0.176,0.824,34,22,35,22,1,3,4,2,1,1,3.05,1.02,-1.02,38.2
CH,2024-07-02,88.7,-2.47,5.8,"Kahnle, Tommy",682829,592454,,ball,,,,,14,Elly De La Cruz strikes out swinging.,R,L,R,NYY,CIN,B,,,0,2,2024,-1.19,0.11,0.81,0.14,,,,0,7,Top,,,,,,,10.548507121015655,-128.66620239259598,-8.036317530723036,-15.393381033094474,25.31006585170549,-29.484729534957395,3.84,1.68,,,,89.2,1215,6.7,745730,624431,700250,650402,518934,683011,657077,663757,665742,53.84,,,,,,,,56,3,Changeup,3,5,5,3,5,3,5,3,Infield shade,Standard,246,0.0,0.023,,,,-0.023,,-2,2,0.176,0.824,34,22,35,22,1,3,4,2,1,1,2.8,1.19,-1.19,35.1
FF,2024-07-02,94.1,-1.98,5.99,"Kahnle, Tommy",682829,592454,,swinging_strike,,,,,12,Elly De La Cruz strikes out swinging.,R,L,R,NYY,CIN,S,,,0,1,2024,-0.76,1.3,0.21,3.87,,,,0,7,Top,,,,,,,7.386319279893546,-136.88249803166215,-2.685006020218165,-11.181109851095998,29.0650129390395,-15.426436951769947,3.71,1.76,,,,94.6,2137,6.5,745730,624431,700250,650402,518934,683011,657077,663757,665742,53.99,,,,,,,,56,2,4-Seam Fastball,3,5,5,3,5,3,5,3,Infield shade,Standard,212,0.0,-0.054,72.6,6.2,,0.054,,-2,2,0.176,0.824,34,22,35,22,1,3,4,2,1,1,1.27,0.76,-0.76,43.7
CH,2024-07-02,88.5,-2.35,5.79,"Kahnle, Tommy",682829,592454,,called_strike,,,,,5,Elly De La Cruz strikes out swinging.,R,L,R,NYY,CIN,S,,,0,0,2024,-1.14,0.22,0.16,2.31,,,,0,7,Top,,,,,,,8.564038131990557,-128.63333570910558,-2.9429064959305045,-14.338051897191862,24.716674014377578,-29.338457657872812,3.59,1.65,,,,89.4,1406,6.8,745730,624431,700250,650402,518934,683011,657077,663757,665742,53.73,,,,,,,,56,1,Changeup,3,5,5,3,5,3,5,3,Infield shade,Standard,248,0.0,-0.037,,,,0.037,,-2,2,0.176,0.824,34,22,35,22,1,3,4,2,1,1,2.68,1.14,-1.14,35.4
CH,2024-06-28,86.9,-2.36,5.66,"Kahnle, Tommy",643396,592454,grounded_into_double_play,hit_into_play,,,,,8,"Isiah Kiner-Falefa grounds into a double play, third baseman Oswaldo Cabrera to second baseman Gleyber Torres to first baseman DJ LeMahieu. Danny Jansen out at 2nd. Isiah Kiner-Falefa out at 1st.",R,R,R,TOR,NYY,X,5,ground_ball,0,1,2024,-0.97,0.09,0.14,1.93,,,643376,1,8,Bot,108.98,176.64,,,,,8.045369783559158,-126.27409906687484,-2.917804099368035,-12.101489680655664,27.05605316192881,-30.810581474152084,3.27,1.49,6,88.2,-20,87.3,1372,6.8,744922,624431,518934,650402,665828,683011,657077,592450,665742,53.74,0.08,0.084,0.0,1,0,0,2,71,2,Changeup,5,9,5,9,9,5,5,9,Standard,Standard,249,-0.027,-0.273,71.0,6.9,0.102,0.273,88.2,-4,-4,0.04,0.04,34,29,35,29,1,3,3,1,4,1,2.95,0.97,0.97,35.6
CH,2024-06-28,87.9,-2.39,5.64,"Kahnle, Tommy",643396,592454,,called_strike,,,,,9,"Isiah Kiner-Falefa grounds into a double play, third baseman Oswaldo Cabrera to second baseman Gleyber Torres to first baseman DJ LeMahieu. Danny Jansen out at 2nd. Isiah Kiner-Falefa out at 1st.",R,R,R,TOR,NYY,S,,,0,0,2024,-0.92,0.17,0.46,1.77,,,643376,1,8,Bot,,,,,,,8.89178183478301,-127.70415453277508,-3.613367932807719,-11.981063797287035,27.14495298142044,-29.716928863371415,3.14,1.36,,,,88.5,1242,6.8,744922,624431,518934,650402,665828,683011,657077,592450,665742,53.71,,,,,,,,71,1,Changeup,5,9,5,9,9,5,5,9,Standard,Standard,249,0.0,-0.04,,,,0.04,,-4,-4,0.04,0.04,34,29,35,29,1,3,3,1,4,1,2.8,0.92,0.92,33.1
CH,2024-06-28,89.0,-2.34,5.7,"Kahnle, Tommy",680718,592454,strikeout,called_strike,,,,,13,Addison Barger called out on strikes.,R,L,R,TOR,NYY,S,2,,0,2,2024,-0.93,0.04,-0.89,2.02,,,643376,0,8,Bot,,,,,,,5.525356080715618,-129.45283571121928,-3.0954832246875954,-11.56664450448436,27.187262263269368,-31.247941467252925,3.72,1.73,,,,89.4,1286,6.6,744922,624431,518934,650402,665828,683011,657077,592450,665742,53.95,,0.0,0.0,1,0,0,,70,3,Changeup,5,9,5,9,9,5,5,9,Infield shade,Standard,249,-0.026,-0.15,,,,0.15,,-4,-4,0.066,0.066,34,24,35,25,1,3,3,2,4,3,2.84,0.93,-0.93,36.4
CH,2024-06-28,88.3,-2.44,5.58,"Kahnle, Tommy",680718,592454,,swinging_strike,,,,,13,Addison Barger called out on strikes.,R,L,R,TOR,NYY,S,,,0,1,2024,-1.0,0.19,-0.64,1.28,,,643376,0,8,Bot,,,,,,,6.533880935943318,-128.40731966471714,-4.759416566620365,-12.46309946820116,27.89998216553253,-29.221032949225116,3.74,1.75,,,,88.7,1272,6.7,744922,624431,518934,650402,665828,683011,657077,592450,665742,53.82,,,,,,,,70,2,Changeup,5,9,5,9,9,5,5,9,Infield shade,Standard,258,0.0,-0.048,74.2,8.0,,0.048,,-4,-4,0.066,0.066,34,24,35,25,1,3,3,2,4,3,2.75,1.0,-1.0,30.4
CH,2024-06-28,87.6,-2.4,5.62,"Kahnle, Tommy",680718,592454,,foul,,,,,7,Addison Barger called out on strikes.,R,L,R,TOR,NYY,S,,,0,0,2024,-1.13,0.36,-0.65,2.27,,,643376,0,8,Bot,,,,,,,6.6053802628682226,-127.43093038588194,-2.726429075085654,-13.65231090577632,25.1920199992206,-27.9207605347458,3.74,1.75,1,38.0,-67,88.2,1427,6.6,744922,624431,518934,650402,665828,683011,657077,592450,665742,53.9,,,,,,,,70,1,Changeup,5,9,5,9,9,5,5,9,Standard,Standard,255,0.0,-0.042,75.6,8.5,,0.042,88.0,-4,-4,0.066,0.066,34,24,35,25,1,3,3,2,4,3,2.61,1.13,-1.13,31.1
FF,2024-06-28,95.0,-2.01,5.75,"Kahnle, Tommy",643376,592454,single,hit_into_play,,,,,8,Danny Jansen singles on a ground ball to left fielder Alex Verdugo.,R,R,R,TOR,NYY,X,7,ground_ball,3,2,2024,-0.04,0.95,0.05,2.0,,,,0,8,Bot,70.45,140.85,,,,,5.514710838048494,-138.1648809096125,-6.3097153736442095,-1.7546146679348829,31.30267584338295,-18.759537182824364,3.34,1.57,8,83.1,-14,95.5,2144,6.7,744922,624431,518934,650402,665828,683011,657077,592450,665742,53.83,0.094,0.077,0.9,1,1,0,2,69,8,4-Seam Fastball,5,9,5,9,9,5,5,9,Standard,Standard,209,0.027,0.369,72.3,7.1,0.11,-0.369,88.0,-4,-4,0.039,0.039,34,29,35,29,1,3,3,2,4,2,1.58,0.04,0.04,39.0
CH,2024-06-28,89.0,-2.56,5.52,"Kahnle, Tommy",643376,592454,,foul,,,,,7,Danny Jansen singles on a ground ball to left fielder Alex Verdugo.,R,R,R,TOR,NYY,S,,,3,2,2024,-0.96,0.03,-0.4,2.0,,,,0,8,Bot,,,,,,,7.343836273339066,-129.3945689331634,-2.6348091439761596,-12.30509332044063,27.90681929303508,-31.48056790053318,3.34,1.57,3,77.5,-33,89.3,1403,6.6,744922,624431,518934,650402,665828,683011,657077,592450,665742,53.87,,,,,,,,69,7,Changeup,5,9,5,9,9,5,5,9,Standard,Strategic,252,0.0,0.0,71.2,7.6,,0.0,88.0,-4,-4,0.039,0.039,34,29,35,29,1,3,3,2,4,2,2.86,0.96,0.96,32.3
FF,2024-06-28,95.3,-2.18,5.74,"Kahnle, Tommy",643376,592454,,foul,,,,,8,Danny Jansen singles on a ground ball to left fielder Alex Verdugo.,R,R,R,TOR,NYY,S,,,3,2,2024,-0.34,1.2,-0.07,2.08,,,,0,8,Bot,,,,,,,6.336564943302948,-138.44545498760382,-6.667886800231172,-5.817722338902911,32.456376457897704,-15.460674824429184,3.34,1.57,222,75.8,26,95.7,2151,6.7,744922,624431,518934,650402,665828,683011,657077,592450,665742,53.8,,,,,,,,69,6,4-Seam Fastball,5,9,5,9,9,5,5,9,Standard,Standard,210,0.0,0.0,69.0,6.8,,0.0,88.0,-4,-4,0.039,0.039,34,29,35,29,1,3,3,2,4,2,1.33,0.34,0.34,41.4
FF,2024-06-28,95.8,-2.26,5.73,"Kahnle, Tommy",643376,592454,,ball,,,,,12,Danny Jansen singles on a ground ball to left fielder Alex Verdugo.,R,R,R,TOR,NYY,B,,,2,2,2024,0.12,1.47,1.71,2.75,,,,0,8,Bot,,,,,,,10.289613627586558,-139.07575491412507,-5.577200702385313,-0.8703192477776264,32.29966736651795,-11.974983835053582,3.12,1.44,,,,96.4,2118,6.8,744922,624431,518934,650402,665828,683011,657077,592450,665742,53.68,,,,,,,,69,5,4-Seam Fastball,5,9,5,9,9,5,5,9,Standard,Standard,206,0.0,0.107,,,,-0.107,,-4,-4,0.039,0.039,34,29,35,29,1,3,3,2,4,2,1.03,-0.12,-0.12,42.2
CH,2024-06-28,89.8,-2.44,5.55,"Kahnle, Tommy",643376,592454,,ball,,,,,14,Danny Jansen singles on a ground ball to left fielder Alex Verdugo.,R,R,R,TOR,NYY,B,,,1,2,2024,-0.92,0.13,1.27,0.55,,,,0,8,Bot,,,,,,,11.198681572296552,-130.24551279572748,-6.659347733854461,-12.87861373366946,27.962776753095437,-29.425204433039035,3.04,1.3,,,,90.3,1320,6.8,744922,624431,518934,650402,665828,683011,657077,592450,665742,53.7,,,,,,,,69,4,Changeup,5,9,5,9,9,5,5,9,Standard,Standard,253,0.0,0.04,,,,-0.04,,-4,-4,0.039,0.039,34,29,35,29,1,3,3,2,4,2,2.72,0.92,0.92,32.6
CH,2024-06-28,88.4,-2.44,5.63,"Kahnle, Tommy",643376,592454,,foul,,,,,9,Danny Jansen singles on a ground ball to left fielder Alex Verdugo.,R,R,R,TOR,NYY,S,,,1,1,2024,-1.02,0.23,0.44,1.75,,,,0,8,Bot,,,,,,,9.164463948776003,-128.43548122433148,-3.873278567789627,-13.10854502741999,25.704148971914616,-29.056321332575816,3.34,1.57,,,,88.7,1391,6.5,744922,624431,518934,650402,665828,683011,657077,592450,665742,53.99,,,,,,,,69,3,Changeup,5,9,5,9,9,5,5,9,Standard,Standard,249,0.0,-0.056,58.7,7.5,,0.056,,-4,-4,0.039,0.039,34,29,35,29,1,3,3,2,4,2,2.69,1.02,1.02,30.8
CH,2024-06-28,88.5,-2.58,5.61,"Kahnle, Tommy",643376,592454,,swinging_strike,,,,,13,Danny Jansen singles on a ground ball to left fielder Alex Verdugo.,R,R,R,TOR,NYY,S,,,1,0,2024,-1.0,0.12,-0.28,1.29,,,,0,8,Bot,,,,,,,7.753417821324259,-128.66876339478094,-4.757020691217073,-12.740924912516569,25.53714960249695,-30.11830585370591,3.34,1.57,,,,89.1,1375,6.6,744922,624431,518934,650402,665828,683011,657077,592450,665742,53.87,,,,,,,,69,2,Changeup,5,9,5,9,9,5,5,9,Standard,Standard,251,0.0,-0.049,67.5,8.1,,0.049,,-4,-4,0.039,0.039,34,29,35,29,1,3,3,2,4,2,2.79,1.0,1.0,32.3
FF,2024-06-28,94.0,-2.09,5.88,"Kahnle, Tommy",643376,592454,,ball,,,,,14,Danny Jansen singles on a ground ball to left fielder Alex Verdugo.,R,R,R,TOR,NYY,B,,,0,0,2024,-0.17,1.13,1.3,2.12,,,,0,8,Bot,,,,,,,9.175364992616329,-136.49627710959962,-6.5520614945788545,-4.0865564144549,28.784286475506622,-16.778927137352518,3.04,1.3,,,,94.4,2092,6.6,744922,624431,518934,650402,665828,683011,657077,592450,665742,53.93,,,,,,,,69,1,4-Seam Fastball,5,9,5,9,9,5,5,9,Standard,Standard,209,0.0,0.038,,,,-0.038,,-4,-4,0.039,0.039,34,29,35,29,1,3,3,2,4,2,1.45,0.17,0.17,44.3
CH,2024-06-25,88.0,-2.19,5.67,"Kahnle, Tommy",502110,592454,field_out,hit_into_play,,,,,14,"J.D. Martinez grounds out, shortstop Anthony Volpe to first baseman Ben Rice.",R,R,R,NYM,NYY,X,6,ground_ball,2,2,2024,-0.89,0.1,0.3,1.52,,596019,,2,8,Bot,108.62,153.95,,,,,7.925235516797178,-127.899317486524,-4.17596147411841,-11.389890300499957,26.469570317830307,-30.426398961142425,3.65,1.73,9,69.7,-9,88.4,1391,6.6,745806,669224,700250,650402,518934,683011,657077,592450,665742,53.88,0.034,0.057,0.0,1,0,0,2,79,5,Changeup,9,7,9,7,7,9,9,7,Standard,Standard,252,-0.01,-0.248,74.7,9.3,0.034,0.248,88.0,2,2,0.939,0.939,34,36,35,37,1,4,2,2,3,1,2.85,0.89,0.89,35.6
CH,2024-06-25,88.4,-2.3,5.56,"Kahnle, Tommy",502110,592454,,blocked_ball,,,,,14,"J.D. Martinez grounds out, shortstop Anthony Volpe to first baseman Ben Rice.",R,R,R,NYM,NYY,B,,,1,2,2024,-1.01,0.2,0.97,0.27,,596019,,2,8,Bot,,,,,,,10.110584907072589,-128.30526830392674,-7.284367644372705,-13.113616203252024,24.529144343872545,-28.64458620708816,3.62,1.73,,,,89.2,1228,6.7,745806,669224,700250,650402,518934,683011,657077,592450,665742,53.76,,,,,,,,79,4,Changeup,9,7,9,7,7,9,9,7,Standard,Standard,255,0.0,0.037,,,,-0.037,,2,2,0.939,0.939,34,36,35,37,1,4,2,2,3,1,2.71,1.01,1.01,32.4
CH,2024-06-25,88.7,-2.22,5.67,"Kahnle, Tommy",502110,592454,,blocked_ball,,,,,14,"J.D. Martinez grounds out, shortstop Anthony Volpe to first baseman Ben Rice.",R,R,R,NYM,NYY,B,,,0,2,2024,-1.17,0.42,1.19,0.3,,596019,,2,8,Bot,,,,,,,10.818243802905698,-128.5840328686389,-8.023135977443204,-15.088792079219964,23.43505118453036,-26.096134789669275,3.66,1.73,,,,89.4,1395,6.6,745806,669224,700250,650402,518934,683011,657077,592450,665742,53.86,,,,,,,,79,3,Changeup,9,7,9,7,7,9,9,7,Standard,Standard,242,0.0,0.018,,,,-0.018,,2,2,0.939,0.939,34,36,35,37,1,4,2,2,3,1,2.47,1.17,1.17,35.2
FF,2024-06-25,94.7,-1.7,6.0,"Kahnle, Tommy",502110,592454,,called_strike,,,,,8,"J.D. Martinez grounds out, shortstop Anthony Volpe to first baseman Ben Rice.",R,R,R,NYM,NYY,S,,,0,1,2024,-0.46,1.32,0.27,2.21,,596019,,2,8,Bot,,,,,,,6.186267720866293,-137.73360238877606,-7.267990668712149,-7.08809763637243,27.51844275935947,-13.93873847211142,3.63,1.73,,,,95.7,2147,6.7,745806,669224,700250,650402,518934,683011,657077,592450,665742,53.81,,,,,,,,79,2,4-Seam Fastball,9,7,9,7,7,9,9,7,Standard,Standard,207,0.0,-0.067,,,,0.067,,2,2,0.939,0.939,34,36,35,37,1,4,2,2,3,1,1.2,0.46,0.46,47.2
CH,2024-06-25,87.1,-2.29,5.65,"Kahnle, Tommy",502110,592454,,swinging_strike,,,,,13,"J.D. Martinez grounds out, shortstop Anthony Volpe to first baseman Ben Rice.",R,R,R,NYM,NYY,S,,,0,0,2024,-0.88,0.16,-0.3,0.96,,596019,,2,8,Bot,,,,,,,6.643363266975578,-126.76047979019832,-5.515681212836932,-10.771633593695269,23.0250546395941,-29.624102663344352,3.65,1.73,,,,88.1,1269,6.6,745806,669224,700250,650402,518934,683011,657077,592450,665742,53.87,,,,,,,,79,1,Changeup,9,7,9,7,7,9,9,7,Standard,Standard,254,0.0,-0.04,75.9,9.8,,0.04,,2,2,0.939,0.939,34,36,35,37,1,4,2,2,3,1,2.82,0.88,0.88,30.5
FF,2024-06-25,94.1,-1.85,5.95,"Kahnle, Tommy",607043,592454,strikeout,swinging_strike,,,,,4,Brandon Nimmo strikes out swinging.,R,L,R,NYM,NYY,S,2,,3,2,2024,-0.49,1.34,-0.44,2.57,,596019,,1,8,Bot,,,,,,,4.786981274612873,-137.03849991898844,-6.13218004034775,-7.159884349438021,27.237444585245164,-14.11609207767423,3.46,1.67,,,,95.4,2164,6.8,745806,669224,700250,650402,518934,683011,657077,592450,665742,53.7,,0.0,0.0,1,0,0,,78,7,4-Seam Fastball,9,7,9,7,7,9,9,7,Standard,Standard,209,-0.009,-0.291,68.2,6.5,,0.291,,2,2,0.948,0.948,34,31,35,31,1,4,2,2,3,1,1.21,0.49,-0.49,45.4
CH,2024-06-25,87.0,-2.32,5.66,"Kahnle, Tommy",607043,592454,,foul,,,,,13,Brandon Nimmo strikes out swinging.,R,L,R,NYM,NYY,S,,,3,2,2024,-0.95,-0.08,-0.98,1.88,,596019,,1,8,Bot,,,,,,,5.193404588165668,-126.68315559974826,-2.7750434639455452,-11.263685059018536,24.26167567027767,-32.72325456719067,3.46,1.67,194,67.5,41,87.6,1318,6.5,745806,669224,700250,650402,518934,683011,657077,592450,665742,53.98,,,,,,,,78,6,Changeup,9,7,9,7,7,9,9,7,Standard,Standard,256,0.0,0.0,55.8,7.1,,0.0,88.0,2,2,0.948,0.948,34,31,35,31,1,4,2,2,3,1,3.07,0.95,-0.95,32.1
CH,2024-06-25,87.2,-2.17,5.71,"Kahnle, Tommy",607043,592454,,blocked_ball,,,,,14,Brandon Nimmo strikes out swinging.,R,L,R,NYM,NYY,B,,,2,2,2024,-1.1,0.14,0.23,0.73,,596019,,1,8,Bot,,,,,,,8.088137930552222,-126.7277856019148,-6.1767182900416335,-13.44245237233872,23.720416415018978,-29.667846157518557,3.4,1.67,,,,88.0,1298,6.7,745806,669224,700250,650402,518934,683011,657077,592450,665742,53.83,,,,,,,,78,5,Changeup,9,7,9,7,7,9,9,7,Standard,Standard,253,0.0,0.074,,,,-0.074,,2,2,0.948,0.948,34,31,35,31,1,4,2,2,3,1,2.85,1.1,-1.1,35.6
CH,2024-06-25,86.9,-2.09,5.62,"Kahnle, Tommy",607043,592454,,foul,,,,,9,Brandon Nimmo strikes out swinging.,R,L,R,NYM,NYY,S,,,2,1,2024,-1.09,0.37,0.44,1.83,,596019,,1,8,Bot,,,,,,,8.342312130624418,-126.28103089360646,-3.682251001313222,-13.309117469565356,25.264709870328637,-27.613935205523703,3.46,1.67,127,84.0,81,87.5,1380,6.7,745806,669224,700250,650402,518934,683011,657077,592450,665742,53.8,,,,,,,,78,4,Changeup,9,7,9,7,7,9,9,7,Standard,Standard,250,0.0,-0.082,86.5,8.3,,0.082,88.0,2,2,0.948,0.948,34,31,35,31,1,4,2,2,3,1,2.65,1.09,-1.09,32.7
CH,2024-06-25,88.3,-2.22,5.72,"Kahnle, Tommy",607043,592454,,ball,,,,,14,Brandon Nimmo strikes out swinging.,R,L,R,NYM,NYY,B,,,1,1,2024,-1.05,-0.04,0.33,1.34,,596019,,1,8,Bot,,,,,,,8.427625693489901,-128.32971433050565,-4.516622809406925,-13.31009468970468,25.20081159625321,-31.92165299126315,3.5,1.67,,,,88.9,1294,6.6,745806,669224,700250,650402,518934,683011,657077,592450,665742,53.89,,,,,,,,78,3,Changeup,9,7,9,7,7,9,9,7,Standard,Standard,250,0.0,0.038,,,,-0.038,,2,2,0.948,0.948,34,31,35,31,1,4,2,2,3,1,2.96,1.05,-1.05,35.4
CH,2024-06-25,88.7,-2.28,5.77,"Kahnle, Tommy",607043,592454,,swinging_strike,,,,,14,Brandon Nimmo strikes out swinging.,R,L,R,NYM,NYY,S,,,1,0,2024,-1.0,0.12,0.13,1.53,,596019,,1,8,Bot,,,,,,,8.05238794647169,-129.00620378509112,-4.632848990456214,-12.833322475076487,24.83047625429313,-30.131198628642153,3.46,1.67,,,,89.5,1313,6.7,745806,669224,700250,650402,518934,683011,657077,592450,665742,53.85,,,,,,,,78,2,Changeup,9,7,9,7,7,9,9,7,Infield shade,Standard,251,0.0,-0.043,,,,0.043,,2,2,0.948,0.948,34,31,35,31,1,4,2,2,3,1,2.77,1.0,-1.0,37.4
FF,2024-06-25,93.6,-1.73,6.05,"Kahnle, Tommy",607043,592454,,ball,,,,,12,Brandon Nimmo strikes out swinging.,R,L,R,NYM,NYY,B,,,0,0,2024,-0.17,1.15,0.98,3.57,,596019,,1,8,Bot,,,,,,,7.427156588662558,-136.18610208468388,-3.264810533147438,-3.591319582007633,27.644096246766484,-17.312179263691885,3.49,1.67,,,,94.9,2137,6.9,745806,669224,700250,650402,518934,683011,657077,592450,665742,53.63,,,,,,,,78,1,4-Seam Fastball,9,7,9,7,7,9,9,7,Standard,Standard,203,0.0,0.027,,,,-0.027,,2,2,0.948,0.948,34,31,35,31,1,4,2,2,3,1,1.44,0.17,-0.17,54.3
CH,2024-06-25,87.1,-2.32,5.65,"Kahnle, Tommy",596019,592454,single,hit_into_play,,,,,13,"Francisco Lindor singles on a ground ball to third baseman DJ LeMahieu.   Francisco Lindor to 2nd.  Francisco Lindor advances to 2nd, on a fielding error by third baseman DJ LeMahieu.",R,L,R,NYM,NYY,X,5,ground_ball,3,1,2024,-1.15,0.11,-0.89,1.68,,,,1,8,Bot,99.83,173.48,,,,,5.818318777465978,-126.77281293736642,-3.6596691754024326,-13.530089028878676,23.884691523601063,-30.47931107668057,3.3,1.5,2,50.6,-38,87.9,1308,6.6,745806,669224,700250,650402,518934,683011,657077,592450,665742,53.87,0.166,0.168,0.9,1,1,0,1,77,5,Changeup,9,7,9,7,7,9,9,7,Infield shade,Standard,248,0.011,0.253,72.5,8.3,0.166,-0.253,88.0,2,2,0.937,0.937,34,30,35,31,1,4,2,2,3,1,2.87,1.15,-1.15,33.5
FF,2024-06-25,95.3,-2.05,5.82,"Kahnle, Tommy",596019,592454,,called_strike,,,,,6,"Francisco Lindor singles on a ground ball to third baseman DJ LeMahieu.   Francisco Lindor to 2nd.  Francisco Lindor advances to 2nd, on a fielding error by third baseman DJ LeMahieu.",R,L,R,NYM,NYY,S,,,3,0,2024,-0.88,1.25,0.58,2.09,,,,1,8,Bot,,,,,,,8.924722334646367,-138.36405229589857,-7.004361935625688,-13.26521143940432,30.717142343620576,-14.648702640911592,3.21,1.5,,,,95.9,2178,6.7,745806,669224,700250,650402,518934,683011,657077,592450,665742,53.76,,,,,,,,77,4,4-Seam Fastball,9,7,9,7,7,9,9,7,Infield shade,Standard,216,0.0,-0.081,,,,0.081,,2,2,0.937,0.937,34,30,35,31,1,4,2,2,3,1,1.27,0.88,-0.88,42.7
CH,2024-06-25,88.1,-2.33,5.7,"Kahnle, Tommy",596019,592454,,ball,,,,,11,"Francisco Lindor singles on a ground ball to third baseman DJ LeMahieu.   Francisco Lindor to 2nd.  Francisco Lindor advances to 2nd, on a fielding error by third baseman DJ LeMahieu.",R,L,R,NYM,NYY,B,,,2,0,2024,-0.89,0.57,-1.35,3.36,,,,1,8,Bot,,,,,,,4.242606872743137,-128.30373581399382,-0.8064982057133792,-10.70644911644929,24.639422375645182,-25.911546732065855,3.16,1.31,,,,88.8,1405,6.5,745806,669224,700250,650402,518934,683011,657077,592450,665742,53.97,,,,,,,,77,3,Changeup,9,7,9,7,7,9,9,7,Infield shade,Standard,242,0.0,0.139,,,,-0.139,,2,2,0.937,0.937,34,30,35,31,1,4,2,2,3,1,2.35,0.89,-0.89,33.1
FF,2024-06-25,94.6,-1.9,5.87,"Kahnle, Tommy",596019,592454,,ball,,,,,13,"Francisco Lindor singles on a ground ball to third baseman DJ LeMahieu.   Francisco Lindor to 2nd.  Francisco Lindor advances to 2nd, on a fielding error by third baseman DJ LeMahieu.",R,L,R,NYM,NYY,B,,,1,0,2024,-0.77,1.26,-0.66,1.28,,,,1,8,Bot,,,,,,,4.994900707409865,-137.4578657729174,-9.179291207470929,-10.848336267499482,28.98777543701955,-14.316449879689516,3.26,1.5,,,,95.5,2159,6.8,745806,669224,700250,650402,518934,683011,657077,592450,665742,53.73,,,,,,,,77,2,4-Seam Fastball,9,7,9,7,7,9,9,7,Infield shade,Standard,209,0.0,0.072,,,,-0.072,,2,2,0.937,0.937,34,30,35,31,1,4,2,2,3,1,1.28,0.77,-0.77,42.9
FF,2024-06-25,94.8,-2.11,5.86,"Kahnle, Tommy",596019,592454,,ball,,,,,13,"Francisco Lindor singles on a ground ball to third baseman DJ LeMahieu.   Francisco Lindor to 2nd.  Francisco Lindor advances to 2nd, on a fielding error by third baseman DJ LeMahieu.",R,L,R,NYM,NYY,B,,,0,0,2024,-0.83,1.23,-0.1,0.96,,,,1,8,Bot,,,,,,,7.140005488176641,-137.67870088965785,-9.960754123528943,-12.07103902221726,29.096028089955755,-14.55650480131644,3.28,1.5,,,,95.6,2224,6.8,745806,669224,700250,650402,518934,683011,657077,592450,665742,53.73,,,,,,,,77,1,4-Seam Fastball,9,7,9,7,7,9,9,7,Infield shade,Standard,210,0.0,0.039,,,,-0.039,,2,2,0.937,0.937,34,30,35,31,1,4,2,2,3,1,1.31,0.83,-0.83,42.1
SL,2024-06-25,87.3,-2.11,5.9,"Kahnle, Tommy",664056,592454,field_out,hit_into_play,,,,,5,"Harrison Bader grounds out, third baseman DJ LeMahieu to first baseman Ben Rice.",R,R,R,NYM,NYY,X,5,ground_ball,1,1,2024,0.43,0.27,0.02,2.46,,,,0,8,Bot,100.12,166.06,,,,,4.268935386567557,-127.23585293082236,-2.764801497849504,3.90867529993152,23.24759363327917,-28.857958812984776,3.1,1.46,10,99.1,-14,88.3,2222,6.6,745806,669224,700250,650402,518934,683011,657077,592450,665742,53.94,0.234,0.252,0.0,1,0,0,2,76,3,Slider,9,7,9,7,7,9,9,7,Standard,Standard,163,-0.005,-0.243,72.4,6.8,0.254,0.243,99.1,2,2,0.942,0.942,34,30,35,30,1,3,2,2,3,1,2.68,-0.43,-0.43,41.7
CH,2024-06-25,85.8,-2.48,5.75,"Kahnle, Tommy",664056,592454,,called_strike,,,,,4,"Harrison Bader grounds out, third baseman DJ LeMahieu to first baseman Ben Rice.",R,R,R,NYM,NYY,S,,,1,0,2024,-1.01,0.11,-0.61,2.1,,,,0,8,Bot,,,,,,,6.512198249675086,-124.890239989966,-2.6547724769317185,-11.816078523377453,23.345023624359285,-30.7583916937654,3.24,1.46,,,,86.7,1305,6.7,745806,669224,700250,650402,518934,683011,657077,592450,665742,53.79,,,,,,,,76,2,Changeup,9,7,9,7,7,9,9,7,Standard,Standard,247,0.0,-0.049,,,,0.049,,2,2,0.942,0.942,34,30,35,30,1,3,2,2,3,1,2.97,1.01,1.01,33.7
FF,2024-06-25,94.1,-1.68,6.14,"Kahnle, Tommy",664056,592454,,ball,,,,,14,"Harrison Bader grounds out, third baseman DJ LeMahieu to first baseman Ben Rice.",R,R,R,NYM,NYY,B,,,0,0,2024,-0.16,1.4,1.83,2.19,,,,0,8,Bot,,,,,,,9.51758064178454,-136.62465223433009,-7.711392221075206,-3.978177744427006,28.17682264263566,-13.058239020093852,3.26,1.46,,,,94.8,2112,6.7,745806,669224,700250,650402,518934,683011,657077,592450,665742,53.83,,,,,,,,76,1,4-Seam Fastball,9,7,9,7,7,9,9,7,Standard,Standard,203,0.0,0.038,,,,-0.038,,2,2,0.942,0.942,34,30,35,30,1,3,2,2,3,1,1.17,0.16,0.16,49.0
CH,2024-06-23,87.0,-2.3,5.82,"Kahnle, Tommy",621566,592454,strikeout,swinging_strike,,,,,13,Matt Olson strikes out swinging.,R,L,R,NYY,ATL,S,2,,1,2,2024,-0.59,0.09,-0.84,1.78,,,542303,2,8,Top,,,,,,,4.779687526373301,-126.71815969101532,-3.7634027459947954,-7.366141871219168,25.200995196942163,-30.69056687462468,3.61,1.73,,,,88.1,1188,6.8,745727,624431,700250,650402,518934,683011,657077,663757,665742,53.66,,0.0,0.0,1,0,0,,57,4,Changeup,1,3,3,1,3,1,3,1,Infield shade,Standard,258,0.013,-0.196,73.3,8.7,,0.196,,-2,2,0.143,0.857,34,30,35,30,1,3,3,1,2,1,2.91,0.59,-0.59,36.9
CH,2024-06-23,89.1,-2.49,5.52,"Kahnle, Tommy",621566,592454,,blocked_ball,,,,,14,Matt Olson strikes out swinging.,R,L,R,NYY,ATL,B,,,0,2,2024,-0.99,-0.02,0.55,-0.09,,,542303,2,8,Top,,,,,,,9.582215609445605,-129.26378590386295,-7.751096401359556,-12.966544846154472,25.00932650560078,-30.999607815007224,3.69,1.72,,,,89.7,1353,6.7,745727,624431,700250,650402,518934,683011,657077,663757,665742,53.81,,,,,,,,57,3,Changeup,1,3,3,1,3,1,3,1,Infield shade,Standard,253,0.0,0.027,,,,-0.027,,-2,2,0.143,0.857,34,30,35,30,1,3,3,1,2,1,2.89,0.99,-0.99,30.2
CH,2024-06-23,87.8,-2.62,5.57,"Kahnle, Tommy",621566,592454,,swinging_strike,,,,,13,Matt Olson strikes out swinging.,R,L,R,NYY,ATL,S,,,0,1,2024,-0.86,0.2,-0.03,1.57,,,542303,2,8,Top,,,,,,,8.074171544873915,-127.64336371945114,-4.015366147054468,-11.029777478133605,24.495007102088938,-29.35970304537562,3.61,1.73,,,,88.3,1231,6.5,745727,624431,700250,650402,518934,683011,657077,663757,665742,53.97,,,,,,,,57,2,Changeup,1,3,3,1,3,1,3,1,Infield shade,Standard,257,0.0,-0.054,74.8,8.9,,0.054,,-2,2,0.143,0.857,34,30,35,30,1,3,3,1,2,1,2.74,0.86,-0.86,31.6
CH,2024-06-23,88.7,-2.62,5.6,"Kahnle, Tommy",621566,592454,,swinging_strike,,,,,14,Matt Olson strikes out swinging.,R,L,R,NYY,ATL,S,,,0,0,2024,-1.09,-0.07,0.08,1.46,,,542303,2,8,Top,,,,,,,8.98318352756444,-128.8870497103404,-3.93781050777607,-14.020052102355477,25.772114693256263,-32.344342235687165,3.61,1.73,,,,89.7,1245,6.9,745727,624431,700250,650402,518934,683011,657077,663757,665742,53.61,,,,,,,,57,1,Changeup,1,3,3,1,3,1,3,1,Standard,Standard,255,0.0,-0.047,78.2,8.3,,0.047,,-2,2,0.143,0.857,34,30,35,30,1,3,3,1,2,1,2.97,1.09,-1.09,32.1
CH,2024-06-23,88.3,-2.34,5.66,"Kahnle, Tommy",542303,592454,single,hit_into_play,,,,,4,Marcell Ozuna singles on a line drive to left fielder Alex Verdugo.,R,R,R,NYY,ATL,X,7,line_drive,1,2,2024,-0.71,-0.25,-0.72,2.5,,,,2,8,Top,75.32,93.67,,,,,5.472606626660383,-128.5218627664675,-1.1303859232730655,-9.018877685475893,25.45937221752046,-34.899891703750455,3.56,1.75,242,98.5,14,89.3,1104,6.8,745727,624431,700250,650402,518934,683011,657077,663757,665742,53.72,0.851,0.836,0.9,1,1,0,4,56,4,Changeup,1,3,3,1,3,1,3,1,Standard,Standard,258,-0.007,0.408,,,1.074,-0.408,98.5,-2,2,0.15,0.85,34,33,35,34,1,3,3,1,2,1,3.16,0.71,0.71,32.9
CH,2024-06-23,88.6,-2.44,5.66,"Kahnle, Tommy",542303,592454,,foul,,,,,4,Marcell Ozuna singles on a line drive to left fielder Alex Verdugo.,R,R,R,NYY,ATL,S,,,1,1,2024,-1.06,0.14,-0.69,2.46,,,,2,8,Top,,,,,,,6.543636098634502,-128.9698750218336,-2.0526708627619183,-13.152970882656229,26.705253264554756,-30.43844498946369,3.56,1.75,37,86.9,-1,89.4,1269,6.8,745727,624431,700250,650402,518934,683011,657077,663757,665742,53.74,,,,,,,,56,3,Changeup,1,3,3,1,3,1,3,1,Standard,Standard,253,0.0,-0.064,78.3,7.8,,0.064,88.0,-2,2,0.15,0.85,34,33,35,34,1,3,3,1,2,1,2.76,1.06,1.06,32.3
CH,2024-06-23,89.0,-2.36,5.64,"Kahnle, Tommy",542303,592454,,swinging_strike,,,,,9,Marcell Ozuna singles on a line drive to left fielder Alex Verdugo.,R,R,R,NYY,ATL,S,,,1,0,2024,-1.09,0.15,0.75,1.8,,,,2,8,Top,,,,,,,10.037571973194275,-129.1956189763131,-3.715023783930542,-14.287211682415116,27.11244375234814,-29.838120818615742,3.56,1.75,,,,89.9,1231,7.0,745727,624431,700250,650402,518934,683011,657077,663757,665742,53.51,,,,,,,,56,2,Changeup,1,3,3,1,3,1,3,1,Standard,Standard,250,0.0,-0.051,77.6,8.5,,0.051,,-2,2,0.15,0.85,34,33,35,34,1,3,3,1,2,1,2.74,1.09,1.09,35.3
CH,2024-06-23,88.9,-2.56,5.59,"Kahnle, Tommy",542303,592454,,ball,,,,,14,Marcell Ozuna singles on a line drive to left fielder Alex Verdugo.,R,R,R,NYY,ATL,B,,,0,0,2024,-1.11,0.25,0.58,1.52,,,,2,8,Top,,,,,,,10.09556023279171,-129.08797734029218,-4.469953971081794,-14.47064085924054,26.492913678531064,-28.595285375353523,3.56,1.75,,,,89.6,1248,6.8,745727,624431,700250,650402,518934,683011,657077,663757,665742,53.7,,,,,,,,56,1,Changeup,1,3,3,1,3,1,3,1,Standard,Standard,258,0.0,0.04,,,,-0.04,,-2,2,0.15,0.85,34,33,35,34,1,3,3,1,2,1,2.64,1.11,1.11,31.4
CH,2024-06-23,88.8,-2.54,5.61,"Kahnle, Tommy",645277,592454,strikeout,swinging_strike,,,,,9,Ozzie Albies strikes out swinging.,R,L,R,NYY,ATL,S,2,,0,2,2024,-0.78,-0.18,0.33,2.01,,,,1,8,Top,,,,,,,8.64853803576491,-128.97242474812862,-2.304947134673543,-10.571629292196834,28.693639476093733,-33.879926512528215,3.25,1.56,,,,88.3,1146,6.2,745727,624431,700250,650402,518934,683011,657077,663757,665742,54.26,,0.0,0.0,1,0,0,,55,4,Changeup,1,3,3,1,3,1,3,1,Infield shade,Standard,252,0.009,-0.162,70.4,7.2,,0.162,,-2,2,0.141,0.859,34,27,35,27,1,3,3,1,2,1,3.1,0.78,-0.78,30.7
CH,2024-06-23,89.1,-2.51,5.69,"Kahnle, Tommy",645277,592454,,foul,,,,,1,Ozzie Albies strikes out swinging.,R,L,R,NYY,ATL,S,,,0,2,2024,-1.12,0.09,-0.5,2.76,,,,1,8,Top,,,,,,,7.221963254198046,-129.55208908013253,-1.3268432348080803,-14.166689347166724,27.82933317314907,-31.149865423735843,3.25,1.56,205,74.2,37,88.4,1180,5.9,745727,624431,700250,650402,518934,683011,657077,663757,665742,54.57,,,,,,,,55,3,Changeup,1,3,3,1,3,1,3,1,Infield shade,Standard,259,0.0,0.0,66.4,7.2,,0.0,88.0,-2,2,0.141,0.859,34,27,35,27,1,3,3,1,2,1,2.8,1.12,-1.12,32.4
CH,2024-06-23,88.3,-2.42,5.67,"Kahnle, Tommy",645277,592454,,swinging_strike,,,,,13,Ozzie Albies strikes out swinging.,R,L,R,NYY,ATL,S,,,0,1,2024,-1.09,0.15,-0.37,0.91,,,,1,8,Top,,,,,,,7.2214805820390735,-128.39324454449206,-5.780954922330483,-13.551084807618286,26.870326224722312,-29.481804060848233,3.25,1.56,,,,87.9,1145,6.1,745727,624431,700250,650402,518934,683011,657077,663757,665742,54.38,,,,,,,,55,2,Changeup,1,3,3,1,3,1,3,1,Infield shade,Standard,254,0.0,-0.057,69.1,8.4,,0.057,,-2,2,0.141,0.859,34,27,35,27,1,3,3,1,2,1,2.78,1.09,-1.09,31.9
CH,2024-06-23,85.8,-2.4,5.68,"Kahnle, Tommy",645277,592454,,foul,,,,,4,Ozzie Albies strikes out swinging.,R,L,R,NYY,ATL,S,,,0,0,2024,-0.89,-0.01,-0.79,2.31,,,,1,8,Top,,,,,,,5.65451152061083,-124.95594414890483,-1.7505019858216315,-10.476688860332546,23.45460075193329,-32.127197727520944,3.25,1.56,26,66.3,-3,86.4,1281,6.5,745727,624431,700250,650402,518934,683011,657077,663757,665742,54.01,,,,,,,,55,1,Changeup,1,3,3,1,3,1,3,1,Infield shade,Standard,256,0.0,-0.037,53.3,7.9,,0.037,88.0,-2,2,0.141,0.859,34,27,35,27,1,3,3,1,2,1,3.08,0.89,-0.89,34.2
CH,2024-06-23,89.3,-2.38,5.81,"Kahnle, Tommy",672284,592454,strikeout,swinging_strike,,,,,9,Jarred Kelenic strikes out swinging.,R,L,R,NYY,ATL,S,2,,2,2,2024,-0.81,0.4,0.83,2.3,,,,0,8,Top,,,,,,,9.68746846805257,-129.77770849988104,-3.547152051969974,-11.055290476919104,23.482274528211708,-27.101352999572786,3.67,1.73,,,,90.6,1152,6.8,745727,624431,700250,650402,518934,683011,657077,663757,665742,53.66,,0.0,0.0,1,0,0,,54,5,Changeup,1,3,3,1,3,1,3,1,Infield shade,Standard,251,0.011,-0.227,71.8,7.0,,0.227,,-2,2,0.13,0.87,34,24,35,25,1,3,3,1,2,1,2.43,0.81,-0.81,35.0
CH,2024-06-23,88.0,-2.42,5.75,"Kahnle, Tommy",672284,592454,,ball,,,,,13,Jarred Kelenic strikes out swinging.,R,L,R,NYY,ATL,B,,,1,2,2024,-1.07,-0.05,-1.25,2.2,,,,0,8,Top,,,,,,,5.136070695466883,-128.1268107016553,-2.4908983659789152,-12.814101426707818,24.720940695514415,-32.43329780151632,3.69,1.65,,,,89.6,1180,7.1,745727,624431,700250,650402,518934,683011,657077,663757,665742,53.43,,,,,,,,54,4,Changeup,1,3,3,1,3,1,3,1,Infield shade,Standard,258,0.0,0.04,,,,-0.04,,-2,2,0.13,0.87,34,24,35,25,1,3,3,1,2,1,2.97,1.07,-1.07,31.8
CH,2024-06-23,88.0,-2.43,5.77,"Kahnle, Tommy",672284,592454,,foul,,,,,4,Jarred Kelenic strikes out swinging.,R,L,R,NYY,ATL,S,,,1,1,2024,-0.91,-0.28,-0.52,2.53,,,,0,8,Top,,,,,,,6.620598007227588,-128.1212207903689,-1.217006684392502,-11.376681742541493,25.14659658349493,-35.225209421174696,3.67,1.73,206,74.6,54,89.5,1246,7.1,745727,624431,700250,650402,518934,683011,657077,663757,665742,53.45,,,,,,,,54,3,Changeup,1,3,3,1,3,1,3,1,Infield shade,Standard,249,0.0,-0.056,66.9,7.0,,0.056,88.0,-2,2,0.13,0.87,34,24,35,25,1,3,3,1,2,1,3.21,0.91,-0.91,35.0
CH,2024-06-23,87.0,-2.48,5.72,"Kahnle, Tommy",672284,592454,,called_strike,,,,,9,Jarred Kelenic strikes out swinging.,R,L,R,NYY,ATL,S,,,1,0,2024,-1.16,0.03,0.44,1.78,,,,0,8,Top,,,,,,,9.45178726935836,-126.42517928680238,-3.3992561148556293,-14.348638681217537,24.14982927918952,-31.325395077690356,3.61,1.64,,,,87.7,1222,6.7,745727,624431,700250,650402,518934,683011,657077,663757,665742,53.85,,,,,,,,54,2,Changeup,1,3,3,1,3,1,3,1,Infield shade,Standard,256,0.0,-0.049,,,,0.049,,-2,2,0.13,0.87,34,24,35,25,1,3,3,1,2,1,2.97,1.16,-1.16,32.3
CH,2024-06-23,87.3,-2.46,5.83,"Kahnle, Tommy",672284,592454,,ball,,,,,14,Jarred Kelenic strikes out swinging.,R,L,R,NYY,ATL,B,,,0,0,2024,-1.07,0.26,0.39,1.25,,,,0,8,Top,,,,,,,8.98056990358629,-126.86049808114218,-5.394310376688554,-13.296309797728256,23.578183409939214,-28.463379022936326,3.67,1.78,,,,86.9,1348,5.9,745727,624431,700250,650402,518934,683011,657077,663757,665742,54.58,,,,,,,,54,1,Changeup,1,3,3,1,3,1,3,1,Infield shade,Standard,250,0.0,0.038,,,,-0.038,,-2,2,0.13,0.87,34,24,35,25,1,3,3,1,2,1,2.71,1.07,-1.07,31.7
CH,2024-06-20,89.6,-2.27,5.73,"Kahnle, Tommy",602104,592454,strikeout,swinging_strike_blocked,,,,,14,Ramón Urías strikes out swinging.,R,R,R,NYY,BAL,S,2,,3,2,2024,-0.81,0.22,0.46,0.77,676059,,,2,4,Top,,,,,,,8.49368213600211,-130.10790207095184,-6.753182472148968,-10.966815082064109,26.73740412867061,-28.48759078160249,3.17,1.49,,,,90.1,,6.7,745734,624431,518934,650402,665828,683011,657077,592450,665742,53.84,,0.0,0.0,1,0,0,,40,6,Changeup,3,8,8,3,8,3,8,3,Standard,Standard,,0.01,-0.252,42.8,7.4,,0.252,,-5,5,0.073,0.927,34,30,35,30,1,2,1,1,3,2,2.63,0.81,0.81,36.6
FF,2024-06-20,93.7,-2.32,5.93,"Kahnle, Tommy",602104,592454,,ball,,,,,11,Ramón Urías strikes out swinging.,R,R,R,NYY,BAL,B,,,2,2,2024,-0.47,1.21,-0.86,4.07,676059,,,2,4,Top,,,,,,,4.815491491223206,-136.38437516202717,-1.757608870491585,-6.895063324276632,29.751438877580533,-16.89171108109854,3.1,1.38,,,,94.2,,6.5,745734,624431,518934,650402,665828,683011,657077,592450,665742,53.97,,,,,,,,40,5,4-Seam Fastball,3,8,8,3,8,3,8,3,Standard,Standard,,0.0,0.051,,,,-0.051,,-5,5,0.073,0.927,34,30,35,30,1,2,1,1,3,2,1.38,0.47,0.47,42.9
CH,2024-06-20,88.7,-1.99,5.78,"Kahnle, Tommy",602104,592454,,blocked_ball,,,,,13,Ramón Urías strikes out swinging.,R,R,R,NYY,BAL,B,,,1,2,2024,-0.83,-0.02,-0.09,0.67,676059,,,2,4,Top,,,,,,,6.4370530152064,-128.87906513855737,-6.373312987338778,-10.61783516402192,27.85801342792896,-31.20967177838504,3.13,1.49,,,,89.0,,6.7,745734,624431,518934,650402,665828,683011,657077,592450,665742,53.83,,,,,,,,40,4,Changeup,3,8,8,3,8,3,8,3,Standard,Standard,,0.0,0.017,,,,-0.017,,-5,5,0.073,0.927,34,30,35,30,1,2,1,1,3,2,2.94,0.83,0.83,39.8
FF,2024-06-20,94.7,-2.09,6.02,"Kahnle, Tommy",602104,592454,,called_strike,,,,,6,Ramón Urías strikes out swinging.,R,R,R,NYY,BAL,S,,,1,1,2024,-0.25,1.5,0.73,2.21,676059,,,2,4,Top,,,,,,,7.966845233475477,-137.56618352274626,-7.657996725654815,-4.858698065345202,29.788628981013073,-11.634401439019104,3.1,1.45,,,,95.5,,6.8,745734,624431,518934,650402,665828,683011,657077,592450,665742,53.74,,,,,,,,40,3,4-Seam Fastball,3,8,8,3,8,3,8,3,Standard,Standard,,0.0,-0.073,,,,0.073,,-5,5,0.073,0.927,34,30,35,30,1,2,1,1,3,2,1.05,0.25,0.25,45.0
SL,2024-06-20,86.0,-2.42,5.74,"Kahnle, Tommy",602104,592454,,blocked_ball,,,,,14,Ramón Urías strikes out swinging.,R,R,R,NYY,BAL,B,,,0,1,2024,0.54,0.39,0.53,1.02,676059,,,2,4,Top,,,,,,,5.94242625271191,-125.1878540216412,-5.830649151482937,4.646486668889719,22.726755008468793,-27.17699558669165,3.13,1.49,,,,87.1,,6.7,745734,624431,518934,650402,665828,683011,657077,592450,665742,53.77,,,,,,,,40,2,Slider,3,8,8,3,8,3,8,3,Standard,Standard,,0.0,0.032,,,,-0.032,,-5,5,0.073,0.927,34,30,35,30,1,2,1,1,3,2,2.67,-0.54,-0.54,34.2
FF,2024-06-20,95.0,-2.22,5.84,"Kahnle, Tommy",602104,592454,,called_strike,,,,,3,Ramón Urías strikes out swinging.,R,R,R,NYY,BAL,S,,,0,0,2024,-0.35,1.34,0.41,2.83,676059,,,2,4,Top,,,,,,,7.710963746642555,-138.15944866610877,-5.2776454108563335,-6.120845623079724,30.04697771441008,-14.008565953117516,3.1,1.45,,,,95.8,,6.7,745734,624431,518934,650402,665828,683011,657077,592450,665742,53.79,,,,,,,,40,1,4-Seam Fastball,3,8,8,3,8,3,8,3,Standard,Standard,,0.0,-0.039,,,,0.039,,-5,5,0.073,0.927,34,30,35,30,1,2,1,1,3,2,1.18,0.35,0.35,39.0
CH,2024-06-20,88.4,-2.45,5.74,"Kahnle, Tommy",669720,592454,strikeout,swinging_strike,,,,,7,Austin Hays strikes out swinging.,R,R,R,NYY,BAL,S,2,,2,2,2024,-0.85,0.12,-0.47,1.61,676059,,,1,4,Top,,,,,,,6.601167661679082,-128.58874330811668,-4.2770532893970845,-10.719896304387776,24.73085718016491,-30.227819345993137,3.3,1.52,,,,88.8,,6.4,745734,624431,518934,650402,665828,683011,657077,592450,665742,54.11,,0.0,0.0,1,0,0,,39,5,Changeup,3,8,8,3,8,3,8,3,Strategic,Standard,,0.016,-0.344,77.1,7.6,,0.344,,-5,5,0.057,0.943,34,28,35,29,1,2,1,1,3,1,2.79,0.85,0.85,33.3
CH,2024-06-20,87.8,-2.34,5.73,"Kahnle, Tommy",669720,592454,,swinging_strike,,,,,6,Austin Hays strikes out swinging.,R,R,R,NYY,BAL,S,,,2,1,2024,-0.83,-0.02,0.54,2.34,676059,,,1,4,Top,,,,,,,8.711390515406851,-127.60333394420591,-2.063835795229775,-10.788523876428814,24.097492265717374,-32.19898592747039,3.3,1.52,,,,88.4,,6.6,745734,624431,518934,650402,665828,683011,657077,592450,665742,53.94,,,,,,,,39,4,Changeup,3,8,8,3,8,3,8,3,Strategic,Standard,,0.0,-0.108,75.3,7.9,,0.108,,-5,5,0.057,0.943,34,28,35,29,1,2,1,1,3,1,2.97,0.83,0.83,31.9
SL,2024-06-20,86.1,-2.25,5.82,"Kahnle, Tommy",669720,592454,,ball,,,,,14,Austin Hays strikes out swinging.,R,R,R,NYY,BAL,B,,,1,1,2024,0.59,-0.11,1.01,1.06,676059,,,1,4,Top,,,,,,,6.598699291370449,-125.2369402886169,-4.886175129321683,4.895496828425542,24.322705986026172,-32.59666955583969,3.12,1.31,,,,86.9,,6.7,745734,624431,518934,650402,665828,683011,657077,592450,665742,53.78,,,,,,,,39,3,Slider,3,8,8,3,8,3,8,3,Strategic,Standard,,0.0,0.02,,,,-0.02,,-5,5,0.057,0.943,34,28,35,29,1,2,1,1,3,1,3.18,-0.59,-0.59,38.7
CH,2024-06-20,87.1,-2.51,5.83,"Kahnle, Tommy",669720,592454,,ball,,,,,14,Austin Hays strikes out swinging.,R,R,R,NYY,BAL,B,,,0,1,2024,-0.82,0.29,1.45,2.24,676059,,,1,4,Top,,,,,,,11.227356650635771,-126.53200914806,-3.1697730449796286,-10.74798983377401,20.267927314848595,-28.61664105629037,3.16,1.38,,,,88.3,,6.6,745734,624431,518934,650402,665828,683011,657077,592450,665742,53.87,,,,,,,,39,2,Changeup,3,8,8,3,8,3,8,3,Strategic,Standard,,0.0,0.025,,,,-0.025,,-5,5,0.057,0.943,34,28,35,29,1,2,1,1,3,1,2.67,0.82,0.82,39.6
CH,2024-06-20,87.7,-2.47,5.78,"Kahnle, Tommy",669720,592454,,foul,,,,,8,Austin Hays strikes out swinging.,R,R,R,NYY,BAL,S,,,0,0,2024,-0.81,-0.05,-0.19,1.99,676059,,,1,4,Top,,,,,,,7.215023560948158,-127.58532310405027,-2.968518257660923,-10.273743941599797,25.328093962265875,-32.3213659666756,3.3,1.52,3,57.9,-32,88.2,,6.5,745734,624431,518934,650402,665828,683011,657077,592450,665742,53.96,,,,,,,,39,1,Changeup,3,8,8,3,8,3,8,3,Strategic,Standard,,0.0,-0.049,73.3,7.1,,0.049,88.0,-5,5,0.057,0.943,34,28,35,29,1,2,1,1,3,1,3.01,0.81,0.81,33.3
CH,2024-06-20,86.9,-2.38,5.89,"Kahnle, Tommy",656775,592454,field_out,hit_into_play,,,,,5,"Cedric Mullins grounds out, second baseman Gleyber Torres to first baseman DJ LeMahieu. Jordan Westburg to 3rd.",R,L,R,NYY,BAL,X,4,ground_ball,0,0,2024,-0.56,-0.07,0.02,2.16,,676059,,0,4,Top,151.71,156.39,,,,,6.934000651347329,-126.49486968418722,-2.680154700875874,-7.271140923171193,22.773052479770595,-32.67866817515657,3.33,1.53,11,92.6,-11,87.9,,6.6,745734,624431,518934,650402,665828,683011,657077,592450,665742,53.88,0.189,0.194,0.0,1,0,0,2,38,1,Changeup,3,8,8,3,8,3,8,3,Infield shade,Standard,,0.001,-0.194,72.2,7.1,0.214,0.194,92.6,-5,5,0.056,0.944,34,29,35,30,1,2,1,1,3,1,3.06,0.56,-0.56,36.8
FF,2024-06-20,92.7,-2.01,6.13,"Kahnle, Tommy",676059,592454,double,hit_into_play,,,,,4,Jordan Westburg doubles (15) on a ground ball to left fielder Alex Verdugo.,R,R,R,NYY,BAL,X,7,ground_ball,0,0,2024,-0.38,1.21,-0.77,2.75,,,,0,4,Top,93.59,161.84,,,,,4.040310761938454,-134.99562959150097,-5.545853968935692,-5.562768447712905,28.10377728429535,-16.3607562901275,3.48,1.61,37,99.2,-2,93.5,,6.6,745734,624431,518934,650402,665828,683011,657077,592450,665742,53.89,0.366,0.365,1.25,1,1,1,2,37,1,4-Seam Fastball,3,8,8,3,8,3,8,3,Standard,Standard,,-0.015,0.693,71.9,6.8,0.417,-0.693,99.2,-5,5,0.071,0.929,34,25,35,25,1,2,1,2,3,1,1.43,0.38,0.38,42.3
CH,2024-06-19,90.1,-2.57,5.6,"Kahnle, Tommy",656811,592454,field_out,hit_into_play,,,,,8,"Ryan O'Hearn grounds out, second baseman Gleyber Torres to first baseman Ben Rice.",R,L,R,NYY,BAL,X,4,ground_ball,1,2,2024,-0.68,0.44,-0.23,2.07,663624,,,2,7,Top,151.08,162.3,,,,,7.325647169162674,-131.01720896567582,-3.778242202176659,-9.399645989291512,26.879559160939,-26.482230939435976,3.52,1.68,11,68.8,-10,91.0,1300,6.8,745732,624431,700250,650402,518934,683011,663330,657077,665742,53.69,0.043,0.056,0.0,1,0,0,2,58,4,Changeup,1,5,5,1,5,1,5,1,Infield shade,Standard,246,0.009,-0.199,74.1,8.2,0.043,0.199,88.0,-4,4,0.055,0.945,34,30,35,31,1,3,3,3,1,1,2.36,0.68,-0.68,33.6
CH,2024-06-19,88.3,-2.08,5.7,"Kahnle, Tommy",656811,592454,,ball,,,,,14,"Ryan O'Hearn grounds out, second baseman Gleyber Torres to first baseman Ben Rice.",R,L,R,NYY,BAL,B,,,0,2,2024,-0.7,0.19,1.39,1.09,663624,,,2,7,Top,,,,,,,9.994867230272678,-128.18609415464888,-5.585941995614528,-9.706059272371723,25.773274263447277,-29.04803403592606,3.58,1.63,,,,89.4,1244,7.0,745732,624431,700250,650402,518934,683011,663330,657077,665742,53.47,,,,,,,,58,3,Changeup,1,5,5,1,5,1,5,1,Infield shade,Standard,246,0.0,0.018,,,,-0.018,,-4,4,0.055,0.945,34,30,35,31,1,3,3,3,1,1,2.74,0.7,-0.7,36.6
CH,2024-06-19,89.3,-2.59,5.51,"Kahnle, Tommy",656811,592454,,swinging_strike,,,,,14,"Ryan O'Hearn grounds out, second baseman Gleyber Torres to first baseman Ben Rice.",R,L,R,NYY,BAL,S,,,0,1,2024,-1.03,0.13,0.07,0.41,663624,,,2,7,Top,,,,,,,8.786137449991173,-129.7266587021003,-6.855494741531395,-13.414578794459146,25.48880203794541,-29.54169922973236,3.52,1.68,,,,90.2,1408,6.8,745732,624431,700250,650402,518934,683011,663330,657077,665742,53.69,,,,,,,,58,2,Changeup,1,5,5,1,5,1,5,1,Infield shade,Standard,254,0.0,-0.058,69.3,8.6,,0.058,,-4,4,0.055,0.945,34,30,35,31,1,3,3,3,1,1,2.73,1.03,-1.03,31.9
FF,2024-06-19,96.0,-1.95,5.98,"Kahnle, Tommy",656811,592454,,called_strike,,,,,14,"Ryan O'Hearn grounds out, second baseman Gleyber Torres to first baseman Ben Rice.",R,L,R,NYY,BAL,S,,,0,0,2024,-0.5,1.36,0.4,1.42,663624,,,2,7,Top,,,,,,,7.413116335862208,-139.464818100349,-9.690093814926646,-8.084955537028302,27.52565962562234,-12.432675410158232,3.42,1.57,,,,97.3,2114,6.9,745732,624431,700250,650402,518934,683011,663330,657077,665742,53.63,,,,,,,,58,1,4-Seam Fastball,1,5,5,1,5,1,5,1,Infield shade,Standard,204,0.0,-0.039,,,,0.039,,-4,4,0.055,0.945,34,30,35,31,1,3,3,3,1,1,1.09,0.5,-0.5,51.4
FF,2024-06-19,96.1,-1.88,6.0,"Kahnle, Tommy",663624,592454,double,hit_into_play,,,,,7,"Ryan Mountcastle doubles (17) on a line drive to right fielder Juan Soto. Gunnar Henderson scores. Ryan Mountcastle to 3rd. Ryan Mountcastle advances to 3rd, on a fielding error by right fielder Juan Soto.",R,R,R,NYY,BAL,X,9,line_drive,3,2,2024,-0.5,1.34,-0.33,1.93,,683002,,2,7,Top,178.68,101.56,,,,,5.299528225619488,-139.77988370914554,-8.3231697750658,-7.739930103642744,29.89100593171941,-12.885577628652069,3.67,1.83,323,105.6,16,97.3,2260,6.9,745732,624431,700250,650402,518934,683011,663330,657077,665742,53.61,0.617,0.736,1.25,1,1,1,5,57,6,4-Seam Fastball,1,4,4,1,5,1,5,1,Standard,Standard,202,-0.048,0.903,75.0,7.1,1.114,-0.903,105.6,-3,3,0.103,0.897,34,27,35,27,1,3,3,1,1,1,1.12,0.5,0.5,44.0
SL,2024-06-19,86.5,-2.17,5.79,"Kahnle, Tommy",663624,592454,,ball,,,,,14,"Ryan Mountcastle doubles (17) on a line drive to right fielder Juan Soto. Gunnar Henderson scores. Ryan Mountcastle to 3rd. Ryan Mountcastle advances to 3rd, on a fielding error by right fielder Juan Soto.",R,R,R,NYY,BAL,B,,,2,2,2024,0.46,0.3,1.11,1.04,,683002,,2,7,Top,,,,,,,6.9478287082281245,-125.80457161244412,-5.820303812249909,3.6314787298534106,23.613981952396113,-28.014337273756144,3.48,1.68,,,,87.6,2408,6.8,745732,624431,700250,650402,518934,683011,663330,657077,665742,53.65,,,,,,,,57,5,Slider,1,4,4,1,4,1,4,1,Standard,Standard,121,0.0,0.049,,,,-0.049,,-3,3,0.103,0.897,34,27,35,27,1,3,3,1,1,1,2.73,-0.46,-0.46,41.4
SL,2024-06-19,86.7,-2.26,5.85,"Kahnle, Tommy",663624,592454,,called_strike,,,,,9,"Ryan Mountcastle doubles (17) on a line drive to right fielder Juan Soto. Gunnar Henderson scores. Ryan Mountcastle to 3rd. Ryan Mountcastle advances to 3rd, on a fielding error by right fielder Juan Soto.",R,R,R,NYY,BAL,S,,,2,1,2024,0.32,0.56,0.43,2.06,,683002,,2,7,Top,,,,,,,5.822534110682088,-126.20858532304764,-4.051507350062761,2.2787095351883333,25.04494186742795,-25.58352008211663,3.48,1.57,,,,87.5,2406,6.7,745732,624431,700250,650402,518934,683011,663330,657077,665742,53.79,,,,,,,,57,4,Slider,1,4,4,1,4,1,4,1,Standard,Standard,146,0.0,-0.062,,,,0.062,,-3,3,0.103,0.897,34,27,35,27,1,3,3,1,1,1,2.47,-0.32,-0.32,41.1
SL,2024-06-19,86.1,-2.23,5.83,"Kahnle, Tommy",663624,592454,,ball,,,,,14,"Ryan Mountcastle doubles (17) on a line drive to right fielder Juan Soto. Gunnar Henderson scores. Ryan Mountcastle to 3rd. Ryan Mountcastle advances to 3rd, on a fielding error by right fielder Juan Soto.",R,R,R,NYY,BAL,B,,,1,1,2024,0.66,0.45,0.4,1.37,,,683002,2,7,Top,,,,,,,4.931008440125982,-125.3297371308209,-5.313139543434931,6.022897998083276,23.67336282335036,-26.637755803234825,3.48,1.7,,,,86.8,2321,6.6,745732,624431,700250,650402,518934,683011,663330,657077,665742,53.91,,,,,,,,57,3,Slider,1,4,4,1,4,1,4,1,Standard,Standard,140,-0.005,0.05,,,,-0.05,,-3,3,0.108,0.892,34,27,35,27,1,3,3,1,1,1,2.61,-0.66,-0.66,35.4
FF,2024-06-19,94.1,-1.89,5.99,"Kahnle, Tommy",663624,592454,,ball,,,,,13,"Ryan Mountcastle doubles (17) on a line drive to right fielder Juan Soto. Gunnar Henderson scores. Ryan Mountcastle to 3rd. Ryan Mountcastle advances to 3rd, on a fielding error by right fielder Juan Soto.",R,R,R,NYY,BAL,B,,,0,1,2024,-0.63,1.17,-1.34,2.16,,,683002,2,7,Top,,,,,,,2.8471733275497195,-136.90744259154067,-6.826968461428512,-8.601253404384943,30.74023651907116,-16.209309829351128,3.5,1.75,,,,94.7,2238,6.7,745732,624431,700250,650402,518934,683011,663330,657077,665742,53.84,,,,,,,,57,2,4-Seam Fastball,1,4,4,1,4,1,4,1,Standard,Standard,204,0.0,0.032,,,,-0.032,,-3,3,0.108,0.892,34,27,35,27,1,3,3,1,1,1,1.41,0.63,0.63,42.3
SL,2024-06-19,86.8,-2.09,5.9,"Kahnle, Tommy",663624,592454,,called_strike,,,,,8,"Ryan Mountcastle doubles (17) on a line drive to right fielder Juan Soto. Gunnar Henderson scores. Ryan Mountcastle to 3rd. Ryan Mountcastle advances to 3rd, on a fielding error by right fielder Juan Soto.",R,R,R,NYY,BAL,S,,,0,0,2024,0.31,0.29,0.03,2.26,,,683002,2,7,Top,,,,,,,4.444968868978694,-126.4086613965186,-3.19158304603975,2.521275617654769,24.281954211097787,-28.584449328563817,3.58,1.78,,,,87.4,2255,6.5,745732,624431,700250,650402,518934,683011,663330,657077,665742,53.99,,,,,,,,57,1,Slider,1,4,4,1,4,1,4,1,Standard,Standard,149,0.0,-0.047,,,,0.047,,-3,3,0.108,0.892,34,27,35,27,1,3,3,1,1,1,2.71,-0.31,-0.31,41.2
CH,2024-06-16,85.9,-2.23,5.63,"Kahnle, Tommy",678882,592454,field_out,hit_into_play,,,,,14,"Ceddanne Rafaela grounds out, shortstop Anthony Volpe to first baseman Anthony Rizzo.",R,R,R,BOS,NYY,X,6,ground_ball,1,0,2024,-1.03,0.22,0.59,1.43,,,,2,6,Bot,119.57,140.93,,,,,8.84124604342096,-124.80629135461876,-4.201078035749741,-12.482966190832856,23.731615832960163,-29.257857207302187,3.28,1.55,90,77.2,8,86.9,1274,6.9,746945,624431,519203,650402,518934,683011,665742,592450,657077,53.59,0.346,0.353,0.0,1,0,0,2,48,2,Changeup,4,3,4,3,3,4,4,3,Standard,Standard,255,-0.01,-0.295,68.2,8.1,0.408,0.295,88.0,1,1,0.71,0.71,34,23,35,24,1,2,2,1,3,1,2.87,1.03,1.03,33.9
SL,2024-06-16,85.8,-2.01,5.79,"Kahnle, Tommy",678882,592454,,ball,,,,,14,"Ceddanne Rafaela grounds out, shortstop Anthony Volpe to first baseman Anthony Rizzo.",R,R,R,BOS,NYY,B,,,0,0,2024,0.26,0.35,1.37,0.86,,,,2,6,Bot,,,,,,,7.564623960721312,-124.6915302836673,-6.200610533895792,1.2876010298033975,22.969214026420147,-27.525241030041258,3.2,1.52,,,,86.9,2258,6.9,746945,624431,519203,650402,518934,683011,665742,592450,657077,53.62,,,,,,,,48,1,Slider,4,3,4,3,3,4,4,3,Standard,Standard,153,0.0,0.04,,,,-0.04,,1,1,0.71,0.71,34,23,35,24,1,2,2,1,3,1,2.73,-0.26,-0.26,43.8
CH,2024-06-16,86.6,-2.29,5.62,"Kahnle, Tommy",642086,592454,strikeout,swinging_strike,,,,,13,Dominic Smith strikes out swinging.,R,L,R,BOS,NYY,S,2,,2,2,2024,-0.99,-0.16,-0.17,1.3,,,,1,6,Bot,,,,,,,7.138766539937773,-125.89345352012002,-3.808775143866955,-11.91280057611424,24.487481581337484,-33.3308703738785,3.23,1.57,,,,87.4,1312,6.8,746945,624431,519203,650402,518934,683011,665742,592450,657077,53.75,,0.0,0.0,1,0,0,,47,5,Changeup,4,3,4,3,3,4,4,3,Infield shade,Standard,253,-0.015,-0.225,71.5,7.7,,0.225,,1,1,0.725,0.725,34,29,35,29,1,2,2,2,3,2,3.2,0.99,-0.99,32.0
CH,2024-06-16,87.1,-1.98,5.68,"Kahnle, Tommy",642086,592454,,ball,,,,,14,Dominic Smith strikes out swinging.,R,L,R,BOS,NYY,B,,,1,2,2024,-1.18,0.46,0.03,0.64,,,,1,6,Bot,,,,,,,7.294040823093056,-126.51684502390124,-6.893794279483258,-14.12550397010587,26.386175162960615,-26.0049657780773,3.26,1.41,,,,87.7,1568,6.8,746945,624431,519203,650402,518934,683011,665742,592450,657077,53.69,,,,,,,,47,4,Changeup,4,3,4,3,3,4,4,3,Infield shade,Standard,242,0.0,0.043,,,,-0.043,,1,1,0.725,0.725,34,29,35,29,1,2,2,2,3,2,2.56,1.18,-1.18,35.8
CH,2024-06-16,87.3,-2.36,5.62,"Kahnle, Tommy",642086,592454,,swinging_strike,,,,,13,Dominic Smith strikes out swinging.,R,L,R,BOS,NYY,S,,,1,1,2024,-1.2,-0.03,-0.63,1.36,,,,1,6,Bot,,,,,,,6.669913558714681,-126.87964117287814,-3.963648254582494,-14.369039568325242,29.563595453429016,-31.78677250703173,3.23,1.57,,,,87.2,1426,6.6,746945,624431,519203,650402,518934,683011,665742,592450,657077,53.86,,,,,,,,47,3,Changeup,4,3,4,3,3,4,4,3,Standard,Strategic,248,0.0,-0.061,63.1,8.2,,0.061,,1,1,0.725,0.725,34,29,35,29,1,2,2,2,3,2,3.06,1.2,-1.2,31.3
SL,2024-06-16,86.0,-2.19,5.69,"Kahnle, Tommy",642086,592454,,ball,,,,,14,Dominic Smith strikes out swinging.,R,L,R,BOS,NYY,B,,,0,1,2024,0.15,0.47,0.44,0.84,,,,1,6,Bot,,,,,,,5.997478886358497,-125.00416682885648,-6.244047269009528,0.3844458729268287,24.438168181145393,-26.24441216485796,3.23,1.46,,,,86.8,2271,6.8,746945,624431,519203,650402,518934,683011,665742,592450,657077,53.68,,,,,,,,47,2,Slider,4,3,4,3,3,4,4,3,Standard,Strategic,164,0.0,0.024,,,,-0.024,,1,1,0.725,0.725,34,29,35,29,1,2,2,2,3,2,2.62,-0.15,0.15,37.6
FF,2024-06-16,93.4,-1.95,5.84,"Kahnle, Tommy",642086,592454,,called_strike,,,,,5,Dominic Smith strikes out swinging.,R,L,R,BOS,NYY,S,,,0,0,2024,-0.49,1.4,0.18,2.47,,,,1,6,Bot,,,,,,,6.622538917428039,-135.77976643837633,-6.050388667631285,-7.529845553441711,30.47301660948203,-13.752291613769328,3.26,1.43,,,,94.2,2142,6.9,746945,624431,519203,650402,518934,683011,665742,592450,657077,53.64,,,,,,,,47,1,4-Seam Fastball,4,3,4,3,3,4,4,3,Infield shade,Standard,209,0.0,-0.037,,,,0.037,,1,1,0.725,0.725,34,29,35,29,1,2,2,2,3,2,1.23,0.49,-0.49,43.7
CH,2024-06-16,86.2,-2.17,5.71,"Kahnle, Tommy",665839,592454,field_out,hit_into_play,,,,,4,Enmanuel Valdez lines out to first baseman Anthony Rizzo.,R,L,R,BOS,NYY,X,3,line_drive,0,2,2024,-1.17,0.29,-0.36,2.15,,,,0,6,Bot,161.14,161.72,,,,,6.731037961972177,-125.40642049905296,-2.828408614762277,-13.752828369456306,25.245327791480737,-28.78145256584934,3.2,1.61,131,95.2,8,86.9,1482,6.7,746945,624431,519203,650402,518934,683011,665742,592450,657077,53.77,0.597,0.546,0.0,1,0,0,4,46,3,Changeup,4,3,4,3,3,4,4,3,Infield shade,Standard,246,-0.021,-0.163,67.9,8.1,0.66,0.163,95.2,1,1,0.746,0.746,34,25,35,26,1,2,2,1,3,1,2.78,1.17,-1.17,36.4
CH,2024-06-16,85.2,-2.37,5.64,"Kahnle, Tommy",665839,592454,,called_strike,,,,,8,Enmanuel Valdez lines out to first baseman Anthony Rizzo.,R,L,R,BOS,NYY,S,,,0,1,2024,-1.03,0.02,0.21,1.45,,,,0,6,Bot,,,,,,,8.237112287049673,-123.8245526721256,-3.6033928156975743,-12.250247219503697,23.973709916300745,-31.45010049634719,3.2,1.46,,,,86.3,1361,7.0,746945,624431,519203,650402,518934,683011,665742,592450,657077,53.51,,,,,,,,46,2,Changeup,4,3,4,3,3,4,4,3,Standard,Standard,257,0.0,-0.054,,,,0.054,,1,1,0.746,0.746,34,25,35,26,1,2,2,1,3,1,3.12,1.03,-1.03,34.4
SL,2024-06-16,84.1,-2.25,5.86,"Kahnle, Tommy",665839,592454,,called_strike,,,,,4,Enmanuel Valdez lines out to first baseman Anthony Rizzo.,R,L,R,BOS,NYY,S,,,0,0,2024,0.18,0.41,-0.57,2.23,,,,0,6,Bot,,,,,,,3.5536500537315945,-122.41599625030364,-2.87443947825399,1.1377412734769885,23.71356813434407,-27.69827311247535,3.09,1.52,,,,84.6,2218,6.6,746945,624431,519203,650402,518934,683011,665742,592450,657077,53.92,,,,,,,,46,1,Slider,4,3,4,3,3,4,4,3,Infield shade,Standard,157,0.0,-0.037,,,,0.037,,1,1,0.746,0.746,34,25,35,26,1,2,2,1,3,1,2.81,-0.18,0.18,40.9
CH,2024-06-14,85.8,-2.1,5.63,"Kahnle, Tommy",678882,592454,strikeout,swinging_strike,,,,,13,Ceddanne Rafaela strikes out swinging.,R,R,R,BOS,NYY,S,2,,3,2,2024,-1.18,0.15,-0.08,1.25,,657136,665839,1,6,Bot,,,,,,,7.233384278145939,-124.82862995392516,-4.494014481944987,-13.7702185830551,24.12196120555021,-29.877813747671578,3.31,1.56,,,,86.8,1295,6.9,746947,624431,519203,650402,665828,683011,665742,592450,657077,53.63,,0.0,0.0,1,0,0,,55,6,Changeup,1,5,1,5,5,1,1,5,Standard,Standard,254,-0.04,-0.299,72.8,8.4,,0.299,,-4,-4,0.125,0.125,34,23,35,24,1,2,2,1,2,1,2.93,1.18,1.18,34.9
CH,2024-06-14,85.6,-1.94,5.7,"Kahnle, Tommy",678882,592454,,ball,,,,,11,Ceddanne Rafaela strikes out swinging.,R,R,R,BOS,NYY,B,,,2,2,2024,-1.16,0.03,-0.58,3.57,,657136,665839,1,6,Bot,,,,,,,5.607240568480096,-124.60594354583792,1.1804828490986443,-13.207485805713178,24.16295612044396,-32.33473410940239,3.3,1.54,,,,86.5,1436,6.8,746947,624431,519203,650402,665828,683011,665742,592450,657077,53.74,,,,,,,,55,5,Changeup,1,5,1,5,5,1,1,5,Standard,Standard,252,0.0,0.086,,,,-0.086,,-4,-4,0.125,0.125,34,23,35,24,1,2,2,1,2,1,3.07,1.16,1.16,36.0
CH,2024-06-14,85.9,-1.95,5.77,"Kahnle, Tommy",678882,592454,,swinging_strike,,,,,8,Ceddanne Rafaela strikes out swinging.,R,R,R,BOS,NYY,S,,,2,1,2024,-1.01,0.45,0.1,2.04,,657136,665839,1,6,Bot,,,,,,,6.966069159962427,-125.07941087147576,-3.588463410123395,-11.953223477601394,22.282709159052448,-26.98167626894115,3.31,1.56,,,,87.2,1355,6.8,746947,624431,519203,650402,665828,683011,665742,592450,657077,53.71,,,,,,,,55,4,Changeup,1,5,1,5,5,1,1,5,Standard,Strategic,249,0.0,-0.047,74.5,8.5,,0.047,,-4,-4,0.125,0.125,34,23,35,24,1,2,2,1,2,1,2.61,1.01,1.01,40.0
FF,2024-06-14,93.4,-1.55,5.98,"Kahnle, Tommy",678882,592454,,called_strike,,,,,14,Ceddanne Rafaela strikes out swinging.,R,R,R,BOS,NYY,S,,,2,0,2024,-0.54,1.39,0.89,1.48,,657136,665839,1,6,Bot,,,,,,,7.561375758046212,-135.7517933726857,-9.06942814666418,-8.131871231231477,25.20390972758598,-13.275408180890391,3.36,1.62,,,,95.1,2208,7.0,746947,624431,519203,650402,665828,683011,665742,592450,657077,53.48,,,,,,,,55,3,4-Seam Fastball,1,5,1,5,5,1,1,5,Standard,Standard,206,0.0,-0.067,,,,0.067,,-4,-4,0.125,0.125,34,23,35,24,1,2,2,1,2,1,1.2,0.54,0.54,45.3
CH,2024-06-14,86.0,-2.19,5.6,"Kahnle, Tommy",678882,592454,,blocked_ball,,,,,14,Ceddanne Rafaela strikes out swinging.,R,R,R,BOS,NYY,B,,,1,0,2024,-1.27,0.14,0.67,-0.05,,657136,665839,1,6,Bot,,,,,,,9.483940757280449,-124.87246178752191,-7.579823625013208,-15.124290372455146,22.223014827345978,-29.42529494568879,3.3,1.57,,,,87.5,1494,7.1,746947,624431,519203,650402,665828,683011,665742,592450,657077,53.41,,,,,,,,55,2,Changeup,1,5,1,5,5,1,1,5,Standard,Strategic,248,0.0,0.055,,,,-0.055,,-4,-4,0.125,0.125,34,23,35,24,1,2,2,1,2,1,2.92,1.27,1.27,36.1
SL,2024-06-14,85.0,-1.99,5.71,"Kahnle, Tommy",678882,592454,,blocked_ball,,,,,14,Ceddanne Rafaela strikes out swinging.,R,R,R,BOS,NYY,B,,,0,0,2024,0.31,0.36,0.25,0.11,,657136,665839,1,6,Bot,,,,,,,4.680999704116023,-123.71172351687078,-7.654955145817348,2.313185651942803,22.508891576874383,-27.28608562366306,3.3,1.57,,,,86.2,2189,6.9,746947,624431,519203,650402,665828,683011,665742,592450,657077,53.64,,,,,,,,55,1,Slider,1,5,1,5,5,1,1,5,Standard,Strategic,179,0.0,0.03,,,,-0.03,,-4,-4,0.125,0.125,34,23,35,24,1,2,2,1,2,1,2.78,-0.31,-0.31,38.9
CH,2024-06-14,85.9,-2.25,5.63,"Kahnle, Tommy",642086,592454,strikeout,swinging_strike,,,,,7,Dominic Smith strikes out swinging.,R,L,R,BOS,NYY,S,2,,3,2,2024,-1.09,0.38,-0.57,1.62,,657136,665839,0,6,Bot,,,,,,,6.2473817523070405,-125.0506339196209,-4.132790197368859,-12.598290529082572,21.668896329763516,-27.605601242060253,3.26,1.58,,,,87.2,2048,6.8,746947,624431,519203,650402,665828,683011,665742,592450,657077,53.73,,0.0,0.0,1,0,0,,54,6,Changeup,1,5,1,5,5,1,1,5,Standard,Standard,217,-0.051,-0.36,70.5,7.8,,0.36,,-4,-4,0.176,0.176,34,29,35,29,1,2,2,1,2,2,2.67,1.09,-1.09,36.1
FF,2024-06-14,92.5,-1.68,5.9,"Kahnle, Tommy",642086,592454,,ball,,,,,14,Dominic Smith strikes out swinging.,R,L,R,BOS,NYY,B,,,2,2,2024,-0.41,1.4,1.18,2.07,,657136,665839,0,6,Bot,,,,,,,8.279987840370492,-134.49180580713357,-7.116299207999032,-6.592565953455539,26.418430800161552,-13.820520873291638,3.25,1.45,,,,93.9,2205,6.9,746947,624431,519203,650402,665828,683011,665742,592450,657077,53.55,,,,,,,,54,5,4-Seam Fastball,1,5,1,5,5,1,1,5,Standard,Standard,207,0.0,0.137,,,,-0.137,,-4,-4,0.176,0.176,34,29,35,29,1,2,2,1,2,2,1.25,0.41,-0.41,47.9
FF,2024-06-14,93.2,-1.86,5.86,"Kahnle, Tommy",642086,592454,,foul,,,,,4,Dominic Smith strikes out swinging.,R,L,R,BOS,NYY,S,,,2,1,2024,-0.71,1.38,-0.73,2.56,,657136,665839,0,6,Bot,,,,,,,4.530020417178688,-135.64543579810672,-5.860011947883425,-9.79378838029663,28.287252003832165,-13.981357272806722,3.26,1.58,215,82.0,62,94.5,2174,6.9,746947,624431,519203,650402,665828,683011,665742,592450,657077,53.59,,,,,,,,54,4,4-Seam Fastball,1,5,1,5,5,1,1,5,Infield shade,Standard,212,0.0,-0.095,71.8,7.1,,0.095,88.0,-4,-4,0.176,0.176,34,29,35,29,1,2,2,1,2,2,1.23,0.71,-0.71,46.1
CH,2024-06-14,85.7,-2.19,5.6,"Kahnle, Tommy",642086,592454,,ball,,,,,14,Dominic Smith strikes out swinging.,R,L,R,BOS,NYY,B,,,1,1,2024,-1.17,0.36,0.29,0.76,,657136,665839,0,6,Bot,,,,,,,8.279217651364965,-124.55581541132167,-6.006229240939152,-13.74743988420332,21.75406465699704,-27.52136104200755,3.25,1.57,,,,86.8,1346,6.8,746947,624431,519203,650402,665828,683011,665742,592450,657077,53.71,,,,,,,,54,3,Changeup,1,5,1,5,5,1,1,5,Standard,Standard,252,0.0,0.053,,,,-0.053,,-4,-4,0.176,0.176,34,29,35,29,1,2,2,1,2,2,2.72,1.17,-1.17,33.5
FF,2024-06-14,92.4,-1.81,5.86,"Kahnle, Tommy",642086,592454,,called_strike,,,,,9,Dominic Smith strikes out swinging.,R,L,R,BOS,NYY,S,,,1,0,2024,-0.7,1.31,0.59,1.99,,657136,665839,0,6,Bot,,,,,,,7.710950483131077,-134.3278223115715,-7.0197152205416895,-10.03466101509415,25.889927143520797,-14.924562776884056,3.25,1.57,,,,93.7,2174,6.9,746947,624431,519203,650402,665828,683011,665742,592450,657077,53.63,,,,,,,,54,2,4-Seam Fastball,1,5,1,5,5,1,1,5,Infield shade,Standard,211,0.0,-0.055,,,,0.055,,-4,-4,0.176,0.176,34,29,35,29,1,2,2,1,2,2,1.34,0.7,-0.7,43.7
CH,2024-06-14,86.3,-2.05,5.56,"Kahnle, Tommy",642086,592454,,blocked_ball,,,,,14,Dominic Smith strikes out swinging.,R,L,R,BOS,NYY,B,,,0,0,2024,-1.01,0.29,0.35,0.61,,657136,665839,0,6,Bot,,,,,,,7.869794818135689,-125.37053987798164,-6.2446930127663185,-12.18402519439418,22.722833568405004,-28.128822779277098,3.25,1.48,,,,87.7,1338,7.0,746947,624431,519203,650402,665828,683011,665742,592450,657077,53.46,,,,,,,,54,1,Changeup,1,5,1,5,5,1,1,5,Standard,Standard,249,0.0,0.045,,,,-0.045,,-4,-4,0.176,0.176,34,29,35,29,1,2,2,1,2,2,2.76,1.01,-1.01,33.4
CH,2024-06-14,85.9,-1.98,5.59,"Kahnle, Tommy",665839,592454,walk,ball,,,,,14,Enmanuel Valdez walks.   Connor Wong to 2nd.,R,L,R,BOS,NYY,B,,,3,2,2024,-1.01,0.28,0.64,0.97,,,657136,0,6,Bot,,,,,,,8.360010276279942,-124.85226718724763,-5.363846415920426,-12.171334172179984,22.468920312656454,-28.353333060599788,3.2,1.57,,,,87.2,1377,7.0,746947,624431,519203,650402,665828,683011,665742,592450,657077,53.54,,0.689131,0.7,1,0,0,,53,6,Changeup,1,5,1,5,5,1,1,5,Infield shade,Standard,248,0.055,0.291,,,,-0.291,,-4,-4,0.121,0.121,34,25,35,26,1,2,2,1,2,1,2.79,1.01,-1.01,37.2
FF,2024-06-14,92.2,-1.76,6.01,"Kahnle, Tommy",665839,592454,,foul,,,,,2,Enmanuel Valdez walks.   Connor Wong to 2nd.,R,L,R,BOS,NYY,S,,,3,1,2024,-0.62,1.5,-0.28,2.8,,,657136,0,6,Bot,,,,,,,5.165951514585505,-134.1399303222279,-5.682926844161474,-8.573716738550134,26.29654101385144,-12.939608496937586,3.21,1.62,172,82.4,72,93.3,2197,6.8,746947,624431,519203,650402,665828,683011,665742,592450,657077,53.74,,,,,,,,53,5,4-Seam Fastball,1,5,1,5,5,1,1,5,Infield shade,Standard,204,0.0,-0.04,70.6,7.1,,0.04,88.0,-4,-4,0.121,0.121,34,25,35,26,1,2,2,1,2,1,1.16,0.62,-0.62,46.4
FF,2024-06-14,92.6,-1.76,5.81,"Kahnle, Tommy",665839,592454,,ball,,,,,14,Enmanuel Valdez walks.   Connor Wong to 2nd.,R,L,R,BOS,NYY,B,,,2,1,2024,-0.76,1.41,0.99,1.01,,,657136,0,6,Bot,,,,,,,8.796669654975533,-134.39728016544225,-9.667357838567492,-11.0594225250891,26.59341924566476,-13.17092416533396,3.2,1.54,,,,93.9,2181,7.0,746947,624431,519203,650402,665828,683011,665742,592450,657077,53.5,,,,,,,,53,4,4-Seam Fastball,1,5,1,5,5,1,1,5,Infield shade,Standard,212,0.0,0.109,,,,-0.109,,-4,-4,0.121,0.121,34,25,35,26,1,2,2,1,2,1,1.24,0.76,-0.76,44.6
CH,2024-06-14,84.9,-2.06,5.58,"Kahnle, Tommy",665839,592454,,ball,,,,,14,Enmanuel Valdez walks.   Connor Wong to 2nd.,R,L,R,BOS,NYY,B,,,1,1,2024,-0.99,0.08,0.52,0.97,,,657136,0,6,Bot,,,,,,,8.099642667824687,-123.31302730596532,-4.66629350279335,-11.706566309147757,24.30007145253631,-30.58068948459235,3.2,1.57,,,,85.8,1337,6.9,746947,624431,519203,650402,665828,683011,665742,592450,657077,53.55,,,,,,,,53,3,Changeup,1,5,1,5,5,1,1,5,Standard,Standard,254,0.0,0.043,,,,-0.043,,-4,-4,0.121,0.121,34,25,35,26,1,2,2,1,2,1,3.09,0.99,-0.99,34.5
CH,2024-06-14,86.1,-2.19,5.56,"Kahnle, Tommy",665839,592454,,blocked_ball,,,,,13,Enmanuel Valdez walks.   Connor Wong to 2nd.,R,L,R,BOS,NYY,B,,,0,1,2024,-1.26,-0.22,-1.9,0.79,,,657136,0,6,Bot,,,,,,,3.2993354333667195,-125.3865691661094,-4.732316899077307,-14.025572731572575,24.141309243833568,-33.78101797991394,3.2,1.6,,,,87.2,1530,6.8,746947,624431,519203,650402,665828,683011,665742,592450,657077,53.69,,,,,,,,53,2,Changeup,1,5,1,5,5,1,1,5,Standard,Standard,253,0.0,0.034,,,,-0.034,,-4,-4,0.121,0.121,34,25,35,26,1,2,2,1,2,1,3.28,1.26,-1.26,32.7
CH,2024-06-14,84.9,-2.06,5.63,"Kahnle, Tommy",665839,592454,,called_strike,,,,,8,Enmanuel Valdez walks.   Connor Wong to 2nd.,R,L,R,BOS,NYY,S,,,0,0,2024,-1.08,-0.18,0.23,1.64,,,657136,0,6,Bot,,,,,,,7.598174089494309,-123.51756423519682,-2.6845281187253316,-12.571239162499133,23.682581538273396,-33.70046907962394,3.2,1.45,,,,85.8,1389,6.8,746947,624431,519203,650402,665828,683011,665742,592450,657077,53.69,,,,,,,,53,1,Changeup,1,5,1,5,5,1,1,5,Standard,Standard,254,0.0,-0.042,,,,0.042,,-4,-4,0.121,0.121,34,25,35,26,1,2,2,1,2,1,3.33,1.08,-1.08,34.0
FF,2024-06-14,91.6,-1.5,6.01,"Kahnle, Tommy",657136,592454,walk,ball,,,,,12,Connor Wong walks.,R,R,R,BOS,NYY,B,,,3,2,2024,-0.67,1.34,0.06,3.98,,,,0,6,Bot,,,,,,,5.464185629526111,-133.3734405353971,-2.1922316213149458,-9.1724049223884,27.784362485663102,-15.903002302456338,3.27,1.45,,,,93.0,2171,7.0,746947,624431,519203,650402,665828,683011,665742,592450,657077,53.51,,0.689131,0.7,1,0,0,,52,6,4-Seam Fastball,1,5,1,5,5,1,1,5,Standard,Standard,210,0.033,0.371,,,,-0.371,,-4,-4,0.088,0.088,34,28,35,28,1,2,2,2,2,1,1.37,0.67,0.67,50.9
FF,2024-06-14,93.6,-1.66,5.87,"Kahnle, Tommy",657136,592454,,ball,,,,,12,Connor Wong walks.,R,R,R,BOS,NYY,B,,,2,2,2024,-0.86,1.28,0.65,5.18,,,,0,6,Bot,,,,,,,7.942069035807289,-136.11371257598873,1.1703212513536143,-12.484112270868756,29.80256550434614,-16.763688131599714,3.27,1.37,,,,94.6,2241,6.9,746947,624431,519203,650402,665828,683011,665742,592450,657077,53.57,,,,,,,,52,5,4-Seam Fastball,1,5,1,5,5,1,1,5,Standard,Standard,209,0.0,0.107,,,,-0.107,,-4,-4,0.088,0.088,34,28,35,28,1,2,2,2,2,1,1.33,0.86,0.86,46.3
CH,2024-06-14,88.3,-2.1,5.58,"Kahnle, Tommy",657136,592454,,ball,,,,,14,Connor Wong walks.,R,R,R,BOS,NYY,B,,,1,2,2024,-1.24,-0.04,1.45,0.99,,,,0,6,Bot,,,,,,,11.34598614434092,-128.04977035932902,-5.061577218655216,-15.943648985547425,24.926538893316476,-31.6999724374104,3.27,1.34,,,,89.4,1403,7.0,746947,624431,519203,650402,665828,683011,665742,592450,657077,53.5,,,,,,,,52,4,Changeup,1,5,1,5,5,1,1,5,Standard,Standard,245,0.0,0.04,,,,-0.04,,-4,-4,0.088,0.088,34,28,35,28,1,2,2,2,2,1,2.96,1.24,1.24,34.3
FF,2024-06-14,93.5,-1.87,5.83,"Kahnle, Tommy",657136,592454,,foul_tip,,,,,12,Connor Wong walks.,R,R,R,BOS,NYY,S,,,1,1,2024,-0.54,1.45,1.03,2.61,,,,0,6,Bot,,,,,,,8.735980010088166,-135.8297106362028,-5.816329687799909,-8.457956813077354,27.38350449829517,-13.137994320787984,3.28,1.42,,,,94.8,2212,7.0,746947,624431,519203,650402,665828,683011,665742,592450,657077,53.53,,,,,,,,52,3,4-Seam Fastball,1,5,1,5,5,1,1,5,Standard,Standard,213,0.0,-0.056,68.8,7.4,,0.056,,-4,-4,0.088,0.088,34,28,35,28,1,2,2,2,2,1,1.15,0.54,0.54,43.5
CH,2024-06-14,87.3,-1.99,5.63,"Kahnle, Tommy",657136,592454,,ball,,,,,14,Connor Wong walks.,R,R,R,BOS,NYY,B,,,0,1,2024,-1.14,-0.01,1.27,0.85,,,,0,6,Bot,,,,,,,10.296092668075431,-126.79847247361651,-5.417263092384251,-14.298348678368631,23.152864563155703,-31.43754059030728,3.22,1.37,,,,88.5,1407,6.9,746947,624431,519203,650402,665828,683011,665742,592450,657077,53.61,,,,,,,,52,2,Changeup,1,5,1,5,5,1,1,5,Standard,Standard,246,0.0,0.025,,,,-0.025,,-4,-4,0.088,0.088,34,28,35,28,1,2,2,2,2,1,2.99,1.14,1.14,32.8
FF,2024-06-14,93.2,-1.75,5.89,"Kahnle, Tommy",657136,592454,,called_strike,,,,,2,Connor Wong walks.,R,R,R,BOS,NYY,S,,,0,0,2024,-0.88,1.43,0.22,2.66,,,,0,6,Bot,,,,,,,7.094182719232273,-135.53908870495525,-5.758801918878948,-12.327523194689164,28.263290666592365,-13.414691559195058,3.27,1.31,,,,94.4,2228,6.9,746947,624431,519203,650402,665828,683011,665742,592450,657077,53.57,,,,,,,,52,1,4-Seam Fastball,1,5,1,5,5,1,1,5,Standard,Standard,214,0.0,-0.037,,,,0.037,,-4,-4,0.088,0.088,34,28,35,28,1,2,2,2,2,1,1.18,0.88,0.88,40.9
SL,2024-06-12,85.2,-2.4,6.0,"Kahnle, Tommy",676369,592454,field_out,hit_into_play,,,,,6,Nelson Velázquez lines out to center fielder Aaron Judge.,R,R,R,KC,NYY,X,8,line_drive,1,0,2024,0.23,0.43,0.33,2.59,,686469,521692,2,7,Bot,124.69,87.65,,,,,5.967889086270624,-124.05889561835008,-2.658590677169154,1.2966796132648526,22.245723879840224,-27.361093094395407,3.55,1.78,278,89.9,18,85.9,2304,6.5,746294,624431,519203,650402,518934,683011,657077,592450,665742,54.02,0.623,0.6,0.0,1,0,0,4,67,2,Slider,5,11,5,11,11,5,5,11,Standard,Standard,161,-0.009,-0.305,72.0,7.3,0.757,0.305,89.9,-6,-6,0.016,0.016,34,25,35,26,1,3,4,1,2,1,2.68,-0.23,-0.23,42.0
CH,2024-06-12,86.5,-1.85,5.74,"Kahnle, Tommy",676369,592454,,ball,,,,,14,Nelson Velázquez lines out to center fielder Aaron Judge.,R,R,R,KC,NYY,B,,,0,0,2024,-0.88,0.19,1.88,0.61,,686469,521692,2,7,Bot,,,,,,,10.723785346509109,-125.46658931602688,-6.494321586555857,-11.302755105380504,22.0872809110074,-29.108924049097777,3.43,1.68,,,,87.3,1437,6.7,746294,624431,519203,650402,518934,683011,657077,592450,665742,53.83,,,,,,,,67,1,Changeup,5,11,5,11,11,5,5,11,Standard,Standard,250,0.0,0.026,,,,-0.026,,-6,-6,0.016,0.016,34,25,35,26,1,3,4,1,2,1,2.85,0.88,0.88,36.0
CH,2024-06-12,86.6,-1.84,5.64,"Kahnle, Tommy",521692,592454,walk,ball,,,,,14,Salvador Perez walks.   Bobby Witt Jr.  scores.    Vinnie Pasquantino to 2nd.  Wild pitch by pitcher Tommy Kahnle.,R,R,R,KC,NYY,B,,,3,2,2024,-0.91,0.09,2.02,-0.17,677951,,686469,2,7,Bot,,,,,,,11.12672516118835,-125.47131394950917,-7.912621740104298,-11.716730319402457,23.02667058497647,-29.79838820387733,3.59,1.74,,,,87.3,1247,6.8,746294,624431,519203,650402,518934,683011,657077,592450,665742,53.73,,0.689131,0.7,1,0,0,,66,7,Changeup,4,11,4,11,11,5,5,11,Standard,Standard,254,0.008,0.178,,,,-0.178,,-7,-7,0.008,0.008,34,34,35,34,1,3,4,1,2,1,2.95,0.91,0.91,32.6
SL,2024-06-12,85.8,-1.48,5.9,"Kahnle, Tommy",521692,592454,,ball,,,,,14,Salvador Perez walks.   Bobby Witt Jr.  scores.    Vinnie Pasquantino to 2nd.  Wild pitch by pitcher Tommy Kahnle.,R,R,R,KC,NYY,B,,,2,2,2024,0.42,0.44,2.18,1.14,677951,,686469,2,7,Bot,,,,,,,7.833822232309113,-124.79021848929015,-5.986849636059014,3.0741574764475907,21.702522998024172,-26.600839469142525,3.65,1.76,,,,86.7,2315,6.6,746294,624431,519203,650402,518934,683011,657077,592450,665742,53.91,,,,,,,,66,6,Slider,4,11,4,11,11,4,4,11,Standard,Standard,176,0.0,0.08,,,,-0.08,,-7,-7,0.008,0.008,34,34,35,34,1,3,4,1,2,1,2.62,-0.42,-0.42,42.2
CH,2024-06-12,86.4,-1.8,5.7,"Kahnle, Tommy",521692,592454,,blocked_ball,,,,,14,Salvador Perez walks.   Bobby Witt Jr.  scores.    Vinnie Pasquantino to 2nd.  Wild pitch by pitcher Tommy Kahnle.,R,R,R,KC,NYY,B,,,1,2,2024,-1.11,0.79,1.82,-0.13,677951,,686469,2,7,Bot,,,,,,,10.930613972807862,-125.1410128465269,-9.315905872814067,-13.7327236872293,22.775199075203503,-22.175485943595422,3.65,1.71,,,,87.1,1376,6.8,746294,624431,519203,650402,518934,683011,657077,592450,665742,53.74,,,,,,,,66,5,Changeup,4,11,4,11,11,4,4,11,Standard,Standard,249,0.0,0.045,,,,-0.045,,-7,-7,0.008,0.008,34,34,35,34,1,3,4,1,2,1,2.27,1.11,1.11,34.6
CH,2024-06-12,85.8,-1.83,5.74,"Kahnle, Tommy",521692,592454,,foul,,,,,14,Salvador Perez walks.   Bobby Witt Jr.  scores.    Vinnie Pasquantino to 2nd.  Wild pitch by pitcher Tommy Kahnle.,R,R,R,KC,NYY,S,,,1,2,2024,-0.87,0.41,0.87,2.19,677951,,686469,2,7,Bot,,,,,,,8.178632616784665,-124.8124263037007,-3.025610275188043,-10.603071805721768,22.59444807192556,-27.463111315374977,3.65,1.7,208,78.8,19,86.6,1211,6.6,746294,624431,519203,650402,518934,683011,657077,592450,665742,53.94,,,,,,,,66,4,Changeup,4,11,4,11,11,4,4,11,Standard,Standard,254,0.0,0.0,61.8,6.9,,0.0,88.0,-7,-7,0.008,0.008,34,34,35,34,1,3,4,1,2,1,2.66,0.87,0.87,33.1
CH,2024-06-12,87.1,-1.89,5.71,"Kahnle, Tommy",521692,592454,,swinging_strike,,,,,9,Salvador Perez walks.   Bobby Witt Jr.  scores.    Vinnie Pasquantino to 2nd.  Wild pitch by pitcher Tommy Kahnle.,R,R,R,KC,NYY,S,,,1,1,2024,-0.92,0.48,0.4,2.26,677951,,686469,2,7,Bot,,,,,,,7.432014939188521,-126.76664046115668,-3.165380255380259,-11.390554027301762,23.230081128291783,-26.5617825504808,3.65,1.7,,,,87.9,1263,6.6,746294,624431,519203,650402,518934,683011,657077,592450,665742,53.92,,,,,,,,66,3,Changeup,4,11,4,11,11,4,4,11,Standard,Standard,251,0.0,-0.078,67.5,7.9,,0.078,,-7,-7,0.008,0.008,34,34,35,34,1,3,4,1,2,1,2.5,0.92,0.92,32.7
SL,2024-06-12,87.1,-1.46,5.86,"Kahnle, Tommy",521692,592454,,ball,,,,,14,Salvador Perez walks.   Bobby Witt Jr.  scores.    Vinnie Pasquantino to 2nd.  Wild pitch by pitcher Tommy Kahnle.,R,R,R,KC,NYY,B,,,0,1,2024,0.41,0.39,2.08,1.17,677951,,686469,2,7,Bot,,,,,,,7.687657102610211,-126.73214932399196,-6.023396452693809,3.185844636250868,20.87789357615934,-27.040750778582844,3.58,1.7,,,,88.0,2261,6.5,746294,624431,519203,650402,518934,683011,657077,592450,665742,54.04,,,,,,,,66,2,Slider,4,11,4,11,11,4,4,11,Standard,Standard,191,0.0,0.031,,,,-0.031,,-7,-7,0.008,0.008,34,34,35,34,1,3,4,1,2,1,2.57,-0.41,-0.41,38.2
CH,2024-06-12,86.4,-1.69,5.76,"Kahnle, Tommy",521692,592454,,swinging_strike,,,,,14,Salvador Perez walks.   Bobby Witt Jr.  scores.    Vinnie Pasquantino to 2nd.  Wild pitch by pitcher Tommy Kahnle.,R,R,R,KC,NYY,S,,,0,0,2024,-1.01,0.15,0.46,1.06,677951,,686469,2,7,Bot,,,,,,,7.21299333901766,-125.67323799386274,-5.398710205294178,-12.030120084642808,21.42444226963264,-29.819350581225525,3.65,1.7,,,,87.4,1322,6.6,746294,624431,519203,650402,518934,683011,657077,592450,665742,53.94,,,,,,,,66,1,Changeup,4,11,4,11,11,4,4,11,Standard,Standard,250,0.0,-0.046,71.9,9.4,,0.046,,-7,-7,0.008,0.008,34,34,35,34,1,3,4,1,2,1,2.87,1.01,1.01,33.6
SI,2024-06-12,92.1,-2.41,5.87,"Kahnle, Tommy",686469,592454,single,hit_into_play,,,,,6,Vinnie Pasquantino singles on a ground ball to right fielder Juan Soto.   Maikel Garcia scores.    Bobby Witt Jr.  to 3rd.,R,L,R,KC,NYY,X,9,ground_ball,2,1,2024,-1.17,0.8,0.66,2.25,,672580,677951,2,7,Bot,192.83,119.14,,,,,10.407497273882075,-133.85058615569164,-5.199083053718462,-16.15103972929636,23.86406033498338,-21.653901458279833,3.54,1.65,11,105.4,-11,93.3,2099,6.7,746294,624431,519203,650402,518934,683011,657077,592450,665742,53.83,0.309,0.253,0.9,1,1,0,2,65,4,Sinker,3,11,3,11,11,4,4,11,Infield shade,Standard,219,0.004,0.537,73.3,7.2,0.33,-0.537,105.4,-8,-8,0.004,0.004,34,26,35,27,1,3,4,1,2,1,1.86,1.17,-1.17,36.7
CH,2024-06-12,85.5,-2.64,5.77,"Kahnle, Tommy",686469,592454,,ball,,,,,14,Vinnie Pasquantino singles on a ground ball to right fielder Juan Soto.   Maikel Garcia scores.    Bobby Witt Jr.  to 3rd.,R,L,R,KC,NYY,B,,,1,1,2024,-0.86,0.09,0.58,1.19,,672580,677951,2,7,Bot,,,,,,,9.33520240198945,-124.34638761155168,-4.8347283271486425,-10.527638160943306,20.371598165038215,-30.530038393601828,3.47,1.61,,,,86.5,1259,6.5,746294,624431,519203,650402,518934,683011,657077,592450,665742,53.97,,,,,,,,65,3,Changeup,3,11,3,11,11,3,3,11,Infield shade,Standard,253,0.0,0.042,,,,-0.042,,-8,-8,0.004,0.004,34,26,35,27,1,3,4,1,2,1,2.98,0.86,-0.86,34.3
CH,2024-06-12,85.9,-2.63,5.73,"Kahnle, Tommy",686469,592454,,ball,,,,,14,Vinnie Pasquantino singles on a ground ball to right fielder Juan Soto.   Maikel Garcia scores.    Bobby Witt Jr.  to 3rd.,R,L,R,KC,NYY,B,,,0,1,2024,-1.07,0.25,0.86,0.83,,672580,677951,2,7,Bot,,,,,,,10.485844078063236,-124.72115253898347,-5.94901763690826,-13.121126940718788,21.210486546335694,-28.611768253365504,3.52,1.65,,,,86.8,1364,6.7,746294,624431,519203,650402,518934,683011,657077,592450,665742,53.85,,,,,,,,65,2,Changeup,3,11,3,11,11,3,3,11,Infield shade,Standard,251,0.0,0.033,,,,-0.033,,-8,-8,0.004,0.004,34,26,35,27,1,3,4,1,2,1,2.81,1.07,-1.07,31.7
FF,2024-06-12,91.3,-1.93,6.24,"Kahnle, Tommy",686469,592454,,called_strike,,,,,6,Vinnie Pasquantino singles on a ground ball to right fielder Juan Soto.   Maikel Garcia scores.    Bobby Witt Jr.  to 3rd.,R,L,R,KC,NYY,S,,,0,0,2024,-0.27,1.21,0.65,2.25,,672580,677951,2,7,Bot,,,,,,,7.100909994145916,-132.76182696887818,-6.836166633590555,-4.633946216976938,26.29589893472242,-16.56081191775622,3.43,1.65,,,,91.9,2151,6.5,746294,624431,519203,650402,518934,683011,657077,592450,665742,53.97,,,,,,,,65,1,4-Seam Fastball,3,11,3,11,11,3,3,11,Infield shade,Standard,203,0.0,-0.048,,,,0.048,,-8,-8,0.004,0.004,34,26,35,27,1,3,4,1,2,1,1.51,0.27,-0.27,48.2
CH,2024-06-08,86.5,-2.33,5.8,"Kahnle, Tommy",606192,592454,home_run,hit_into_play,,,,,7,Teoscar Hernández hits a grand slam (15) to center field.   Mookie Betts scores.    Shohei Ohtani scores.    Will Smith scores.,R,R,R,NYY,LAD,X,,fly_ball,2,2,2024,-1.16,0.48,-0.41,1.8,605141,660271,669257,1,8,Top,82.88,32.91,,,,,6.986011173314583,-125.8313868334963,-4.352763136371126,-13.750400307073232,24.714343207885733,-26.396952365156803,3.56,1.64,424,104.7,31,87.2,1326,6.7,745735,669224,519203,650402,518934,683011,657077,663757,592450,53.82,0.811,1.635,2.0,1,0,3,6,63,5,Changeup,2,4,4,2,8,2,8,2,Standard,Standard,253,-0.075,1.026,73.3,8.2,3.172,-1.026,104.7,-2,2,0.083,0.917,34,31,35,32,1,3,2,1,4,1,2.56,1.16,1.16,35.1
CH,2024-06-08,86.5,-2.52,5.91,"Kahnle, Tommy",606192,592454,,foul,,,,,1,Teoscar Hernández hits a grand slam (15) to center field.   Mookie Betts scores.    Shohei Ohtani scores.    Will Smith scores.,R,R,R,NYY,LAD,S,,,2,1,2024,-1.14,0.74,-0.41,3.34,605141,660271,669257,1,8,Top,,,,,,,7.405781722687298,-125.6806092053683,-1.3747061698759575,-13.66837567028794,27.71977597539004,-24.27713190935679,3.56,1.64,2,64.5,-55,86.4,1295,6.5,745735,669224,519203,650402,518934,683011,657077,663757,592450,53.96,,,,,,,,63,4,Changeup,2,4,4,2,4,2,4,2,Standard,Standard,253,0.0,-0.088,71.8,7.4,,0.088,88.0,-2,2,0.083,0.917,34,31,35,32,1,3,2,1,4,1,2.33,1.14,1.14,34.7
CH,2024-06-08,86.5,-2.33,5.86,"Kahnle, Tommy",606192,592454,,ball,,,,,14,Teoscar Hernández hits a grand slam (15) to center field.   Mookie Betts scores.    Shohei Ohtani scores.    Will Smith scores.,R,R,R,NYY,LAD,B,,,1,1,2024,-1.03,0.18,1.35,2.39,605141,660271,669257,1,8,Top,,,,,,,10.93627833532677,-125.51449278213876,-2.3739877130014344,-13.237923913626904,27.107397441351967,-29.939303998231953,3.52,1.64,,,,86.6,1222,6.7,745735,669224,519203,650402,518934,683011,657077,663757,592450,53.85,,,,,,,,63,3,Changeup,2,4,4,2,4,2,4,2,Standard,Standard,248,0.0,0.058,,,,-0.058,,-2,2,0.083,0.917,34,31,35,32,1,3,2,1,4,1,2.9,1.03,1.03,36.5
CH,2024-06-08,86.9,-2.25,5.74,"Kahnle, Tommy",606192,592454,,ball,,,,,14,Teoscar Hernández hits a grand slam (15) to center field.   Mookie Betts scores.    Shohei Ohtani scores.    Will Smith scores.,R,R,R,NYY,LAD,B,,,0,1,2024,-1.33,0.12,0.6,0.76,605141,660271,669257,1,8,Top,,,,,,,9.604257037805882,-126.08169532267164,-5.949413366731295,-16.24121256770622,27.60180297503555,-29.749493009166095,3.47,1.64,,,,87.0,1315,6.7,745735,669224,519203,650402,518934,683011,657077,663757,592450,53.79,,,,,,,,63,2,Changeup,2,4,4,2,4,2,4,2,Standard,Standard,249,0.0,0.017,,,,-0.017,,-2,2,0.083,0.917,34,31,35,32,1,3,2,1,4,1,2.93,1.33,1.33,37.7
CH,2024-06-08,86.2,-2.33,5.82,"Kahnle, Tommy",606192,592454,,swinging_strike,,,,,14,Teoscar Hernández hits a grand slam (15) to center field.   Mookie Betts scores.    Shohei Ohtani scores.    Will Smith scores.,R,R,R,NYY,LAD,S,,,0,0,2024,-0.91,0.39,1.03,1.95,605141,660271,669257,1,8,Top,,,,,,,9.869998922176888,-125.05989330984106,-3.6443550932805735,-11.64909492319322,28.107646451796004,-27.50344234129776,3.56,1.64,,,,86.0,1272,6.6,745735,669224,519203,650402,518934,683011,657077,663757,592450,53.89,,,,,,,,63,1,Changeup,2,4,4,2,4,2,4,2,Standard,Standard,255,0.0,-0.041,70.3,9.2,,0.041,,-2,2,0.083,0.917,34,31,35,32,1,3,2,1,4,1,2.73,0.91,0.91,32.9
FF,2024-06-08,93.6,-1.96,6.01,"Kahnle, Tommy",669257,592454,walk,ball,,,,,12,Will Smith walks.   Mookie Betts to 3rd.    Shohei Ohtani to 2nd.,R,R,R,NYY,LAD,B,,,3,2,2024,-0.19,1.34,0.63,3.78,,605141,660271,1,8,Top,,,,,,,7.156369290401813,-136.1219831039952,-2.977532717084048,-4.020986746359563,30.605006601772743,-15.083151264721671,3.25,1.52,,,,94.1,2116,6.7,745735,669224,519203,650402,518934,683011,657077,663757,592450,53.81,,0.689131,0.7,1,0,0,,62,9,4-Seam Fastball,2,4,4,2,4,2,4,2,Standard,Standard,204,-0.029,0.266,,,,-0.266,,-2,2,0.112,0.888,34,29,35,29,1,3,2,1,4,1,1.27,0.19,0.19,44.6
CH,2024-06-08,87.4,-2.29,5.81,"Kahnle, Tommy",669257,592454,,foul,,,,,5,Will Smith walks.   Mookie Betts to 3rd.    Shohei Ohtani to 2nd.,R,R,R,NYY,LAD,S,,,3,2,2024,-1.22,0.4,-0.09,2.59,,605141,660271,1,8,Top,,,,,,,7.866805417231194,-127.04412834052964,-2.4359543560368344,-14.85704750400043,26.71686019034695,-27.508926382525484,3.26,1.52,4,67.9,-37,87.8,1272,6.7,745735,669224,519203,650402,518934,683011,657077,663757,592450,53.84,,,,,,,,62,8,Changeup,2,4,4,2,4,2,4,2,Standard,Standard,250,0.0,0.0,68.6,7.0,,0.0,88.0,-2,2,0.112,0.888,34,29,35,29,1,3,2,1,4,1,2.59,1.22,1.22,35.9
CH,2024-06-08,89.2,-2.37,5.81,"Kahnle, Tommy",669257,592454,,foul,,,,,8,Will Smith walks.   Mookie Betts to 3rd.    Shohei Ohtani to 2nd.,R,R,R,NYY,LAD,S,,,3,2,2024,-1.14,0.2,0.07,2.04,,605141,660271,1,8,Top,,,,,,,8.448957296290057,-129.63197211103474,-3.6760988931656,-14.625547063686929,26.786292943998316,-29.394414002818912,3.26,1.52,2,62.6,-46,89.7,1343,6.6,745735,669224,519203,650402,518934,683011,657077,663757,592450,53.85,,,,,,,,62,7,Changeup,2,4,4,2,4,2,4,2,Standard,Standard,244,0.0,0.0,63.6,7.1,,0.0,88.0,-2,2,0.112,0.888,34,29,35,29,1,3,2,1,4,1,2.67,1.14,1.14,40.6
FF,2024-06-08,94.2,-1.76,6.14,"Kahnle, Tommy",669257,592454,,ball,,,,,14,Will Smith walks.   Mookie Betts to 3rd.    Shohei Ohtani to 2nd.,R,R,R,NYY,LAD,B,,,2,2,2024,-0.32,1.46,0.88,1.57,,605141,660271,1,8,Top,,,,,,,7.591678662104177,-136.77302316504245,-9.443672394100863,-5.661941738383195,29.908319596355575,-11.91413897970016,3.32,1.52,,,,94.8,2088,6.7,745735,669224,519203,650402,518934,683011,657077,663757,592450,53.76,,,,,,,,62,6,4-Seam Fastball,2,4,4,2,4,2,4,2,Standard,Standard,206,0.0,0.086,,,,-0.086,,-2,2,0.112,0.888,34,29,35,29,1,3,2,1,4,1,1.12,0.32,0.32,50.7
SL,2024-06-08,86.1,-2.15,5.89,"Kahnle, Tommy",669257,592454,,blocked_ball,,,,,14,Will Smith walks.   Mookie Betts to 3rd.    Shohei Ohtani to 2nd.,R,R,R,NYY,LAD,B,,,1,2,2024,0.43,0.35,1.54,0.76,,605141,660271,1,8,Top,,,,,,,7.909883383625704,-125.11362409829552,-6.684693993765961,2.980578847289966,24.386656777895507,-27.385436725832957,3.28,1.52,,,,86.7,2197,6.7,745735,669224,519203,650402,518934,683011,657077,663757,592450,53.84,,,,,,,,62,5,Slider,2,4,4,2,4,2,4,2,Standard,Standard,137,0.0,0.035,,,,-0.035,,-2,2,0.112,0.888,34,29,35,29,1,3,2,1,4,1,2.73,-0.43,-0.43,44.5
FF,2024-06-08,94.6,-2.02,6.13,"Kahnle, Tommy",669257,592454,,foul,,,,,12,Will Smith walks.   Mookie Betts to 3rd.    Shohei Ohtani to 2nd.,R,R,R,NYY,LAD,S,,,1,2,2024,-0.05,1.33,0.93,2.92,,605141,660271,1,8,Top,,,,,,,7.821710369393058,-137.36745887939333,-5.607536817225913,-2.5625301339167557,33.81375078977049,-14.31279043636532,3.26,1.52,267,83.2,33,94.5,2220,6.6,745735,669224,519203,650402,518934,683011,657077,663757,592450,53.92,,,,,,,,62,4,4-Seam Fastball,2,4,4,2,4,2,4,2,Standard,Standard,206,0.0,0.0,57.5,6.1,,0.0,88.0,-2,2,0.112,0.888,34,29,35,29,1,3,2,1,4,1,1.25,0.05,0.05,47.5
FF,2024-06-08,94.6,-2.12,6.09,"Kahnle, Tommy",669257,592454,,swinging_strike,,,,,2,Will Smith walks.   Mookie Betts to 3rd.    Shohei Ohtani to 2nd.,R,R,R,NYY,LAD,S,,,1,1,2024,-0.54,1.61,0.07,2.84,,605141,660271,1,8,Top,,,,,,,6.953129140825531,-137.43370653339508,-6.3418662671461155,-8.436640109560447,32.881001232621934,-10.583446137769547,3.26,1.52,,,,94.6,2227,6.5,745735,669224,519203,650402,518934,683011,657077,663757,592450,53.97,,,,,,,,62,3,4-Seam Fastball,2,4,4,2,4,2,4,2,Standard,Standard,210,0.0,-0.04,67.1,6.4,,0.04,,-2,2,0.112,0.888,34,29,35,29,1,3,2,1,4,1,0.96,0.54,0.54,44.9
CH,2024-06-08,86.9,-2.61,5.84,"Kahnle, Tommy",669257,592454,,foul,,,,,4,Will Smith walks.   Mookie Betts to 3rd.    Shohei Ohtani to 2nd.,R,R,R,NYY,LAD,S,,,1,0,2024,-1.16,0.25,-0.66,2.69,,605141,660271,1,8,Top,,,,,,,7.099931153015771,-126.45218253833416,-1.8755802010757283,-13.892965963104128,25.90694998079642,-29.31444420369432,3.26,1.52,301,92.9,43,87.4,1243,6.6,745735,669224,519203,650402,518934,683011,657077,663757,592450,53.9,,,,,,,,62,2,Changeup,2,4,4,2,4,2,4,2,Standard,Standard,249,0.0,-0.054,74.4,7.6,,0.054,92.9,-2,2,0.112,0.888,34,29,35,29,1,3,2,1,4,1,2.77,1.16,1.16,31.8
FF,2024-06-08,94.1,-1.93,5.97,"Kahnle, Tommy",669257,592454,,ball,,,,,14,Will Smith walks.   Mookie Betts to 3rd.    Shohei Ohtani to 2nd.,R,R,R,NYY,LAD,B,,,0,0,2024,-0.72,1.55,1.01,1.14,,605141,660271,1,8,Top,,,,,,,9.249996255421138,-136.44664355676474,-10.297938075576258,-10.905554949934496,28.623694010436928,-10.610178170342902,3.35,1.52,,,,94.7,2145,6.7,745735,669224,519203,650402,518934,683011,657077,663757,592450,53.77,,,,,,,,62,1,4-Seam Fastball,2,4,4,2,4,2,4,2,Standard,Standard,210,0.0,0.03,,,,-0.03,,-2,2,0.112,0.888,34,29,35,29,1,3,2,1,4,1,1.03,0.72,0.72,47.8
CH,2024-06-08,87.9,-2.34,5.63,"Kahnle, Tommy",518692,592454,strikeout,swinging_strike_blocked,,,,,13,Freddie Freeman strikes out swinging.,R,L,R,NYY,LAD,S,2,,2,2,2024,-1.1,0.1,-0.2,0.28,,605141,660271,0,8,Top,,,,,,,7.519782069267848,-127.6751658554933,-7.078166520505246,-13.646516033744367,26.761201315786707,-29.727732065449036,3.6,1.78,,,,88.4,1203,6.8,745735,669224,519203,650402,518934,683011,657077,663757,592450,53.73,,0.0,0.0,1,0,0,,61,6,Changeup,2,4,4,2,4,2,4,2,Standard,Standard,254,0.025,-0.223,60.0,8.3,,0.223,,-2,2,0.087,0.913,34,34,35,35,1,3,2,1,4,1,2.86,1.1,-1.1,32.6
CH,2024-06-08,87.6,-2.28,5.77,"Kahnle, Tommy",518692,592454,,foul,,,,,9,Freddie Freeman strikes out swinging.,R,L,R,NYY,LAD,S,,,2,2,2024,-1.15,0.46,0.52,2.08,,605141,660271,0,8,Top,,,,,,,9.15453734577714,-127.19216541783562,-3.711695782590363,-14.319576953679098,25.847622019985952,-26.643438910034607,3.6,1.78,,,,87.9,1321,6.6,745735,669224,519203,650402,518934,683011,657077,663757,592450,53.92,,,,,,,,61,5,Changeup,2,4,4,2,4,2,4,2,Standard,Standard,249,0.0,0.0,72.4,7.1,,0.0,,-2,2,0.087,0.913,34,34,35,35,1,3,2,1,4,1,2.53,1.15,-1.15,35.2
CH,2024-06-08,87.1,-2.36,5.61,"Kahnle, Tommy",518692,592454,,blocked_ball,,,,,14,Freddie Freeman strikes out swinging.,R,L,R,NYY,LAD,B,,,1,2,2024,-1.04,0.49,0.52,0.59,,605141,660271,0,8,Top,,,,,,,9.117159921602424,-126.43795702646553,-6.975426051464563,-12.967583986466044,23.27367558817412,-25.668657268959873,3.56,1.78,,,,88.0,1366,6.8,745735,669224,519203,650402,518934,683011,657077,663757,592450,53.72,,,,,,,,61,4,Changeup,2,4,4,2,4,2,4,2,Standard,Standard,251,0.0,0.026,,,,-0.026,,-2,2,0.087,0.913,34,34,35,35,1,3,2,1,4,1,2.5,1.04,-1.04,34.9
CH,2024-06-08,87.8,-2.47,5.72,"Kahnle, Tommy",518692,592454,,swinging_strike,,,,,13,Freddie Freeman strikes out swinging.,R,L,R,NYY,LAD,S,,,1,1,2024,-1.19,0.09,-0.05,1.55,,605141,660271,0,8,Top,,,,,,,8.371912034539053,-127.68132926762836,-4.241023952508474,-14.649773988067626,24.335681527335044,-30.5114065605011,3.6,1.78,,,,88.7,1315,6.7,745735,669224,519203,650402,518934,683011,657077,663757,592450,53.79,,,,,,,,61,3,Changeup,2,4,4,2,4,2,4,2,Standard,Standard,246,0.0,-0.069,72.2,7.9,,0.069,,-2,2,0.087,0.913,34,34,35,35,1,3,2,1,4,1,2.85,1.19,-1.19,32.8
SI,2024-06-08,94.9,-2.2,5.83,"Kahnle, Tommy",518692,592454,,ball,,,,,14,Freddie Freeman strikes out swinging.,R,L,R,NYY,LAD,B,,,0,1,2024,-1.41,0.92,0.28,1.18,,605141,660271,0,8,Top,,,,,,,9.699972466011946,-137.66091190134128,-8.6090186760555,-20.09198946543792,29.550563168664045,-18.643990551984057,3.64,1.78,,,,95.4,2121,6.7,745735,669224,519203,650402,518934,683011,657077,663757,592450,53.83,,,,,,,,61,2,Sinker,2,4,4,2,4,2,4,2,Standard,Standard,222,0.0,0.034,,,,-0.034,,-2,2,0.087,0.913,34,34,35,35,1,3,2,1,4,1,1.62,1.41,-1.41,39.3
FF,2024-06-08,93.3,-2.08,6.04,"Kahnle, Tommy",518692,592454,,called_strike,,,,,5,Freddie Freeman strikes out swinging.,R,L,R,NYY,LAD,S,,,0,0,2024,-0.41,1.33,0.0,2.79,,605141,660271,0,8,Top,,,,,,,6.286585144519108,-135.75505410017357,-5.6322756514616925,-6.35583174649642,27.35800194167161,-14.620544412873404,3.67,1.78,,,,94.3,2140,6.7,745735,669224,519203,650402,518934,683011,657077,663757,592450,53.79,,,,,,,,61,1,4-Seam Fastball,2,4,4,2,4,2,4,2,Standard,Standard,205,0.0,-0.044,,,,0.044,,-2,2,0.087,0.913,34,34,35,35,1,3,2,1,4,1,1.27,0.41,-0.41,47.3
FF,2024-06-08,95.5,-1.92,6.02,"Kahnle, Tommy",660271,592454,fielders_choice,hit_into_play,,,,,3,"Shohei Ohtani reaches on a fielder's choice, fielded by second baseman Gleyber Torres.   Mookie Betts to 2nd.  Mookie Betts advances to 2nd, on a fielding error by second baseman Gleyber Torres.",R,L,R,NYY,LAD,X,4,ground_ball,1,2,2024,-0.26,1.52,0.35,3.34,,,605141,0,8,Top,146.69,148.86,,,,,6.562189307690658,-138.9034732441773,-4.811735717451727,-4.91064057408519,33.01692628309535,-11.616436378113232,3.5,1.59,59,73.1,3,95.4,2232,6.4,745735,669224,519203,650402,518934,683011,657077,663757,592450,54.13,0.134,0.125,0.9,1,0,0,2,60,4,4-Seam Fastball,2,4,4,2,4,2,4,2,Infield shade,Standard,208,-0.025,0.516,73.4,6.8,0.164,-0.516,88.0,-2,2,0.112,0.888,34,29,35,30,1,3,2,1,4,1,0.99,0.26,-0.26,46.5
CH,2024-06-08,88.3,-2.29,5.76,"Kahnle, Tommy",660271,592454,,ball,,,,,13,"Shohei Ohtani reaches on a fielder's choice, fielded by second baseman Gleyber Torres.   Mookie Betts to 2nd.  Mookie Betts advances to 2nd, on a fielding error by second baseman Gleyber Torres.",R,L,R,NYY,LAD,B,,,0,2,2024,-1.07,0.34,-0.05,1.23,,,605141,0,8,Top,,,,,,,7.764142777228937,-128.30507180675338,-5.65325780983798,-13.493124632678704,27.07140466474657,-27.439228180342734,3.56,1.59,,,,88.9,1343,6.8,745735,669224,519203,650402,518934,683011,657077,663757,592450,53.73,,,,,,,,60,3,Changeup,2,4,4,2,4,2,4,2,Standard,Standard,247,0.0,0.033,,,,-0.033,,-2,2,0.112,0.888,34,29,35,30,1,3,2,1,4,1,2.6,1.07,-1.07,34.8
CH,2024-06-08,87.1,-2.25,5.78,"Kahnle, Tommy",660271,592454,,swinging_strike,,,,,14,"Shohei Ohtani reaches on a fielder's choice, fielded by second baseman Gleyber Torres.   Mookie Betts to 2nd.  Mookie Betts advances to 2nd, on a fielding error by second baseman Gleyber Torres.",R,L,R,NYY,LAD,S,,,0,1,2024,-0.88,0.46,0.34,1.46,,,605141,0,8,Top,,,,,,,8.066476173674774,-126.59164679041056,-5.160293478743539,-11.08222161188528,26.04503850503253,-26.373219658629857,3.5,1.59,,,,87.5,1266,6.6,745735,669224,519203,650402,518934,683011,657077,663757,592450,53.86,,,,,,,,60,2,Changeup,2,4,4,2,4,2,4,2,Standard,Standard,253,0.0,-0.048,79.2,8.8,,0.048,,-2,2,0.112,0.888,34,29,35,30,1,3,2,1,4,1,2.56,0.88,-0.88,33.4
CH,2024-06-08,87.3,-2.35,5.77,"Kahnle, Tommy",660271,592454,,called_strike,,,,,12,"Shohei Ohtani reaches on a fielder's choice, fielded by second baseman Gleyber Torres.   Mookie Betts to 2nd.  Mookie Betts advances to 2nd, on a fielding error by second baseman Gleyber Torres.",R,L,R,NYY,LAD,S,,,0,0,2024,-1.1,0.17,0.51,3.64,,,605141,0,8,Top,,,,,,,9.214722956703978,-126.8500882984177,0.7181104987959869,-13.848593106586083,27.12361661049032,-30.712723167296257,3.49,1.67,,,,87.7,1340,6.7,745735,669224,519203,650402,518934,683011,657077,663757,592450,53.79,,,,,,,,60,1,Changeup,2,4,4,2,4,2,4,2,Standard,Standard,253,0.0,-0.042,,,,0.042,,-2,2,0.112,0.888,34,29,35,30,1,3,2,1,4,1,2.84,1.1,-1.1,35.3
FF,2024-06-08,95.0,-1.84,6.08,"Kahnle, Tommy",605141,592454,walk,ball,,,,,12,Mookie Betts walks.,R,R,R,NYY,LAD,B,,,3,2,2024,-0.14,1.46,1.22,2.6,,,,0,8,Top,,,,,,,8.360650338400907,-137.94235362220405,-6.716345577531022,-3.6908942042515926,31.24129308967949,-12.206199786880624,3.19,1.51,,,,95.3,2175,6.6,745735,669224,519203,650402,518934,683011,657077,663757,592450,53.87,,0.689131,0.7,1,0,0,,59,6,4-Seam Fastball,2,4,4,2,4,2,4,2,Standard,Standard,208,-0.018,0.371,,,,-0.371,,-2,2,0.13,0.87,34,31,35,32,1,3,2,1,4,1,1.08,0.14,0.14,45.9
FF,2024-06-08,94.5,-1.91,6.07,"Kahnle, Tommy",605141,592454,,ball,,,,,13,Mookie Betts walks.,R,R,R,NYY,LAD,B,,,2,2,2024,-0.68,1.45,-1.3,2.35,,,,0,8,Top,,,,,,,3.1158924608031717,-137.49099375997596,-7.23070223052658,-9.34710273577948,32.04811564612505,-12.404508043012031,3.19,1.51,,,,94.8,2136,6.6,745735,669224,519203,650402,518934,683011,657077,663757,592450,53.9,,,,,,,,59,5,4-Seam Fastball,2,4,4,2,4,2,4,2,Standard,Standard,204,0.0,0.107,,,,-0.107,,-2,2,0.13,0.87,34,31,35,32,1,3,2,1,4,1,1.12,0.68,0.68,47.9
CH,2024-06-08,88.0,-2.29,5.81,"Kahnle, Tommy",605141,592454,,called_strike,,,,,6,Mookie Betts walks.,R,R,R,NYY,LAD,S,,,2,1,2024,-0.95,0.31,0.46,2.54,,,,0,8,Top,,,,,,,8.66741601920518,-127.85507542635524,-2.4341523189739345,-12.211130102064573,26.70276690041832,-28.51829629624718,3.27,1.51,,,,88.2,1279,6.6,745735,669224,519203,650402,518934,683011,657077,663757,592450,53.94,,,,,,,,59,4,Changeup,2,4,4,2,4,2,4,2,Standard,Standard,251,0.0,-0.069,,,,0.069,,-2,2,0.13,0.87,34,31,35,32,1,3,2,1,4,1,2.65,0.95,0.95,34.7
CH,2024-06-08,87.2,-2.21,5.82,"Kahnle, Tommy",605141,592454,,swinging_strike,,,,,14,Mookie Betts walks.,R,R,R,NYY,LAD,S,,,2,0,2024,-1.18,0.06,0.58,0.99,,,,0,8,Top,,,,,,,9.165362054935525,-126.52167549304164,-5.563181400380887,-14.57477178121079,26.42851627983158,-30.51717939239303,3.2,1.51,,,,87.6,1356,6.7,745735,669224,519203,650402,518934,683011,657077,663757,592450,53.75,,,,,,,,59,3,Changeup,2,4,4,2,4,2,4,2,Standard,Standard,247,0.0,-0.065,44.0,7.3,,0.065,,-2,2,0.13,0.87,34,31,35,32,1,3,2,1,4,1,2.96,1.18,1.18,35.5
CH,2024-06-08,88.5,-2.28,5.74,"Kahnle, Tommy",605141,592454,,ball,,,,,14,Mookie Betts walks.,R,R,R,NYY,LAD,B,,,1,0,2024,-0.97,0.13,1.49,1.89,,,,0,8,Top,,,,,,,11.282159249535496,-128.43459763228208,-3.6073130477831903,-13.01198505950738,26.167466097950378,-30.16726531275147,3.25,1.51,,,,89.1,1313,6.8,745735,669224,519203,650402,518934,683011,657077,663757,592450,53.73,,,,,,,,59,2,Changeup,2,4,4,2,4,2,4,2,Standard,Standard,246,0.0,0.069,,,,-0.069,,-2,2,0.13,0.87,34,31,35,32,1,3,2,1,4,1,2.79,0.97,0.97,33.0
FF,2024-06-08,94.5,-2.07,6.08,"Kahnle, Tommy",605141,592454,,ball,,,,,12,Mookie Betts walks.,R,R,R,NYY,LAD,B,,,0,0,2024,-0.26,1.42,1.56,3.43,,,,0,8,Top,,,,,,,10.080463045960418,-137.28532585877667,-4.417795220602229,-5.457374768651035,29.749985147428333,-13.347788694787814,3.13,1.49,,,,95.2,2070,6.7,745735,669224,519203,650402,518934,683011,657077,663757,592450,53.78,,,,,,,,59,1,4-Seam Fastball,2,4,4,2,4,2,4,2,Standard,Standard,208,0.0,0.038,,,,-0.038,,-2,2,0.13,0.87,34,31,35,32,1,3,2,1,4,1,1.13,0.26,0.26,44.2
FF,2024-06-06,93.6,-2.15,5.99,"Kahnle, Tommy",621043,592454,force_out,hit_into_play,,,,,5,"Carlos Correa grounds into a force out, shortstop Anthony Volpe to second baseman Gleyber Torres. Manuel Margot out at 2nd.",R,R,R,NYY,MIN,X,6,ground_ball,2,2,2024,-0.7,1.01,-0.12,2.56,,543877,622534,2,8,Top,96.74,141.23,,,,,6.87680990456553,-136.08400812571963,-5.417678721870177,-10.244270308545524,30.03434538709541,-18.664484812460184,3.69,1.77,30,110.4,-3,95.0,1923,7.2,745738,669224,519203,650402,665828,683011,657077,663757,592450,53.32,0.437,0.393,0.0,1,0,0,4,75,5,4-Seam Fastball,8,5,5,8,5,8,5,8,Standard,Standard,206,0.039,-0.205,77.0,7.2,0.444,0.205,110.4,3,-3,0.936,0.064,34,29,35,30,1,4,2,1,2,1,1.6,0.7,0.7,46.5
CH,2024-06-06,86.7,-2.61,5.67,"Kahnle, Tommy",621043,592454,,foul,,,,,8,"Carlos Correa grounds into a force out, shortstop Anthony Volpe to second baseman Gleyber Torres. Manuel Margot out at 2nd.",R,R,R,NYY,MIN,S,,,2,1,2024,-1.06,-0.18,-0.26,1.87,,543877,622534,2,8,Top,,,,,,,7.861290880219106,-126.03261864723125,-2.4678329445095235,-12.983721738817128,27.74716065724094,-33.75541079352577,3.69,1.77,,,,87.2,1121,6.9,745738,669224,519203,650402,665828,683011,657077,663757,592450,53.65,,,,,,,,75,4,Changeup,8,5,5,8,5,8,5,8,Standard,Standard,255,0.0,-0.102,85.4,8.3,,0.102,,3,-3,0.936,0.064,34,29,35,30,1,4,2,1,2,1,3.24,1.06,1.06,35.1
CH,2024-06-06,87.8,-2.33,5.91,"Kahnle, Tommy",621043,592454,,called_strike,,,,,4,"Carlos Correa grounds into a force out, shortstop Anthony Volpe to second baseman Gleyber Torres. Manuel Margot out at 2nd.",R,R,R,NYY,MIN,S,,,2,0,2024,-1.18,0.16,-0.42,2.71,,543877,622534,2,8,Top,,,,,,,7.09493038122484,-127.59823046045284,-1.8901721398393223,-14.388078621572712,28.746921496977475,-30.27895113584404,3.43,1.51,,,,88.0,1193,6.7,745738,669224,519203,650402,665828,683011,657077,663757,592450,53.8,,,,,,,,75,3,Changeup,8,5,5,8,5,8,5,8,Standard,Standard,245,0.0,-0.043,,,,0.043,,3,-3,0.936,0.064,34,29,35,30,1,4,2,1,2,1,2.83,1.18,1.18,33.2
CH,2024-06-06,87.5,-2.28,5.7,"Kahnle, Tommy",621043,592454,,ball,,,,,14,"Carlos Correa grounds into a force out, shortstop Anthony Volpe to second baseman Gleyber Torres. Manuel Margot out at 2nd.",R,R,R,NYY,MIN,B,,,1,0,2024,-0.97,0.16,0.6,0.98,,543877,622534,2,8,Top,,,,,,,9.006296445342482,-127.03088424869286,-5.582256257468577,-12.354365688382687,26.49084899098013,-29.454939108685924,3.48,1.61,,,,88.2,1205,6.9,745738,669224,519203,650402,665828,683011,657077,663757,592450,53.62,,,,,,,,75,2,Changeup,8,5,5,8,5,8,5,8,Standard,Standard,253,0.0,0.044,,,,-0.044,,3,-3,0.936,0.064,34,29,35,30,1,4,2,1,2,1,2.84,0.97,0.97,30.5
CH,2024-06-06,87.8,-2.21,5.79,"Kahnle, Tommy",621043,592454,,ball,,,,,14,"Carlos Correa grounds into a force out, shortstop Anthony Volpe to second baseman Gleyber Torres. Manuel Margot out at 2nd.",R,R,R,NYY,MIN,B,,,0,0,2024,-0.99,0.28,1.3,2.29,,543877,622534,2,8,Top,,,,,,,10.615552380610158,-127.46443491803772,-2.8892845818665567,-13.049119031391577,26.856259748552187,-28.73414210492438,3.53,1.66,,,,88.3,1052,6.8,745738,669224,519203,650402,665828,683011,657077,663757,592450,53.71,,,,,,,,75,1,Changeup,8,5,5,8,5,8,5,8,Standard,Standard,255,0.0,0.026,,,,-0.026,,3,-3,0.936,0.064,34,29,35,30,1,4,2,1,2,1,2.7,0.99,0.99,33.7
CH,2024-06-06,86.6,-2.59,5.72,"Kahnle, Tommy",680777,592454,strikeout,called_strike,,,,,1,Ryan Jeffers called out on strikes.,R,R,R,NYY,MIN,S,2,,3,2,2024,-0.7,-0.1,-0.55,3.3,,543877,622534,1,8,Top,,,,,,,6.3609554837675075,-126.09662812299965,0.6084010010968972,-8.736444603887918,24.170539932046008,-33.584000991295966,3.27,1.4,,,,87.8,1082,6.9,745738,669224,519203,650402,665828,683011,657077,663757,592450,53.64,,0.0,0.0,1,0,0,,74,6,Changeup,8,5,5,8,5,8,5,8,Standard,Standard,256,0.05,-0.299,,,,0.299,,3,-3,0.886,0.114,34,27,35,27,1,1,2,1,2,1,3.12,0.7,0.7,34.8
CH,2024-06-06,88.1,-2.38,5.63,"Kahnle, Tommy",680777,592454,,blocked_ball,,,,,14,Ryan Jeffers called out on strikes.,R,R,R,NYY,MIN,B,,,2,2,2024,-1.23,0.14,0.57,0.31,,543877,622534,1,8,Top,,,,,,,9.799247177705702,-127.81088792466944,-7.12647631411742,-15.541173940665526,26.988082205103545,-29.26184406150815,3.14,1.51,,,,88.7,1212,6.9,745738,669224,519203,650402,665828,683011,657077,663757,592450,53.63,,,,,,,,74,5,Changeup,8,5,5,8,5,8,5,8,Standard,Standard,255,0.0,0.086,,,,-0.086,,3,-3,0.886,0.114,34,27,35,27,1,1,2,1,2,1,2.82,1.23,1.23,31.5
CH,2024-06-06,88.3,-2.11,5.85,"Kahnle, Tommy",680777,592454,,swinging_strike,,,,,14,Ryan Jeffers called out on strikes.,R,R,R,NYY,MIN,S,,,2,1,2024,-1.19,0.13,0.25,1.25,,543877,622534,1,8,Top,,,,,,,8.294465357046438,-128.37237990786053,-5.4502174681059605,-14.850242042543302,25.25662106767088,-29.80593997961889,3.3,1.56,,,,89.3,1262,6.8,745738,669224,519203,650402,665828,683011,657077,663757,592450,53.67,,,,,,,,74,4,Changeup,8,5,5,8,5,8,5,8,Standard,Standard,252,0.0,-0.047,78.2,8.6,,0.047,,3,-3,0.886,0.114,34,27,35,27,1,1,2,1,2,1,2.79,1.19,1.19,33.6
CH,2024-06-06,87.5,-2.26,5.69,"Kahnle, Tommy",680777,592454,,ball,,,,,14,Ryan Jeffers called out on strikes.,R,R,R,NYY,MIN,B,,,1,1,2024,-1.22,0.3,0.98,1.32,,543877,622534,1,8,Top,,,,,,,10.423640545870478,-126.9629183339774,-5.055376336388662,-15.255676881723746,25.466380841925115,-28.003548021454915,3.3,1.56,,,,88.3,1216,6.9,745738,669224,519203,650402,665828,683011,657077,663757,592450,53.58,,,,,,,,74,3,Changeup,8,5,5,8,5,8,5,8,Standard,Standard,257,0.0,0.042,,,,-0.042,,3,-3,0.886,0.114,34,27,35,27,1,1,2,1,2,1,2.68,1.22,1.22,28.4
CH,2024-06-06,87.2,-2.2,5.79,"Kahnle, Tommy",680777,592454,,swinging_strike,,,,,8,Ryan Jeffers called out on strikes.,R,R,R,NYY,MIN,S,,,1,0,2024,-1.08,0.07,-0.08,1.6,,543877,622534,1,8,Top,,,,,,,7.387826036758584,-126.79504697701688,-4.090243322559204,-13.194031250501634,26.418587913791946,-30.75447711075984,3.3,1.56,,,,88.0,1333,6.9,745738,669224,519203,650402,665828,683011,657077,663757,592450,53.61,,,,,,,,74,2,Changeup,8,5,5,8,5,8,5,8,Standard,Standard,250,0.0,-0.054,77.4,8.9,,0.054,,3,-3,0.886,0.114,34,27,35,27,1,1,2,1,2,1,2.94,1.08,1.08,33.1
CH,2024-06-06,87.8,-2.2,5.8,"Kahnle, Tommy",680777,592454,,ball,,,,,14,Ryan Jeffers called out on strikes.,R,R,R,NYY,MIN,B,,,0,0,2024,-1.18,0.35,1.18,1.72,,543877,622534,1,8,Top,,,,,,,10.734675616588444,-127.36949835399383,-4.450492788387599,-15.142942585289246,27.198244057092584,-27.554278481106525,3.19,1.45,,,,88.5,1175,7.0,745738,669224,519203,650402,665828,683011,657077,663757,592450,53.54,,,,,,,,74,1,Changeup,8,5,5,8,5,8,5,8,Standard,Standard,251,0.0,0.03,,,,-0.03,,3,-3,0.886,0.114,34,27,35,27,1,1,2,1,2,1,2.63,1.18,1.18,35.8
CH,2024-06-06,86.2,-2.4,5.75,"Kahnle, Tommy",622534,592454,single,hit_into_play,,,,,4,Manuel Margot singles on a line drive to left fielder Alex Verdugo. Christian Vázquez to 2nd.,R,R,R,NYY,MIN,X,7,line_drive,2,2,2024,-1.17,0.07,-0.76,2.37,,,543877,1,8,Top,92.54,91.9,,,,,6.330380059338481,-125.4698475322596,-1.9727345560979077,-13.584379016570203,24.958221929804314,-31.240415187831605,3.46,1.66,225,85.0,15,87.0,1232,6.7,745738,669224,519203,650402,665828,683011,657077,663757,592450,53.78,0.954,0.902,0.9,1,1,0,4,73,6,Changeup,8,5,5,8,5,8,5,8,Standard,Standard,250,-0.045,0.427,73.9,6.9,1.104,-0.427,88.0,3,-3,0.931,0.069,34,29,35,30,1,1,2,1,2,2,2.99,1.17,1.17,33.9
FF,2024-06-06,94.7,-1.97,6.08,"Kahnle, Tommy",622534,592454,,foul,,,,,11,Manuel Margot singles on a line drive to left fielder Alex Verdugo. Christian Vázquez to 2nd.,R,R,R,NYY,MIN,S,,,2,2,2024,-0.54,1.24,-1.08,3.16,,,543877,1,8,Top,,,,,,,3.557547838160501,-137.88017930706587,-4.766016630317692,-7.681227799218975,30.993919322378034,-15.558288729246192,3.46,1.66,3,70.6,-47,95.5,2030,6.8,745738,669224,519203,650402,665828,683011,657077,663757,592450,53.73,,,,,,,,73,5,4-Seam Fastball,8,5,5,8,5,8,5,8,Standard,Standard,205,0.0,0.0,19.9,4.0,,0.0,88.0,3,-3,0.931,0.069,34,29,35,30,1,1,2,1,2,2,1.31,0.54,0.54,47.8
SL,2024-06-06,87.4,-2.24,5.88,"Kahnle, Tommy",622534,592454,,ball,,,,,14,Manuel Margot singles on a line drive to left fielder Alex Verdugo. Christian Vázquez to 2nd.,R,R,R,NYY,MIN,B,,,1,2,2024,0.59,0.26,1.08,0.93,,,543877,1,8,Top,,,,,,,6.826309522957091,-127.04781879737624,-6.386726417602455,5.081440673251525,25.343360142399895,-28.287596312795536,3.4,1.5,,,,88.4,2298,6.9,745738,669224,519203,650402,665828,683011,657077,663757,592450,53.62,,,,,,,,73,4,Slider,8,5,5,8,5,8,5,8,Standard,Standard,158,0.0,0.048,,,,-0.048,,3,-3,0.931,0.069,34,29,35,30,1,1,2,1,2,2,2.73,-0.59,-0.59,37.9
CH,2024-06-06,87.4,-2.44,5.75,"Kahnle, Tommy",622534,592454,,foul,,,,,9,Manuel Margot singles on a line drive to left fielder Alex Verdugo. Christian Vázquez to 2nd.,R,R,R,NYY,MIN,S,,,1,1,2024,-0.78,0.08,0.79,1.6,,,543877,1,8,Top,,,,,,,9.473878294050811,-126.86252900658904,-4.020939801973531,-10.313980972630004,25.958564063362584,-30.65101302481886,3.46,1.66,,,,88.2,1103,6.9,745738,669224,519203,650402,665828,683011,657077,663757,592450,53.58,,,,,,,,73,3,Changeup,8,5,5,8,5,8,5,8,Standard,Standard,254,0.0,-0.059,70.1,8.4,,0.059,,3,-3,0.931,0.069,34,29,35,30,1,1,2,1,2,2,2.92,0.78,0.78,34.1
CH,2024-06-06,87.6,-2.54,5.78,"Kahnle, Tommy",622534,592454,,foul,,,,,4,Manuel Margot singles on a line drive to left fielder Alex Verdugo. Christian Vázquez to 2nd.,R,R,R,NYY,MIN,S,,,1,0,2024,-1.07,0.19,-0.77,2.4,,,543877,1,8,Top,,,,,,,6.543869226070136,-127.46355325986666,-2.4398853216391787,-12.981432498731788,25.08295193213057,-29.84915457008778,3.46,1.66,2,61.0,-52,88.8,1231,6.9,745738,669224,519203,650402,665828,683011,657077,663757,592450,53.58,,,,,,,,73,2,Changeup,8,5,5,8,5,8,5,8,Standard,Standard,250,0.0,-0.047,73.7,8.1,,0.047,88.0,3,-3,0.931,0.069,34,29,35,30,1,1,2,1,2,2,2.77,1.07,1.07,34.0
FF,2024-06-06,94.2,-2.0,6.07,"Kahnle, Tommy",622534,592454,,ball,,,,,12,Manuel Margot singles on a line drive to left fielder Alex Verdugo. Christian Vázquez to 2nd.,R,R,R,NYY,MIN,B,,,0,0,2024,-0.57,1.28,0.42,3.71,,,543877,1,8,Top,,,,,,,7.6479218825823665,-136.9551461843864,-3.299015593563444,-8.839850595043524,29.12521703679511,-15.495418872518856,3.46,1.66,,,,95.5,2025,7.0,745738,669224,519203,650402,665828,683011,657077,663757,592450,53.48,,,,,,,,73,1,4-Seam Fastball,8,5,5,8,5,8,5,8,Standard,Standard,206,0.0,0.036,,,,-0.036,,3,-3,0.931,0.069,34,29,35,30,1,1,2,1,2,2,1.29,0.57,0.57,47.0
FF,2024-06-06,94.5,-2.33,5.79,"Kahnle, Tommy",543877,592454,walk,ball,,,,,11,Christian Vázquez walks.,R,R,R,NYY,MIN,B,,,3,0,2024,-0.84,1.14,-0.58,3.39,,,,1,8,Top,,,,,,,6.497138870016789,-137.4894431678852,-3.172423735851055,-12.017835248122507,28.997131428834255,-17.239721258295763,2.99,1.31,,,,95.7,2107,6.9,745738,669224,519203,650402,665828,683011,657077,663757,592450,53.59,,0.689131,0.7,1,0,0,,72,4,4-Seam Fastball,8,5,5,8,5,8,5,8,Standard,Standard,219,-0.025,0.175,,,,-0.175,,3,-3,0.956,0.044,34,33,35,34,1,3,2,2,2,2,1.41,0.84,0.84,38.9
CH,2024-06-06,89.1,-2.49,5.69,"Kahnle, Tommy",543877,592454,,ball,,,,,14,Christian Vázquez walks.,R,R,R,NYY,MIN,B,,,2,0,2024,-1.36,0.32,0.61,0.89,,,,1,8,Top,,,,,,,10.571745871078075,-129.31815856980242,-6.474719009429387,-17.432050791078677,26.341021537503785,-27.414037476689348,2.94,1.36,,,,90.0,1285,6.9,745738,669224,519203,650402,665828,683011,657077,663757,592450,53.57,,,,,,,,72,3,Changeup,8,5,5,8,5,8,5,8,Standard,Standard,246,0.0,0.139,,,,-0.139,,3,-3,0.956,0.044,34,33,35,34,1,3,2,2,2,2,2.56,1.36,1.36,33.8
CH,2024-06-06,89.6,-2.48,5.63,"Kahnle, Tommy",543877,592454,,ball,,,,,13,Christian Vázquez walks.,R,R,R,NYY,MIN,B,,,1,0,2024,-1.15,-0.1,-0.04,0.55,,,,1,8,Top,,,,,,,8.557096504393318,-130.11527305572946,-6.327635162214136,-14.9254938114209,29.27293998299499,-32.08983678545466,2.99,1.46,,,,90.2,1222,6.9,745738,669224,519203,650402,665828,683011,657077,663757,592450,53.6,,,,,,,,72,2,Changeup,8,5,5,8,5,8,5,8,Standard,Standard,249,0.0,0.072,,,,-0.072,,3,-3,0.956,0.044,34,33,35,34,1,3,2,2,2,2,2.97,1.15,1.15,33.7
FF,2024-06-06,94.8,-2.06,5.94,"Kahnle, Tommy",543877,592454,,ball,,,,,12,Christian Vázquez walks.,R,R,R,NYY,MIN,B,,,0,0,2024,-0.7,1.07,1.51,2.57,,,,1,8,Top,,,,,,,10.973248774606548,-137.49516606998566,-5.548294223386534,-11.33957358764665,30.720711907531893,-17.493409267679986,3.09,1.41,,,,95.6,2134,6.9,745738,669224,519203,650402,665828,683011,657077,663757,592450,53.56,,,,,,,,72,1,4-Seam Fastball,8,5,5,8,5,8,5,8,Standard,Standard,210,0.0,0.039,,,,-0.039,,3,-3,0.956,0.044,34,33,35,34,1,3,2,2,2,2,1.48,0.7,0.7,38.2
CH,2024-06-06,89.6,-2.51,5.7,"Kahnle, Tommy",571657,592454,strikeout,swinging_strike,,,,,14,Kyle Farmer strikes out swinging.,R,R,R,NYY,MIN,S,2,,1,2,2024,-0.99,-0.16,0.55,1.27,,,,0,8,Top,,,,,,,9.728107446074816,-129.98459949295665,-4.560993307911934,-13.39170250926056,29.299156892901387,-33.18442962137566,3.45,1.6,,,,90.0,1187,6.9,745738,669224,519203,650402,665828,683011,657077,663757,592450,53.65,,0.0,0.0,1,0,0,,71,7,Changeup,8,5,5,8,5,8,5,8,Standard,Standard,252,0.021,-0.186,72.6,7.5,,0.186,,3,-3,0.935,0.065,34,33,35,34,1,3,2,1,2,3,3.04,0.99,0.99,33.4
SL,2024-06-06,88.0,-2.16,5.84,"Kahnle, Tommy",571657,592454,,foul,,,,,14,Kyle Farmer strikes out swinging.,R,R,R,NYY,MIN,S,,,1,2,2024,0.31,0.24,1.12,1.76,,,,0,8,Top,,,,,,,7.409730291079745,-128.00552246217114,-4.36712362882516,1.9838649407427948,24.880580999552286,-28.84176495537396,3.45,1.6,1,88.0,-57,89.2,2125,6.9,745738,669224,519203,650402,665828,683011,657077,663757,592450,53.56,,,,,,,,71,6,Slider,8,5,5,8,5,8,5,8,Standard,Standard,142,0.0,0.0,66.2,7.3,,0.0,88.0,3,-3,0.935,0.065,34,33,35,34,1,3,2,1,2,3,2.69,-0.31,-0.31,41.2
CH,2024-06-06,88.4,-2.46,5.79,"Kahnle, Tommy",571657,592454,,foul,,,,,4,Kyle Farmer strikes out swinging.,R,R,R,NYY,MIN,S,,,1,2,2024,-0.74,0.48,-0.67,2.86,,,,0,8,Top,,,,,,,5.9403500330589765,-128.65199396462702,-2.050168182784093,-9.489551707341036,27.038276167912624,-26.642633274371494,3.45,1.6,46,95.3,-1,89.0,1268,6.7,745738,669224,519203,650402,665828,683011,657077,663757,592450,53.81,,,,,,,,71,5,Changeup,8,5,5,8,5,8,5,8,Standard,Standard,254,0.0,0.0,71.7,6.9,,0.0,95.3,3,-3,0.935,0.065,34,33,35,34,1,3,2,1,2,3,2.44,0.74,0.74,33.7
FF,2024-06-06,95.8,-2.18,5.83,"Kahnle, Tommy",571657,592454,,foul,,,,,9,Kyle Farmer strikes out swinging.,R,R,R,NYY,MIN,S,,,1,2,2024,-0.13,1.34,0.61,1.83,,,,0,8,Top,,,,,,,7.748738459486826,-139.07173717641854,-7.998627191592927,-3.545738764918975,33.29726078301013,-13.10266986264447,3.45,1.6,214,75.8,32,96.5,2104,6.9,745738,669224,519203,650402,665828,683011,657077,663757,592450,53.56,,,,,,,,71,4,4-Seam Fastball,8,5,5,8,5,8,5,8,Standard,Standard,211,0.0,0.0,60.7,6.8,,0.0,88.0,3,-3,0.935,0.065,34,33,35,34,1,3,2,1,2,3,1.17,0.13,0.13,41.2
SL,2024-06-06,86.2,-2.12,5.94,"Kahnle, Tommy",571657,592454,,foul,,,,,3,Kyle Farmer strikes out swinging.,R,R,R,NYY,MIN,S,,,1,1,2024,0.29,0.13,0.79,2.87,,,,0,8,Top,,,,,,,6.375225711056458,-125.4491027464116,-1.359417479338784,1.8831988038453304,24.051960974189363,-30.72702287382746,3.45,1.6,2,64.2,-59,87.2,2138,6.8,745738,669224,519203,650402,665828,683011,657077,663757,592450,53.7,,,,,,,,71,3,Slider,8,5,5,8,5,8,5,8,Standard,Standard,159,0.0,-0.056,64.6,7.2,,0.056,88.0,3,-3,0.935,0.065,34,33,35,34,1,3,2,1,2,3,2.92,-0.29,-0.29,39.5
SL,2024-06-06,87.6,-2.2,5.9,"Kahnle, Tommy",571657,592454,,ball,,,,,14,Kyle Farmer strikes out swinging.,R,R,R,NYY,MIN,B,,,0,1,2024,0.29,0.35,1.07,0.61,,,,0,8,Top,,,,,,,7.362121100696232,-127.25760841369988,-7.447343254543075,1.731829899083619,24.088843878960073,-27.105431994319773,3.39,1.55,,,,88.6,2334,6.8,745738,669224,519203,650402,665828,683011,657077,663757,592450,53.66,,,,,,,,71,2,Slider,8,5,5,8,5,8,5,8,Standard,Standard,171,0.0,0.025,,,,-0.025,,3,-3,0.935,0.065,34,33,35,34,1,3,2,1,2,3,2.61,-0.29,-0.29,40.0
FF,2024-06-06,94.7,-1.99,6.04,"Kahnle, Tommy",571657,592454,,called_strike,,,,,3,Kyle Farmer strikes out swinging.,R,R,R,NYY,MIN,S,,,0,0,2024,-0.29,1.43,0.81,2.93,,,,0,8,Top,,,,,,,8.030299347896912,-137.6286304525953,-5.668288559654002,-5.532347459202353,31.483407585283494,-12.863560144824806,3.34,1.49,,,,95.5,2137,6.9,745738,669224,519203,650402,665828,683011,657077,663757,592450,53.61,,,,,,,,71,1,4-Seam Fastball,8,5,5,8,5,8,5,8,Standard,Standard,209,0.0,-0.037,,,,0.037,,3,-3,0.935,0.065,34,33,35,34,1,3,2,1,2,3,1.12,0.29,0.29,44.5
CH,2024-06-04,85.5,-2.34,5.81,"Kahnle, Tommy",621439,592454,field_out,hit_into_play,,,,,4,"Byron Buxton grounds out, third baseman DJ LeMahieu to first baseman Anthony Rizzo.",R,R,R,NYY,MIN,X,5,ground_ball,3,2,2024,-0.77,-0.19,-0.51,2.59,,,,2,7,Top,100.0,155.15,,,,,5.923405158216717,-124.46556850973208,-0.921256157925184,-9.18724276306198,25.611231681245663,-34.13673490444623,3.37,1.52,35,68.8,0,86.2,1177,6.8,745739,624431,519203,650402,518934,683011,657077,592450,665742,53.74,0.117,0.127,0.0,1,0,0,2,50,7,Changeup,3,1,1,3,1,3,1,3,Standard,Standard,251,0.013,-0.325,70.1,7.3,0.135,0.325,88.0,2,-2,0.88,0.12,34,30,35,31,1,2,3,2,2,1,3.31,0.77,0.77,32.5
CH,2024-06-04,86.1,-2.54,5.62,"Kahnle, Tommy",621439,592454,,foul,,,,,2,"Byron Buxton grounds out, third baseman DJ LeMahieu to first baseman Anthony Rizzo.",R,R,R,NYY,MIN,S,,,3,2,2024,-1.01,0.05,-0.09,2.91,,,,2,7,Top,,,,,,,7.944410836879729,-125.18774297696788,-0.2595434732864571,-12.171014804441626,24.852087907620113,-31.84886788341463,3.37,1.52,376,102.8,38,87.1,1337,6.9,745739,624431,519203,650402,518934,683011,657077,592450,665742,53.59,,,,,,,,50,6,Changeup,3,1,1,3,1,3,1,3,Standard,Standard,257,0.0,0.0,80.5,8.2,,0.0,102.8,2,-2,0.88,0.12,34,30,35,31,1,2,3,2,2,1,3.03,1.01,1.01,30.6
CH,2024-06-04,89.4,-2.22,5.75,"Kahnle, Tommy",621439,592454,,ball,,,,,14,"Byron Buxton grounds out, third baseman DJ LeMahieu to first baseman Anthony Rizzo.",R,R,R,NYY,MIN,B,,,2,2,2024,-0.98,0.07,1.62,1.0,,,,2,7,Top,,,,,,,11.62387762536996,-129.69878987914302,-5.898019247307923,-13.397741385978083,26.402909821432587,-30.336502025620323,3.4,1.58,,,,90.4,1230,7.0,745739,624431,519203,650402,518934,683011,657077,592450,665742,53.52,,,,,,,,50,5,Changeup,3,1,1,3,1,3,1,3,Standard,Standard,247,0.0,0.106,,,,-0.106,,2,-2,0.88,0.12,34,30,35,31,1,2,3,2,2,1,2.8,0.98,0.98,36.2
CH,2024-06-04,87.3,-2.37,5.66,"Kahnle, Tommy",621439,592454,,swinging_strike,,,,,13,"Byron Buxton grounds out, third baseman DJ LeMahieu to first baseman Anthony Rizzo.",R,R,R,NYY,MIN,S,,,2,1,2024,-1.02,0.05,-0.59,1.22,,,,2,7,Top,,,,,,,6.462946880826417,-126.9596173175982,-4.703275695476201,-12.35859222912473,25.061230665097213,-30.87937093113132,3.37,1.52,,,,88.5,1200,7.0,745739,624431,519203,650402,518934,683011,657077,592450,665742,53.53,,,,,,,,50,4,Changeup,3,1,1,3,1,3,1,3,Standard,Standard,248,0.0,-0.084,72.7,8.9,,0.084,,2,-2,0.88,0.12,34,30,35,31,1,2,3,2,2,1,2.93,1.02,1.02,29.4
CH,2024-06-04,86.4,-2.42,5.7,"Kahnle, Tommy",621439,592454,,called_strike,,,,,7,"Byron Buxton grounds out, third baseman DJ LeMahieu to first baseman Anthony Rizzo.",R,R,R,NYY,MIN,S,,,2,0,2024,-0.84,-0.18,-0.29,1.8,,,,2,7,Top,,,,,,,6.857690150597464,-125.67536990557517,-2.759465101583925,-10.235233946769686,24.30871342766265,-33.74676024810397,3.53,1.61,,,,87.4,1263,6.8,745739,624431,519203,650402,518934,683011,657077,592450,665742,53.65,,,,,,,,50,3,Changeup,3,1,1,3,1,3,1,3,Standard,Standard,254,0.0,-0.061,,,,0.061,,2,-2,0.88,0.12,34,30,35,31,1,2,3,2,2,1,3.22,0.84,0.84,32.1
CH,2024-06-04,87.4,-2.51,5.58,"Kahnle, Tommy",621439,592454,,ball,,,,,14,"Byron Buxton grounds out, third baseman DJ LeMahieu to first baseman Anthony Rizzo.",R,R,R,NYY,MIN,B,,,1,0,2024,-0.84,0.0,1.0,1.85,,,,2,7,Top,,,,,,,10.290746157272029,-126.93039791193048,-2.861632016563961,-11.168136073548425,25.646453070435307,-31.746762273582956,3.45,1.58,,,,88.2,1210,6.9,745739,624431,519203,650402,518934,683011,657077,592450,665742,53.61,,,,,,,,50,2,Changeup,3,1,1,3,1,3,1,3,Standard,Standard,258,0.0,0.068,,,,-0.068,,2,-2,0.88,0.12,34,30,35,31,1,2,3,2,2,1,2.99,0.84,0.84,29.9
SL,2024-06-04,87.8,-2.06,5.92,"Kahnle, Tommy",621439,592454,,ball,,,,,14,"Byron Buxton grounds out, third baseman DJ LeMahieu to first baseman Anthony Rizzo.",R,R,R,NYY,MIN,B,,,0,0,2024,0.16,0.61,1.69,0.68,,,,2,7,Top,,,,,,,8.841258304409545,-127.39372824603184,-7.8577604920352595,-0.1530194315880977,27.30757883579855,-23.975807051555655,3.48,1.55,,,,88.5,2243,7.0,745739,624431,519203,650402,518934,683011,657077,592450,665742,53.5,,,,,,,,50,1,Slider,3,1,1,3,1,3,1,3,Standard,Standard,178,0.0,0.04,,,,-0.04,,2,-2,0.88,0.12,34,30,35,31,1,2,3,2,2,1,2.37,-0.16,-0.16,40.2
CH,2024-06-04,86.6,-2.46,5.73,"Kahnle, Tommy",666135,592454,field_out,hit_into_play,,,,,13,"Alex Kirilloff grounds out, second baseman Gleyber Torres to first baseman Anthony Rizzo.",R,L,R,NYY,MIN,X,4,ground_ball,2,1,2024,-1.07,0.15,-1.09,2.6,,,,1,7,Top,140.1,144.79,,,,,5.51026754763772,-125.9545156098222,-1.498163678061232,-12.554146582959737,28.223254490021823,-30.52812610048308,3.54,1.7,91,94.9,6,87.0,1304,6.8,745739,624431,519203,650402,518934,683011,657077,592450,665742,53.67,0.546,0.506,0.0,1,0,0,4,49,4,Changeup,3,1,1,3,1,3,1,3,Infield shade,Standard,254,0.023,-0.302,73.3,8.1,0.622,0.302,94.9,2,-2,0.857,0.143,34,26,35,27,1,2,3,2,2,2,2.92,1.07,-1.07,35.7
FF,2024-06-04,93.8,-2.26,5.86,"Kahnle, Tommy",666135,592454,,swinging_strike,,,,,6,"Alex Kirilloff grounds out, second baseman Gleyber Torres to first baseman Anthony Rizzo.",R,L,R,NYY,MIN,S,,,2,0,2024,-0.63,1.54,0.51,2.93,,,,1,7,Top,,,,,,,8.67746204854089,-136.25818676328342,-5.264558399816757,-9.831142823972314,32.4125844570001,-12.002666885666653,3.54,1.7,,,,94.7,2095,7.1,745739,624431,519203,650402,518934,683011,657077,592450,665742,53.42,,,,,,,,49,3,4-Seam Fastball,3,1,1,3,1,3,1,3,Infield shade,Standard,214,0.0,-0.065,67.6,6.2,,0.065,,2,-2,0.857,0.143,34,26,35,27,1,2,3,2,2,2,1.07,0.63,-0.63,42.4
FF,2024-06-04,94.5,-2.1,5.91,"Kahnle, Tommy",666135,592454,,ball,,,,,12,"Alex Kirilloff grounds out, second baseman Gleyber Torres to first baseman Anthony Rizzo.",R,L,R,NYY,MIN,B,,,1,0,2024,-0.49,1.35,0.92,2.81,,,,1,7,Top,,,,,,,9.029588144436662,-137.21471490426634,-5.391215368286043,-8.308772959808426,32.905000710246775,-14.07132962802164,3.62,1.78,,,,94.8,2187,6.8,745739,624431,519203,650402,518934,683011,657077,592450,665742,53.75,,,,,,,,49,2,4-Seam Fastball,3,1,1,3,1,3,1,3,Infield shade,Standard,218,0.0,0.072,,,,-0.072,,2,-2,0.857,0.143,34,26,35,27,1,2,3,2,2,2,1.23,0.49,-0.49,42.9
CH,2024-06-04,85.6,-2.29,5.8,"Kahnle, Tommy",666135,592454,,ball,,,,,11,"Alex Kirilloff grounds out, second baseman Gleyber Torres to first baseman Anthony Rizzo.",R,L,R,NYY,MIN,B,,,0,0,2024,-1.05,0.11,-1.3,4.0,,,,1,7,Top,,,,,,,4.51367270018278,-124.47000384060402,1.8893075309460992,-11.869358776641436,26.64489511892737,-31.70025096521953,3.41,1.7,,,,86.2,1261,6.9,745739,624431,519203,650402,518934,683011,657077,592450,665742,53.64,,,,,,,,49,1,Changeup,3,1,1,3,1,3,1,3,Infield shade,Standard,258,0.0,0.039,,,,-0.039,,2,-2,0.857,0.143,34,26,35,27,1,2,3,2,2,2,3.02,1.05,-1.05,34.5
SI,2024-06-04,94.5,-2.02,5.84,"Kahnle, Tommy",668904,592454,home_run,hit_into_play,,,,,4,Royce Lewis homers (2) on a fly ball to left center field.,R,R,R,NYY,MIN,X,,fly_ball,1,1,2024,-1.21,1.04,-0.48,2.82,,,,1,7,Top,75.3,33.07,,,,,6.802549660727292,-137.4710577308216,-4.589891916728778,-16.78988330720276,29.43041193609647,-18.09436422703512,3.43,1.57,428,110.1,24,95.8,2086,7.0,745739,624431,519203,650402,518934,683011,657077,592450,665742,53.55,0.989,1.973,2.0,1,0,3,6,48,3,Sinker,3,0,0,3,1,3,1,3,Standard,Standard,217,-0.067,1.595,79.4,7.5,3.808,-1.595,110.1,3,-3,0.924,0.076,34,25,35,25,1,2,3,68,2,1,1.5,1.21,1.21,40.5
CH,2024-06-04,88.1,-2.53,5.76,"Kahnle, Tommy",668904,592454,,called_strike,,,,,8,Royce Lewis homers (2) on a fly ball to left center field.,R,R,R,NYY,MIN,S,,,1,0,2024,-0.8,-0.11,0.26,1.88,,,,1,7,Top,,,,,,,8.531564723606163,-127.98365118914282,-3.074012444996382,-10.5426464767083,26.585072925152694,-32.95986964893751,3.57,1.7,,,,89.0,1246,6.9,745739,624431,519203,650402,518934,683011,657077,592450,665742,53.56,,,,,,,,48,2,Changeup,3,0,0,3,0,3,0,3,Standard,Standard,247,0.0,-0.051,,,,0.051,,3,-3,0.924,0.076,34,25,35,25,1,2,3,68,2,1,3.06,0.8,0.8,34.6
SL,2024-06-04,88.4,-2.11,5.84,"Kahnle, Tommy",668904,592454,,ball,,,,,14,Royce Lewis homers (2) on a fly ball to left center field.,R,R,R,NYY,MIN,B,,,0,0,2024,0.31,0.46,2.04,1.17,,,,1,7,Top,,,,,,,9.62054424573154,-128.47885251455168,-6.427506741879064,1.7261111928767778,23.196541181532655,-25.96083226825236,3.57,1.62,,,,90.2,2237,7.2,745739,624431,519203,650402,518934,683011,657077,592450,665742,53.3,,,,,,,,48,1,Slider,3,0,0,3,0,3,0,3,Standard,Standard,170,0.0,0.039,,,,-0.039,,3,-3,0.924,0.076,34,25,35,25,1,2,3,68,2,1,2.43,-0.31,-0.31,41.8
CH,2024-06-04,89.0,-2.58,5.73,"Kahnle, Tommy",596146,592454,strikeout,swinging_strike,,,,,13,Max Kepler strikes out swinging.,R,L,R,NYY,MIN,S,2,,1,2,2024,-0.82,-0.24,-0.19,0.91,,,,0,7,Top,,,,,,,7.641723034155953,-129.35883261441612,-5.274285158283474,-10.817992307155064,27.706937301911285,-33.96496378525402,3.51,1.73,,,,89.7,1258,6.8,745739,624431,519203,650402,518934,683011,657077,592450,665742,53.65,,0.0,0.0,1,0,0,,47,4,Changeup,3,0,0,3,0,3,0,3,Infield shade,Standard,253,0.022,-0.186,70.3,8.6,,0.186,,3,-3,0.902,0.098,34,31,35,31,1,2,3,2,2,2,3.13,0.82,-0.82,33.2
CH,2024-06-04,87.7,-2.51,5.75,"Kahnle, Tommy",596146,592454,,swinging_strike,,,,,14,Max Kepler strikes out swinging.,R,L,R,NYY,MIN,S,,,1,1,2024,-1.18,0.01,0.28,0.3,,,,0,7,Top,,,,,,,9.267655369602778,-127.29395374094382,-7.08640665240571,-14.767383550957684,25.99763794748742,-30.801929282442785,3.51,1.73,,,,88.2,1409,6.8,745739,624431,519203,650402,518934,683011,657077,592450,665742,53.75,,,,,,,,47,3,Changeup,3,0,0,3,0,3,0,3,Infield shade,Standard,251,0.0,-0.056,,,,0.056,,3,-3,0.902,0.098,34,31,35,31,1,2,3,2,2,2,2.97,1.18,-1.18,29.4
SI,2024-06-04,93.6,-2.34,5.76,"Kahnle, Tommy",596146,592454,,foul_tip,,,,,13,Max Kepler strikes out swinging.,R,L,R,NYY,MIN,S,,,1,0,2024,-1.39,0.67,-0.18,1.52,,,,0,7,Top,,,,,,,8.753798924923782,-135.98599924942928,-6.756475252931493,-19.15896676047386,29.422630991780075,-22.558375498769134,3.51,1.73,,,,94.6,2049,6.9,745739,624431,519203,650402,518934,683011,657077,592450,665742,53.56,,,,,,,,47,2,Sinker,3,0,0,3,0,3,0,3,Infield shade,Standard,227,0.0,-0.049,76.0,8.0,,0.049,,3,-3,0.902,0.098,34,31,35,31,1,2,3,2,2,2,1.94,1.39,-1.39,37.2
CH,2024-06-04,87.7,-2.42,5.8,"Kahnle, Tommy",596146,592454,,ball,,,,,14,Max Kepler strikes out swinging.,R,L,R,NYY,MIN,B,,,0,0,2024,-0.93,0.37,0.6,0.91,,,,0,7,Top,,,,,,,9.31463128916184,-127.36876959707068,-6.54404621047021,-11.90885841437936,24.062868558376916,-27.02629152743952,3.49,1.64,,,,88.8,1391,6.9,745739,624431,519203,650402,518934,683011,657077,592450,665742,53.6,,,,,,,,47,1,Changeup,3,0,0,3,0,3,0,3,Infield shade,Standard,245,0.0,0.038,,,,-0.038,,3,-3,0.902,0.098,34,31,35,31,1,2,3,2,2,2,2.59,0.93,-0.93,34.3
FF,2024-06-01,94.2,-1.99,6.0,"Kahnle, Tommy",672275,592454,strikeout,swinging_strike,,,,,12,Patrick Bailey strikes out swinging.,R,L,R,SF,NYY,S,2,,2,2,2024,-0.88,1.36,0.02,3.87,,,,2,8,Bot,,,,,,,7.268213228200261,-136.9640862839357,-2.8276172814750455,-12.77384766663045,32.55728137584659,-14.67484242627003,3.44,1.63,,,,95.0,2109,6.9,745332,669224,519203,650402,518934,683011,657077,592450,665742,53.56,,0.0,0.0,1,0,0,,63,5,4-Seam Fastball,3,7,3,7,7,3,3,7,Infield shade,Standard,208,-0.004,-0.219,65.2,5.5,,0.219,,-4,-4,0.017,0.017,34,25,35,25,1,3,2,1,3,2,1.23,0.88,-0.88,46.1
CH,2024-06-01,88.2,-2.44,5.76,"Kahnle, Tommy",672275,592454,,swinging_strike,,,,,14,Patrick Bailey strikes out swinging.,R,L,R,SF,NYY,S,,,2,1,2024,-1.25,0.08,0.32,1.24,,,,2,8,Bot,,,,,,,9.422406259212805,-127.96974817150932,-5.044754561847409,-15.69988658886538,27.34350212467457,-30.37844481740992,3.44,1.63,,,,89.1,1295,7.1,745332,669224,519203,650402,518934,683011,657077,592450,665742,53.41,,,,,,,,63,4,Changeup,3,7,3,7,7,3,3,7,Infield shade,Standard,250,0.0,-0.084,72.3,7.4,,0.084,,-4,-4,0.017,0.017,34,25,35,25,1,3,2,1,3,2,2.87,1.25,-1.25,30.4
CH,2024-06-01,87.1,-2.42,5.78,"Kahnle, Tommy",672275,592454,,called_strike,,,,,9,Patrick Bailey strikes out swinging.,R,L,R,SF,NYY,S,,,2,0,2024,-1.18,0.13,0.54,2.19,,,,2,8,Bot,,,,,,,9.596528533963648,-126.52353333438164,-2.760555227699162,-14.57011816890514,23.798794609215992,-30.419185219604746,3.46,1.82,,,,88.0,1344,6.8,745332,669224,519203,650402,518934,683011,657077,592450,665742,53.74,,,,,,,,63,3,Changeup,3,7,3,7,7,3,3,7,Infield shade,Standard,249,0.0,-0.061,,,,0.061,,-4,-4,0.017,0.017,34,25,35,25,1,3,2,1,3,2,2.87,1.18,-1.18,35.2
SI,2024-06-01,92.3,-2.44,5.83,"Kahnle, Tommy",672275,592454,,ball,,,,,11,Patrick Bailey strikes out swinging.,R,L,R,SF,NYY,B,,,1,0,2024,-1.3,0.95,-1.41,3.89,,,,2,8,Bot,,,,,,,5.503916271742495,-134.40214681039086,-1.211786490219676,-16.94264219543846,28.13762311882024,-20.635954153952053,3.46,1.82,,,,93.5,2110,6.9,745332,669224,519203,650402,518934,683011,657077,592450,665742,53.63,,,,,,,,63,2,Sinker,3,7,3,7,7,3,3,7,Infield shade,Standard,220,0.0,0.068,,,,-0.068,,-4,-4,0.017,0.017,34,25,35,25,1,3,2,1,3,2,1.72,1.3,-1.3,35.2
CH,2024-06-01,87.0,-2.57,5.79,"Kahnle, Tommy",672275,592454,,ball,,,,,14,Patrick Bailey strikes out swinging.,R,L,R,SF,NYY,B,,,0,0,2024,-1.24,0.33,0.44,1.14,,,,2,8,Bot,,,,,,,9.83141259601064,-126.34010976756367,-5.708897060890249,-15.169681048995658,24.05768406253923,-27.710971164797655,3.6,1.9,,,,87.9,1427,6.8,745332,669224,519203,650402,518934,683011,657077,592450,665742,53.65,,,,,,,,63,1,Changeup,3,7,3,7,7,3,3,7,Infield shade,Standard,249,0.0,0.04,,,,-0.04,,-4,-4,0.017,0.017,34,25,35,25,1,3,2,1,3,2,2.68,1.24,-1.24,34.7
CH,2024-06-01,87.7,-1.8,5.81,"Kahnle, Tommy",527038,592454,field_out,hit_into_play,,,,,6,Wilmer Flores flies out to right fielder Juan Soto.,R,R,R,SF,NYY,X,9,fly_ball,1,2,2024,-1.04,0.17,0.39,2.13,,,,1,8,Bot,164.9,75.69,,,,,7.509904713441441,-127.6044378383828,-3.197547192377236,-12.790676999365395,23.588341619324524,-29.844518750035405,3.16,1.52,321,93.8,36,88.8,1208,6.8,745332,669224,519203,650402,518934,683011,657077,592450,665742,53.72,0.063,0.102,0.0,1,0,0,3,62,4,Changeup,3,7,3,7,7,3,3,7,Standard,Standard,247,-0.008,-0.182,,,0.187,0.182,93.8,-4,-4,0.025,0.025,34,32,35,33,1,3,2,3,3,1,2.77,1.04,1.04,35.7
SL,2024-06-01,86.6,-1.49,5.93,"Kahnle, Tommy",527038,592454,,called_strike,,,,,9,Wilmer Flores flies out to right fielder Juan Soto.,R,R,R,SF,NYY,S,,,1,1,2024,0.23,0.62,0.33,1.59,,,,1,8,Bot,,,,,,,3.892046329119906,-126.1821232412228,-5.5510998705398205,1.8010489287530216,22.327286596793396,-24.653932188796027,3.16,1.44,,,,87.9,2223,6.7,745332,669224,519203,650402,518934,683011,657077,592450,665742,53.75,,,,,,,,62,3,Slider,3,7,3,7,7,3,3,7,Standard,Standard,168,0.0,-0.061,,,,0.061,,-4,-4,0.025,0.025,34,32,35,33,1,3,2,3,3,1,2.38,-0.23,-0.23,37.5
CH,2024-06-01,86.4,-1.78,5.79,"Kahnle, Tommy",527038,592454,,ball,,,,,14,Wilmer Flores flies out to right fielder Juan Soto.,R,R,R,SF,NYY,B,,,0,1,2024,-0.88,0.22,0.79,1.14,,,,1,8,Bot,,,,,,,8.002533548075743,-125.56023068187268,-5.375844709361093,-10.91928410771304,23.765073549754035,-28.967817758394528,3.16,1.44,,,,87.4,1216,6.8,745332,669224,519203,650402,518934,683011,657077,592450,665742,53.67,,,,,,,,62,2,Changeup,3,7,3,7,7,3,3,7,Standard,Standard,245,0.0,0.024,,,,-0.024,,-4,-4,0.025,0.025,34,32,35,33,1,3,2,3,3,1,2.82,0.88,0.88,33.3
SI,2024-06-01,92.7,-1.77,5.88,"Kahnle, Tommy",527038,592454,,called_strike,,,,,8,Wilmer Flores flies out to right fielder Juan Soto.,R,R,R,SF,NYY,S,,,0,0,2024,-1.34,1.03,-0.26,1.79,,,,1,8,Bot,,,,,,,6.844705152606523,-134.75346857369627,-6.960332354405289,-17.78113211452531,28.239891648227115,-18.315712924367254,3.18,1.5,,,,93.6,2033,6.8,745332,669224,519203,650402,518934,683011,657077,592450,665742,53.69,,,,,,,,62,1,Sinker,3,7,3,7,7,3,3,7,Standard,Standard,219,0.0,-0.037,,,,0.037,,-4,-4,0.025,0.025,34,32,35,33,1,3,2,3,3,1,1.62,1.34,1.34,34.9
CH,2024-06-01,85.9,-2.49,5.78,"Kahnle, Tommy",682641,592454,strikeout,swinging_strike,,,,,14,Luis Matos strikes out swinging.,R,R,R,SF,NYY,S,2,,1,2,2024,-1.13,-0.06,0.18,1.43,,,,0,8,Bot,,,,,,,8.697345083070298,-124.754582860432,-3.9347538305625935,-13.577879193668016,24.63388414602212,-32.19471742991084,3.24,1.59,,,,86.8,1112,6.9,745332,669224,519203,650402,518934,683011,657077,592450,665742,53.57,,0.0,0.0,1,0,0,,61,4,Changeup,3,7,3,7,7,3,3,7,Standard,Standard,250,-0.014,-0.186,79.1,8.0,,0.186,,-4,-4,0.039,0.039,34,22,35,22,1,3,2,1,3,1,3.16,1.13,1.13,34.3
CH,2024-06-01,88.0,-2.2,5.88,"Kahnle, Tommy",682641,592454,,ball,,,,,14,Luis Matos strikes out swinging.,R,R,R,SF,NYY,B,,,0,2,2024,-1.04,0.12,0.71,-0.28,,,,0,8,Bot,,,,,,,9.302212770438476,-127.61578777379091,-9.191074701521943,-13.220802209418997,23.486407415357295,-29.27108657874877,3.22,1.67,,,,89.0,1259,6.9,745332,669224,519203,650402,518934,683011,657077,592450,665742,53.61,,,,,,,,61,3,Changeup,3,7,3,7,7,3,3,7,Standard,Standard,243,0.0,0.023,,,,-0.023,,-4,-4,0.039,0.039,34,22,35,22,1,3,2,1,3,1,2.82,1.04,1.04,38.2
SL,2024-06-01,84.5,-2.34,6.09,"Kahnle, Tommy",682641,592454,,foul,,,,,12,Luis Matos strikes out swinging.,R,R,R,SF,NYY,S,,,0,1,2024,0.52,0.3,1.13,2.79,,,,0,8,Bot,,,,,,,7.11454798996039,-122.88836516102218,-1.9740421919421975,3.98537259352926,23.00690063717058,-28.96848696106971,3.24,1.59,131,65.6,70,85.4,2109,6.8,745332,669224,519203,650402,518934,683011,657077,592450,665742,53.7,,,,,,,,61,2,Slider,3,7,3,7,7,3,3,7,Standard,Standard,141,0.0,-0.054,67.7,7.3,,0.054,88.0,-4,-4,0.039,0.039,34,22,35,22,1,3,2,1,3,1,2.88,-0.52,-0.52,41.3
FF,2024-06-01,91.6,-2.11,6.11,"Kahnle, Tommy",682641,592454,,called_strike,,,,,2,Luis Matos strikes out swinging.,R,R,R,SF,NYY,S,,,0,0,2024,-0.43,1.35,0.27,2.94,,,,0,8,Bot,,,,,,,7.004394700971158,-133.28122452434758,-5.164925701709534,-6.562486495032541,25.82310597740136,-15.143145372757234,3.1,1.35,,,,92.8,2011,6.8,745332,669224,519203,650402,518934,683011,657077,592450,665742,53.74,,,,,,,,61,1,4-Seam Fastball,3,7,3,7,7,3,3,7,Standard,Standard,210,0.0,-0.037,,,,0.037,,-4,-4,0.039,0.039,34,22,35,22,1,3,2,1,3,1,1.35,0.43,0.43,40.5
CH,2024-05-30,86.1,-2.24,5.83,"Kahnle, Tommy",607680,592454,grounded_into_double_play,hit_into_play,,,,,5,"Kevin Pillar grounds into a double play, second baseman Gleyber Torres to first baseman DJ LeMahieu. Taylor Ward out at 2nd. Kevin Pillar out at 1st.",R,R,R,LAA,NYY,X,4,ground_ball,2,2,2024,-1.22,0.07,0.26,2.59,,650859,621493,1,8,Bot,130.09,147.17,,,,,8.495107801416363,-125.08103660029307,-1.5371558928893894,-14.512372471147703,25.889127627328367,-31.369187097452368,3.27,1.52,27,88.9,-4,86.8,1260,6.9,746225,624431,518934,650402,665828,683011,657077,592450,665742,53.59,0.2,0.218,0.0,1,0,0,2,67,5,Changeup,3,8,3,8,8,3,3,8,Standard,Standard,251,-0.029,-0.277,68.0,6.5,0.214,0.277,88.9,-5,-5,0.034,0.034,34,35,35,35,1,3,2,2,2,1,3.02,1.22,1.22,36.6
CH,2024-05-30,85.9,-2.26,5.75,"Kahnle, Tommy",607680,592454,,foul,,,,,4,"Kevin Pillar grounds into a double play, second baseman Gleyber Torres to first baseman DJ LeMahieu. Taylor Ward out at 2nd. Kevin Pillar out at 1st.",R,R,R,LAA,NYY,S,,,2,1,2024,-1.25,0.35,-0.65,2.39,,650859,621493,1,8,Bot,,,,,,,6.4245505814023565,-124.90315741653885,-2.445251504642541,-14.419983380224098,24.61457831579261,-28.177249881738295,3.27,1.52,3,83.1,-38,86.9,1291,6.9,746225,624431,518934,650402,665828,683011,657077,592450,665742,53.57,,,,,,,,67,4,Changeup,3,8,3,8,8,3,3,8,Standard,Standard,245,0.0,-0.047,70.1,7.2,,0.047,88.0,-5,-5,0.034,0.034,34,35,35,35,1,3,2,2,2,1,2.73,1.25,1.25,34.1
SL,2024-05-30,86.0,-2.14,5.82,"Kahnle, Tommy",607680,592454,,ball,,,,,14,"Kevin Pillar grounds into a double play, second baseman Gleyber Torres to first baseman DJ LeMahieu. Taylor Ward out at 2nd. Kevin Pillar out at 1st.",R,R,R,LAA,NYY,B,,,1,1,2024,0.3,0.66,0.98,1.15,,650859,621493,1,8,Bot,,,,,,,6.872122814816022,-125.16951063874114,-6.297875366574437,1.961431948888535,22.03184941438078,-24.247144901706207,3.33,1.52,,,,87.3,2286,6.8,746225,624431,518934,650402,665828,683011,657077,592450,665742,53.68,,,,,,,,67,3,Slider,3,8,3,8,8,3,3,8,Standard,Standard,171,0.0,0.042,,,,-0.042,,-5,-5,0.034,0.034,34,35,35,35,1,3,2,2,2,1,2.39,-0.3,-0.3,39.8
CH,2024-05-30,86.8,-2.25,5.73,"Kahnle, Tommy",607680,592454,,ball,,,,,14,"Kevin Pillar grounds into a double play, second baseman Gleyber Torres to first baseman DJ LeMahieu. Taylor Ward out at 2nd. Kevin Pillar out at 1st.",R,R,R,LAA,NYY,B,,,0,1,2024,-1.08,0.45,1.03,1.64,,650859,621493,1,8,Bot,,,,,,,10.164217391438362,-125.9875184311927,-4.59348365289145,-13.45316340652999,22.89034821477225,-26.59027561225329,3.28,1.52,,,,88.0,1500,6.9,746225,624431,518934,650402,665828,683011,657077,592450,665742,53.58,,,,,,,,67,2,Changeup,3,8,3,8,8,3,3,8,Standard,Standard,245,0.0,0.015,,,,-0.015,,-5,-5,0.034,0.034,34,35,35,35,1,3,2,2,2,1,2.56,1.08,1.08,34.6
CH,2024-05-30,87.1,-2.14,5.83,"Kahnle, Tommy",607680,592454,,called_strike,,,,,3,"Kevin Pillar grounds into a double play, second baseman Gleyber Torres to first baseman DJ LeMahieu. Taylor Ward out at 2nd. Kevin Pillar out at 1st.",R,R,R,LAA,NYY,S,,,0,0,2024,-1.02,0.46,0.76,2.84,,650859,621493,1,8,Bot,,,,,,,9.140284787972051,-126.63946772985663,-2.016805531500597,-12.773787859416386,23.74522360591016,-26.947099248777253,3.34,1.52,,,,88.2,1319,6.8,746225,624431,518934,650402,665828,683011,657077,592450,665742,53.68,,,,,,,,67,1,Changeup,3,8,3,8,8,3,3,8,Standard,Standard,244,0.0,-0.039,,,,0.039,,-5,-5,0.034,0.034,34,35,35,35,1,3,2,2,2,1,2.52,1.02,1.02,34.9
FF,2024-05-30,92.8,-1.81,6.03,"Kahnle, Tommy",621493,592454,walk,ball,,,,,11,Taylor Ward walks. Luis Rengifo to 2nd.,R,R,R,LAA,NYY,B,,,3,1,2024,-0.75,1.4,-0.72,4.54,,,650859,1,8,Bot,,,,,,,4.479987299139637,-135.11442888266143,-1.0949316165310756,-10.172943169857502,29.492799721302735,-15.037943594252855,3.28,1.52,,,,93.9,2160,6.9,746225,624431,518934,650402,665828,683011,657077,592450,665742,53.58,,0.689131,0.7,1,0,0,,66,5,4-Seam Fastball,3,8,3,8,8,3,3,8,Standard,Standard,211,0.015,0.167,,,,-0.167,,-5,-5,0.019,0.019,34,30,35,31,1,3,2,1,2,1,1.25,0.75,0.75,45.6
CH,2024-05-30,86.9,-2.16,5.71,"Kahnle, Tommy",621493,592454,,blocked_ball,,,,,13,Taylor Ward walks. Luis Rengifo to 2nd.,R,R,R,LAA,NYY,B,,,2,1,2024,-1.02,0.12,-0.27,0.5,,,650859,1,8,Bot,,,,,,,6.69509759400669,-126.2875754907403,-6.597706555601409,-12.298736600655136,25.128191016543703,-29.794089671593888,3.34,1.52,,,,87.9,1243,6.9,746225,624431,518934,650402,665828,683011,657077,592450,665742,53.56,,,,,,,,66,4,Changeup,3,8,3,8,8,3,3,8,Standard,Standard,254,0.0,0.112,,,,-0.112,,-5,-5,0.019,0.019,34,30,35,31,1,3,2,1,2,1,2.9,1.02,1.02,33.8
CH,2024-05-30,87.5,-2.13,5.8,"Kahnle, Tommy",621493,592454,,foul,,,,,9,Taylor Ward walks. Luis Rengifo to 2nd.,R,R,R,LAA,NYY,S,,,2,0,2024,-1.13,0.28,0.42,1.66,,,650859,1,8,Bot,,,,,,,8.543764706202602,-127.15397127650802,-4.475770202746723,-13.956488260375355,24.83728560304672,-28.376204860891782,3.28,1.52,3,63.5,-33,88.4,1369,6.8,746225,624431,518934,650402,665828,683011,657077,592450,665742,53.67,,,,,,,,66,3,Changeup,3,8,3,8,8,3,3,8,Standard,Standard,244,0.0,-0.057,71.7,7.6,,0.057,88.0,-5,-5,0.019,0.019,34,30,35,31,1,3,2,1,2,1,2.69,1.13,1.13,36.0
SL,2024-05-30,88.4,-2.05,5.8,"Kahnle, Tommy",621493,592454,,ball,,,,,14,Taylor Ward walks. Luis Rengifo to 2nd.,R,R,R,LAA,NYY,B,,,1,0,2024,0.4,0.67,1.18,1.6,,,650859,1,8,Bot,,,,,,,7.093886241613229,-128.50457105485685,-5.626372791702103,3.0963020411767315,25.19652848078866,-23.78754205457397,3.3,1.52,,,,89.4,2223,6.9,746225,624431,518934,650402,665828,683011,657077,592450,665742,53.63,,,,,,,,66,2,Slider,3,8,3,8,8,3,3,8,Standard,Standard,179,0.0,0.056,,,,-0.056,,-5,-5,0.019,0.019,34,30,35,31,1,3,2,1,2,1,2.24,-0.4,-0.4,36.8
CH,2024-05-30,87.1,-2.26,5.78,"Kahnle, Tommy",621493,592454,,ball,,,,,14,Taylor Ward walks. Luis Rengifo to 2nd.,R,R,R,LAA,NYY,B,,,0,0,2024,-1.21,0.13,1.43,1.36,,,650859,1,8,Bot,,,,,,,11.481964584457293,-126.34722682713569,-4.74536700519246,-15.323849861616642,25.472430430943856,-29.913980301410916,3.31,1.52,,,,88.0,1348,7.0,746225,624431,518934,650402,665828,683011,657077,592450,665742,53.49,,,,,,,,66,1,Changeup,3,8,3,8,8,3,3,8,Standard,Standard,246,0.0,0.036,,,,-0.036,,-5,-5,0.019,0.019,34,30,35,31,1,3,2,1,2,1,2.89,1.21,1.21,32.8
CH,2024-05-30,86.6,-2.24,5.81,"Kahnle, Tommy",650859,592454,force_out,hit_into_play,,,,,4,"Luis Rengifo grounds into a force out, second baseman Gleyber Torres to shortstop Anthony Volpe. Nolan Schanuel out at 2nd. Luis Rengifo to 1st.",R,L,R,LAA,NYY,X,4,ground_ball,0,1,2024,-1.11,-0.03,-0.62,2.24,,,694384,0,8,Bot,142.22,136.53,,,,,6.20124842598264,-125.93500653207886,-2.2664738764463896,-13.091726080063912,25.66343373271206,-32.21438612828743,3.1,1.41,108,96.1,7,87.5,1294,6.9,746225,624431,518934,650402,665828,683011,657077,592450,665742,53.58,0.54,0.486,0.0,1,0,0,4,65,2,Changeup,3,8,3,8,8,3,3,8,Infield shade,Standard,251,-0.014,-0.31,67.7,7.3,0.603,0.31,96.1,-5,-5,0.033,0.033,34,27,35,27,1,3,2,1,2,1,3.07,1.11,-1.11,35.4
FF,2024-05-30,91.6,-1.68,6.15,"Kahnle, Tommy",650859,592454,,called_strike,,,,,12,"Luis Rengifo grounds into a force out, second baseman Gleyber Torres to shortstop Anthony Volpe. Nolan Schanuel out at 2nd. Luis Rengifo to 1st.",R,L,R,LAA,NYY,S,,,0,0,2024,-0.42,1.36,0.24,3.24,,,694384,0,8,Bot,,,,,,,5.817058542568985,-133.27727351306487,-4.423008930021005,-6.290877060244011,29.208885776196055,-15.254497701899808,3.05,1.16,,,,92.4,1992,6.8,746225,624431,518934,650402,665828,683011,657077,592450,665742,53.7,,,,,,,,65,1,4-Seam Fastball,3,8,3,8,8,3,3,8,Infield shade,Standard,211,0.0,-0.042,,,,0.042,,-5,-5,0.033,0.033,34,27,35,27,1,3,2,1,2,1,1.36,0.42,-0.42,45.0
CH,2024-05-30,86.7,-2.17,5.72,"Kahnle, Tommy",694384,592454,hit_by_pitch,hit_by_pitch,,,,,14,Nolan Schanuel hit by pitch.,R,L,R,LAA,NYY,B,,,0,0,2024,-1.15,0.1,2.44,0.41,,,,0,8,Bot,,,,,,,13.48099364304222,-125.5126373435844,-6.758204325012024,-14.716204427013633,23.537137256240275,-29.923748738272053,3.45,1.68,,,,87.8,1439,7.1,746225,624431,518934,650402,665828,683011,657077,592450,665742,53.42,,0.720192,0.7,1,0,0,,64,1,Changeup,3,8,3,8,8,3,3,8,Infield shade,Standard,246,0.015,0.451,,,,-0.451,,-5,-5,0.018,0.018,34,22,35,22,1,3,2,1,2,4,2.95,1.15,-1.15,36.9
SL,2024-05-28,88.4,-2.15,5.92,"Kahnle, Tommy",607680,592454,fielders_choice_out,hit_into_play,,,,,14,"Kevin Pillar reaches on a fielder's choice out, third baseman DJ LeMahieu unassisted.   Luis Rengifo out at 3rd.",R,R,R,LAA,NYY,X,5,ground_ball,1,0,2024,0.2,0.49,0.98,1.9,,650859,,2,6,Bot,92.99,163.75,,,,,7.295315694846636,-128.53007153362344,-4.740279136938158,0.6819289132698136,27.320951303719266,-25.96581328716369,3.26,1.52,2,72.9,-44,89.2,2242,6.9,746229,669224,519203,650402,518934,683011,657077,592450,665742,53.63,0.166,0.159,0.0,1,0,0,2,51,2,Slider,2,3,2,3,3,2,2,3,Standard,Standard,181,-0.061,-0.314,68.1,7.4,0.174,0.314,88.0,-1,-1,0.361,0.361,34,35,35,35,1,2,6,2,2,2,2.44,-0.2,-0.2,39.5
FF,2024-05-28,93.8,-1.56,6.26,"Kahnle, Tommy",607680,592454,,ball,,,,,14,"Kevin Pillar reaches on a fielder's choice out, third baseman DJ LeMahieu unassisted.   Luis Rengifo out at 3rd.",R,R,R,LAA,NYY,B,,,0,0,2024,-0.35,1.36,1.02,2.33,,650859,,2,6,Bot,,,,,,,7.497292155795275,-136.25392193895635,-7.446671756959994,-6.082374800543244,32.00674680452389,-13.752733140462018,3.23,1.57,,,,94.2,2207,6.8,746229,669224,519203,650402,518934,683011,657077,592450,665742,53.71,,,,,,,,51,1,4-Seam Fastball,2,3,2,3,3,2,2,3,Infield shade,Standard,205,0.0,0.014,,,,-0.014,,-1,-1,0.361,0.361,34,35,35,35,1,2,6,2,2,2,1.26,0.35,0.35,46.4
SL,2024-05-28,87.9,-2.03,6.02,"Kahnle, Tommy",621493,592454,field_out,hit_into_play,,,,,5,"Taylor Ward grounds out softly, third baseman DJ LeMahieu to first baseman Anthony Rizzo.   Luis Rengifo to 2nd.",R,R,R,LAA,NYY,X,5,ground_ball,1,0,2024,0.22,0.55,0.01,2.04,,,650859,1,6,Bot,102.93,167.04,,,,,4.502712819398189,-127.95837133134798,-4.717589550131437,1.5235463897747843,26.383573594660707,-25.328724947963465,3.25,1.49,2,53.6,-51,88.5,2335,6.6,746229,669224,519203,650402,518934,683011,657077,592450,665742,53.85,0.223,0.241,0.0,1,0,0,1,50,2,Slider,2,3,2,3,3,2,2,3,Standard,Standard,176,-0.031,-0.35,75.1,7.9,0.223,0.35,88.0,-1,-1,0.392,0.392,34,30,35,31,1,2,6,2,2,1,2.39,-0.22,-0.22,39.4
FF,2024-05-28,92.7,-1.84,6.11,"Kahnle, Tommy",621493,592454,,ball,,,,,11,"Taylor Ward grounds out softly, third baseman DJ LeMahieu to first baseman Anthony Rizzo.   Luis Rengifo to 2nd.",R,R,R,LAA,NYY,B,,,0,0,2024,-0.48,1.51,-0.71,3.57,,,650859,1,6,Bot,,,,,,,3.956496993937614,-134.88027880842617,-4.000017899069209,-6.679274923754922,30.650723448477738,-13.158244861421426,3.33,1.64,,,,93.5,2196,6.8,746229,669224,519203,650402,518934,683011,657077,592450,665742,53.66,,,,,,,,50,1,4-Seam Fastball,2,3,2,3,3,2,2,3,Standard,Standard,204,0.0,0.036,,,,-0.036,,-1,-1,0.392,0.392,34,30,35,31,1,2,6,2,2,1,1.16,0.48,0.48,44.8
CH,2024-05-22,87.4,-2.19,5.72,"Kahnle, Tommy",663728,592454,field_out,hit_into_play,,,,,8,Cal Raleigh flies out to right fielder Juan Soto.,R,L,R,NYY,SEA,X,9,fly_ball,1,2,2024,-0.96,0.23,-0.16,1.69,,,,2,6,Top,198.91,103.19,,,,,6.957728732331437,-126.985053509564,-3.958762596548053,-11.949377619548407,30.18179690592899,-28.952179801781703,3.54,1.62,297,86.8,44,87.6,1211,6.9,745743,669224,519203,650402,665828,683011,657077,592450,665742,53.62,0.003,0.004,0.0,1,0,0,3,41,6,Changeup,4,0,0,4,0,4,0,4,Infield shade,Standard,252,0.005,-0.18,70.8,8.1,0.007,0.18,88.0,4,-4,0.951,0.049,34,27,35,28,1,2,,1,6,2,2.8,0.96,-0.96,36.4
CH,2024-05-22,88.4,-2.43,5.61,"Kahnle, Tommy",663728,592454,,foul,,,,,14,Cal Raleigh flies out to right fielder Juan Soto.,R,L,R,NYY,SEA,S,,,1,2,2024,-0.97,0.38,0.07,1.39,,,,2,6,Top,,,,,,,8.191463241833876,-128.3601707834288,-4.960275415087842,-12.51035175046542,29.217443292767182,-27.02707561433959,3.54,1.62,1,41.9,-53,88.9,1425,7.0,745743,669224,519203,650402,665828,683011,657077,592450,665742,53.54,,,,,,,,41,5,Changeup,4,0,0,4,0,4,0,4,Infield shade,Standard,252,0.0,0.0,72.7,8.4,,0.0,88.0,4,-4,0.951,0.049,34,27,35,28,1,2,,1,6,2,2.57,0.97,-0.97,31.3
CH,2024-05-22,87.6,-2.18,5.66,"Kahnle, Tommy",663728,592454,,ball,,,,,14,Cal Raleigh flies out to right fielder Juan Soto.,R,L,R,NYY,SEA,B,,,0,2,2024,-1.18,0.34,1.21,-0.24,,,,2,6,Top,,,,,,,10.73970163522128,-126.85923324535328,-8.801917353781315,-15.061252810036654,28.03351243026307,-26.66012085394017,3.43,1.67,,,,88.1,1320,7.0,745743,669224,519203,650402,665828,683011,657077,592450,665742,53.46,,,,,,,,41,4,Changeup,4,0,0,4,0,4,0,4,Infield shade,Standard,247,0.0,0.023,,,,-0.023,,4,-4,0.951,0.049,34,27,35,28,1,2,,1,6,2,2.68,1.18,-1.18,36.0
CH,2024-05-22,87.0,-1.86,5.86,"Kahnle, Tommy",663728,592454,,foul,,,,,7,Cal Raleigh flies out to right fielder Juan Soto.,R,L,R,NYY,SEA,S,,,0,2,2024,-0.89,0.19,-0.36,2.04,,,,2,6,Top,,,,,,,5.504548537847523,-126.58293328239094,-3.4105773925742495,-10.700264534074504,24.87393422052766,-29.699260411290968,3.54,1.62,,,,88.0,1277,6.9,745743,669224,519203,650402,665828,683011,657077,592450,665742,53.63,,,,,,,,41,3,Changeup,4,0,0,4,0,4,0,4,Infield shade,Standard,249,0.0,0.0,76.0,7.9,,0.0,,4,-4,0.951,0.049,34,27,35,28,1,2,,1,6,2,2.82,0.89,-0.89,37.5
CH,2024-05-22,86.8,-2.48,5.66,"Kahnle, Tommy",663728,592454,,swinging_strike,,,,,13,Cal Raleigh flies out to right fielder Juan Soto.,R,L,R,NYY,SEA,S,,,0,1,2024,-0.89,0.12,-0.87,2.1,,,,2,6,Top,,,,,,,5.741065920790172,-126.34328241626366,-2.5981597602267903,-10.71458897996735,25.95773631576451,-30.572165150921936,3.54,1.62,,,,87.7,1249,6.9,745743,669224,519203,650402,665828,683011,657077,592450,665742,53.64,,,,,,,,41,2,Changeup,4,0,0,4,0,4,0,4,Infield shade,Standard,256,0.0,-0.058,72.0,8.5,,0.058,,4,-4,0.951,0.049,34,27,35,28,1,2,,1,6,2,2.91,0.89,-0.89,30.0
CH,2024-05-22,87.5,-2.38,5.74,"Kahnle, Tommy",663728,592454,,foul,,,,,5,Cal Raleigh flies out to right fielder Juan Soto.,R,L,R,NYY,SEA,S,,,0,0,2024,-1.09,0.13,-0.05,2.7,,,,2,6,Top,,,,,,,7.868371995426585,-127.25044080203534,-1.449281362168913,-13.433444514387034,26.702654528008107,-30.66658939410398,3.54,1.62,5,72.7,-31,87.6,1466,6.4,745743,669224,519203,650402,665828,683011,657077,592450,665742,54.07,,,,,,,,41,1,Changeup,4,0,0,4,0,4,0,4,Infield shade,Standard,252,0.0,-0.041,76.7,8.0,,0.041,88.0,4,-4,0.951,0.049,34,27,35,28,1,2,,1,6,2,2.86,1.09,-1.09,35.1
CH,2024-05-22,88.0,-2.54,5.77,"Kahnle, Tommy",641598,592454,field_out,hit_into_play,,,,,5,"Mitch Garver grounds out, shortstop Anthony Volpe to first baseman Anthony Rizzo.",R,R,R,NYY,SEA,X,6,ground_ball,3,1,2024,-1.14,0.28,0.07,2.23,,,,1,6,Top,118.73,171.47,,,,,8.785357267197524,-127.88248924399612,-3.076501267841264,-14.327999978300136,26.049243798288185,-28.625149175849465,3.47,1.62,,,,89.0,1380,6.9,745743,669224,519203,650402,665828,683011,657077,592450,665742,53.58,,,0.0,,0,0,,40,5,Changeup,4,0,0,4,0,4,0,4,Standard,Standard,244,0.01,-0.424,73.8,7.9,,0.424,,4,-4,0.941,0.059,34,33,35,33,1,2,,1,6,1,2.67,1.14,1.14,32.4
CH,2024-05-22,88.3,-2.33,5.76,"Kahnle, Tommy",641598,592454,,ball,,,,,12,"Mitch Garver grounds out, shortstop Anthony Volpe to first baseman Anthony Rizzo.",R,R,R,NYY,SEA,B,,,2,1,2024,-1.12,0.22,0.99,2.77,,,,1,6,Top,,,,,,,10.502214826737418,-128.1210211860094,-1.608504271877779,-14.495891071783308,27.26135035833149,-29.65746571125384,3.56,1.65,,,,88.9,1408,6.9,745743,669224,519203,650402,665828,683011,657077,592450,665742,53.62,,,,,,,,40,4,Changeup,4,0,0,4,0,4,0,4,Standard,Standard,254,0.0,0.122,,,,-0.122,,4,-4,0.941,0.059,34,33,35,33,1,2,,1,6,1,2.73,1.12,1.12,35.1
SL,2024-05-22,89.2,-2.07,5.87,"Kahnle, Tommy",641598,592454,,ball,,,,,14,"Mitch Garver grounds out, shortstop Anthony Volpe to first baseman Anthony Rizzo.",R,R,R,NYY,SEA,B,,,1,1,2024,0.31,0.59,1.05,2.16,,,,1,6,Top,,,,,,,7.117884192313502,-129.73363730130876,-4.358496873411557,1.980741016774798,27.180433032043567,-24.80159216064743,3.62,1.75,,,,90.1,2282,6.9,745743,669224,519203,650402,665828,683011,657077,592450,665742,53.62,,,,,,,,40,3,Slider,4,0,0,4,0,4,0,4,Standard,Standard,178,0.0,0.059,,,,-0.059,,4,-4,0.941,0.059,34,33,35,33,1,2,,1,6,1,2.28,-0.31,-0.31,40.8
CH,2024-05-22,89.1,-2.19,5.75,"Kahnle, Tommy",641598,592454,,called_strike,,,,,9,"Mitch Garver grounds out, shortstop Anthony Volpe to first baseman Anthony Rizzo.",R,R,R,NYY,SEA,S,,,1,0,2024,-1.33,0.23,0.42,1.48,,,,1,6,Top,,,,,,,9.31387889147019,-129.3607594371327,-4.973314322184502,-16.845644251013592,27.353475651743487,-28.65947479728113,3.51,1.52,,,,90.0,1499,7.0,745743,669224,519203,650402,665828,683011,657077,592450,665742,53.49,,,,,,,,40,2,Changeup,4,0,0,4,0,4,0,4,Standard,Standard,246,0.0,-0.051,,,,0.051,,4,-4,0.941,0.059,34,33,35,33,1,2,,1,6,1,2.65,1.33,1.33,31.8
FF,2024-05-22,95.3,-1.99,5.88,"Kahnle, Tommy",641598,592454,,ball,,,,,14,"Mitch Garver grounds out, shortstop Anthony Volpe to first baseman Anthony Rizzo.",R,R,R,NYY,SEA,B,,,0,0,2024,-0.46,1.37,1.42,0.96,,,,1,6,Top,,,,,,,10.094106282605258,-138.10307326382514,-10.427303906355492,-8.108844067289994,31.01283873411292,-12.413265349795005,3.46,1.59,,,,96.2,2298,7.0,745743,669224,519203,650402,665828,683011,657077,592450,665742,53.46,,,,,,,,40,1,4-Seam Fastball,4,0,0,4,0,4,0,4,Standard,Standard,213,0.0,0.039,,,,-0.039,,4,-4,0.941,0.059,34,33,35,33,1,2,,1,6,1,1.16,0.46,0.46,37.7
FF,2024-05-22,94.1,-2.04,5.95,"Kahnle, Tommy",677594,592454,field_out,hit_into_play,,,,,11,Julio Rodríguez lines out sharply to center fielder Aaron Judge.,R,R,R,NYY,SEA,X,8,line_drive,2,1,2024,-0.42,1.45,-0.18,3.72,,,,0,6,Top,99.94,48.59,,,,,5.849377561139257,-136.9512388709584,-3.316290703998247,-6.670519370644351,31.88105427701953,-13.419411241750684,3.35,1.53,376,106.7,20,95.0,2250,7.0,745743,669224,519203,650402,665828,683011,657077,592450,665742,53.55,0.757,1.138,0.0,1,0,0,6,39,4,4-Seam Fastball,4,0,0,4,0,4,0,4,Standard,Standard,210,0.015,-0.296,74.2,7.4,1.973,0.296,106.7,4,-4,0.926,0.074,34,23,35,24,1,2,,1,6,1,1.13,0.42,0.42,41.2
SL,2024-05-22,86.7,-2.11,5.86,"Kahnle, Tommy",677594,592454,,ball,,,,,11,Julio Rodríguez lines out sharply to center fielder Aaron Judge.,R,R,R,NYY,SEA,B,,,1,1,2024,0.31,0.26,-1.04,3.55,,,,0,6,Top,,,,,,,1.9310789878843553,-126.36742466176904,0.086311644097095,2.970246090753465,24.63749581830891,-29.59321363648436,3.35,1.54,,,,87.7,2222,6.7,745743,669224,519203,650402,665828,683011,657077,592450,665742,53.78,,,,,,,,39,3,Slider,4,0,0,4,0,4,0,4,Standard,Standard,160,0.0,0.053,,,,-0.053,,4,-4,0.926,0.074,34,23,35,24,1,2,,1,6,1,2.75,-0.31,-0.31,42.8
FF,2024-05-22,94.6,-1.78,6.08,"Kahnle, Tommy",677594,592454,,swinging_strike,,,,,5,Julio Rodríguez lines out sharply to center fielder Aaron Judge.,R,R,R,NYY,SEA,S,,,1,0,2024,-0.39,1.52,0.08,2.41,,,,0,6,Top,,,,,,,5.775257278317013,-137.57014316982827,-7.340488860386178,-6.256011085166723,30.77834985678973,-11.43168228596446,3.35,1.53,,,,95.4,2266,6.8,745743,669224,519203,650402,665828,683011,657077,592450,665742,53.7,,,,,,,,39,2,4-Seam Fastball,4,0,0,4,0,4,0,4,Standard,Standard,210,0.0,-0.049,80.2,7.9,,0.049,,4,-4,0.926,0.074,34,23,35,24,1,2,,1,6,1,1.03,0.39,0.39,42.7
FF,2024-05-22,94.7,-1.75,6.05,"Kahnle, Tommy",677594,592454,,ball,,,,,14,Julio Rodríguez lines out sharply to center fielder Aaron Judge.,R,R,R,NYY,SEA,B,,,0,0,2024,-0.04,1.31,1.26,1.32,,,,0,6,Top,,,,,,,8.026246574170473,-137.48819705058236,-9.647313615396545,-2.3102976662401,30.93003512036148,-13.560293449385988,3.43,1.57,,,,95.5,2229,6.9,745743,669224,519203,650402,665828,683011,657077,592450,665742,53.59,,,,,,,,39,1,4-Seam Fastball,4,0,0,4,0,4,0,4,Standard,Standard,209,0.0,0.038,,,,-0.038,,4,-4,0.926,0.074,34,23,35,24,1,2,,1,6,1,1.25,0.04,0.04,45.7
