pitch_type,game_date,release_speed,release_pos_x,release_pos_z,player_name,batter,pitcher,events,description,spin_dir,spin_rate_deprecated,break_angle_deprecated,break_length_deprecated,zone,des,game_type,stand,p_throws,home_team,away_team,type,hit_location,bb_type,balls,strikes,game_year,pfx_x,pfx_z,plate_x,plate_z,on_3b,on_2b,on_1b,outs_when_up,inning,inning_topbot,hc_x,hc_y,tfs_deprecated,tfs_zulu_deprecated,umpire,sv_id,vx0,vy0,vz0,ax,ay,az,sz_top,sz_bot,hit_distance_sc,launch_speed,launch_angle,effective_speed,release_spin_rate,release_extension,game_pk,fielder_2,fielder_3,fielder_4,fielder_5,fielder_6,fielder_7,fielder_8,fielder_9,release_pos_y,estimated_ba_using_speedangle,estimated_woba_using_speedangle,woba_value,woba_denom,babip_value,iso_value,launch_speed_angle,at_bat_number,pitch_number,pitch_name,home_score,away_score,bat_score,fld_score,post_away_score,post_home_score,post_bat_score,post_fld_score,if_fielding_alignment,of_fielding_alignment,spin_axis,delta_home_win_exp,delta_run_exp,bat_speed,swing_length,estimated_slg_using_speedangle,delta_pitcher_run_exp,hyper_speed,home_score_diff,bat_score_diff,home_win_exp,bat_win_exp,age_pit_legacy,age_bat_legacy,age_pit,age_bat,n_thruorder_pitcher,n_priorpa_thisgame_player_at_bat,pitcher_days_since_prev_game,batter_days_since_prev_game,pitcher_days_until_next_game,batter_days_until_next_game,api_break_z_with_gravity,api_break_x_arm,api_break_x_batter_in,arm_angle
SI,2023-10-09,97.9,-1.99,4.76,"Kelly, Joe",666971,523260,field_out,hit_into_play,,,,,4,Lourdes Gurriel Jr.  lines out to second baseman Kolten Wong.,D,R,R,LAD,AZ,X,4,line_drive,3,2,2023,-1.5,0.43,-0.65,2.27,,,572233,1,8,Top,133.6,134.08,,,,,7.088243688420376,-142.45776454357795,-2.2245484200050423,-22.125394966570465,33.36579614597821,-26.002073800460277,3.55,1.67,169,57.9,31,97.8,2285,6.3,748556,669257,518692,543939,571970,571771,621035,681546,605141,54.2,0.437,0.393,0.0,1,0,0,1,64,6,Sinker,2,4,4,2,4,2,4,2,Standard,Standard,240,0.014,-0.316,69.6,7.2,0.437,0.316,88.0,-2,2,0.129,0.871,35,29,35,30,1,3,10,2,,2,1.95,1.5,1.5,18.6
SI,2023-10-09,96.6,-1.95,4.71,"Kelly, Joe",666971,523260,,ball,,,,,14,Lourdes Gurriel Jr.  lines out to second baseman Kolten Wong.,D,R,R,LAD,AZ,B,,,2,2,2023,-1.51,0.59,0.33,1.49,,,572233,1,8,Top,,,,,,,9.514133979902454,-140.43873010703248,-4.388362409771576,-22.135926204603532,30.568802305106995,-23.48686833938737,3.58,1.72,,,,96.7,2295,6.3,748556,669257,518692,543939,571970,571771,621035,681546,605141,54.19,,,,,,,,64,5,Sinker,2,4,4,2,4,2,4,2,Standard,Standard,239,0.0,0.084,,,,-0.084,,-2,2,0.129,0.871,35,29,35,30,1,3,10,2,,2,1.84,1.51,1.51,16.7
SL,2023-10-09,90.3,-2.09,4.98,"Kelly, Joe",666971,523260,,ball,,,,,14,Lourdes Gurriel Jr.  lines out to second baseman Kolten Wong.,D,R,R,LAD,AZ,B,,,1,2,2023,1.14,0.18,1.17,1.01,,,572233,1,8,Top,,,,,,,5.675071408326094,-131.4394763492353,-4.316549326022659,12.040809944516225,27.653323903863857,-29.380571077251656,3.58,1.73,,,,90.2,2917,6.2,748556,669257,518692,543939,571970,571771,621035,681546,605141,54.3,,,,,,,,64,4,Slider,2,4,4,2,4,2,4,2,Standard,Standard,51,0.0,0.047,,,,-0.047,,-2,2,0.129,0.871,35,29,35,30,1,3,10,2,,2,2.61,-1.14,-1.14,20.1
SL,2023-10-09,89.7,-1.97,5.24,"Kelly, Joe",666971,523260,,swinging_strike,,,,,14,Lourdes Gurriel Jr.  lines out to second baseman Kolten Wong.,D,R,R,LAD,AZ,S,,,1,1,2023,1.08,-0.08,1.39,1.86,,,572233,1,8,Top,,,,,,,5.971969805320177,-130.59498686137587,-2.2168480333769596,11.170485636584049,27.339487910647676,-32.78633972324618,3.55,1.67,,,,89.3,2838,6.0,748556,669257,518692,543939,571970,571771,621035,681546,605141,54.48,,,,,,,,64,3,Slider,2,4,4,2,4,2,4,2,Standard,Standard,41,0.0,-0.055,28.9,7.0,,0.055,,-2,2,0.129,0.871,35,29,35,30,1,3,10,2,,2,2.9,-1.08,-1.08,26.0
SI,2023-10-09,97.4,-1.66,4.99,"Kelly, Joe",666971,523260,,called_strike,,,,,5,Lourdes Gurriel Jr.  lines out to second baseman Kolten Wong.,D,R,R,LAD,AZ,S,,,1,0,2023,-1.16,0.73,-0.13,2.58,,,572233,1,8,Top,,,,,,,6.7688952297960165,-141.64913097049845,-2.630930515989639,-17.168456117870818,32.34845323643918,-21.88126068460468,3.63,1.7,,,,97.4,2222,6.3,748556,669257,518692,543939,571970,571771,621035,681546,605141,54.18,,,,,,,,64,2,Sinker,2,4,4,2,4,2,4,2,Standard,Standard,228,0.0,-0.053,,,,0.053,,-2,2,0.129,0.871,35,29,35,30,1,3,10,2,,2,1.67,1.16,1.16,22.5
SL,2023-10-09,88.6,-1.82,5.53,"Kelly, Joe",666971,523260,,ball,,,,,11,Lourdes Gurriel Jr.  lines out to second baseman Kolten Wong.,D,R,R,LAD,AZ,B,,,0,0,2023,1.13,-0.14,-0.53,4.5,,,572233,1,8,Top,,,,,,,0.7888031484309723,-129.04406892749864,3.78962975689195,12.456922575593488,27.21801522017919,-34.74120402739112,3.58,1.73,,,,88.0,2905,5.9,748556,669257,518692,543939,571970,571771,621035,681546,605141,54.64,,,,,,,,64,1,Slider,2,4,4,2,4,2,4,2,Standard,Standard,49,0.0,0.036,,,,-0.036,,-2,2,0.129,0.871,35,29,35,30,1,3,10,2,,2,3.04,-1.13,-1.13,34.4
SL,2023-10-09,89.4,-2.05,5.28,"Kelly, Joe",672515,523260,strikeout,swinging_strike,,,,,6,Gabriel Moreno strikes out swinging.,D,R,R,LAD,AZ,S,2,,0,2,2023,1.19,-0.03,0.58,2.37,,,572233,0,8,Top,,,,,,,3.9364894869208578,-130.16290988246868,-1.1140795462954929,12.727081574216614,27.30310437408275,-32.506546369538206,3.26,1.49,,,,88.9,2897,5.9,748556,669257,518692,543939,571970,571771,621035,681546,605141,54.58,,0.0,0.0,1,0,0,,63,3,Slider,2,4,4,2,4,2,4,2,Standard,Standard,51,0.017,-0.156,50.6,5.5,,0.156,,-2,2,0.112,0.888,35,23,35,23,1,3,10,2,,2,2.88,-1.19,-1.19,24.3
SI,2023-10-09,97.4,-1.81,4.97,"Kelly, Joe",672515,523260,,called_strike,,,,,6,Gabriel Moreno strikes out swinging.,D,R,R,LAD,AZ,S,,,0,1,2023,-1.35,0.74,0.42,2.53,,,572233,0,8,Top,,,,,,,9.043425401889117,-141.5862162951551,-2.7242444015552296,-20.18531776468857,31.119762940422746,-21.79936093796131,3.51,1.63,,,,97.3,2181,6.2,748556,669257,518692,543939,571970,571771,621035,681546,605141,54.3,,,,,,,,63,2,Sinker,2,4,4,2,4,2,4,2,Standard,Standard,240,0.0,-0.043,,,,0.043,,-2,2,0.112,0.888,35,23,35,23,1,3,10,2,,2,1.66,1.35,1.35,22.3
SI,2023-10-09,96.9,-1.81,5.14,"Kelly, Joe",672515,523260,,swinging_strike,,,,,11,Gabriel Moreno strikes out swinging.,D,R,R,LAD,AZ,S,,,0,0,2023,-1.32,0.86,-0.86,3.23,,,572233,0,8,Top,,,,,,,5.565704642751385,-141.03465674848437,-1.5296314170136345,-18.84907347777473,31.72768229592185,-20.587233154830404,3.26,1.49,,,,97.1,2210,6.4,748556,669257,518692,543939,571970,571771,621035,681546,605141,54.15,,,,,,,,63,1,Sinker,2,4,4,2,4,2,4,2,Standard,Standard,229,0.0,-0.036,39.1,4.3,,0.036,,-2,2,0.112,0.888,35,23,35,23,1,3,10,2,,2,1.57,1.32,1.32,23.7
SI,2023-10-09,96.7,-1.76,5.06,"Kelly, Joe",572233,523260,walk,ball,,,,,11,Christian Walker walks.,D,R,R,LAD,AZ,B,,,3,0,2023,-1.38,0.75,-1.09,3.81,,,,0,8,Top,,,,,,,4.89932162727555,-140.79121801519932,0.515934017627564,-19.408915990128843,33.30617227509017,-22.57452175228431,3.44,1.65,,,,96.4,2146,6.2,748556,669257,518692,543939,571970,571771,621035,681546,605141,54.3,,0.695903,0.7,1,0,0,,62,4,Sinker,2,4,4,2,4,2,4,2,Standard,Standard,229,-0.018,0.173,,,,-0.173,,-2,2,0.13,0.87,35,32,35,32,1,3,10,2,,2,1.69,1.38,1.38,23.0
SL,2023-10-09,90.1,-1.93,5.38,"Kelly, Joe",572233,523260,,ball,,,,,14,Christian Walker walks.,D,R,R,LAD,AZ,B,,,2,0,2023,1.15,-0.38,2.14,-0.39,,,,0,8,Top,,,,,,,7.603990419914094,-130.87672616016397,-7.488991576560898,11.50031249126146,28.48956707636314,-35.023117372361995,3.44,1.55,,,,89.4,2907,6.0,748556,669257,518692,543939,571970,571771,621035,681546,605141,54.47,,,,,,,,62,3,Slider,2,4,4,2,4,2,4,2,Strategic,Standard,29,0.0,0.151,,,,-0.151,,-2,2,0.13,0.87,35,32,35,32,1,3,10,2,,2,3.2,-1.15,-1.15,34.5
SI,2023-10-09,96.9,-1.79,5.07,"Kelly, Joe",572233,523260,,ball,,,,,14,Christian Walker walks.,D,R,R,LAD,AZ,B,,,1,0,2023,-1.39,0.7,1.34,1.46,,,,0,8,Top,,,,,,,11.5080207617431,-140.70901618582687,-5.735346032096318,-20.914443754428397,28.49526023351058,-21.72641274217989,3.51,1.68,,,,97.3,2224,6.4,748556,669257,518692,543939,571970,571771,621035,681546,605141,54.12,,,,,,,,62,2,Sinker,2,4,4,2,4,2,4,2,Standard,Standard,230,0.0,0.071,,,,-0.071,,-2,2,0.13,0.87,35,32,35,32,1,3,10,2,,2,1.72,1.39,1.39,23.1
SI,2023-10-09,97.6,-1.83,5.02,"Kelly, Joe",572233,523260,,ball,,,,,11,Christian Walker walks.,D,R,R,LAD,AZ,B,,,0,0,2023,-1.42,0.51,-0.88,3.37,,,,0,8,Top,,,,,,,5.8295461547497585,-142.04825242181698,-0.1310060901910581,-20.58385261964508,30.546099179934444,-25.456198118243822,3.44,1.68,,,,97.9,2179,6.3,748556,669257,518692,543939,571970,571771,621035,681546,605141,54.17,,,,,,,,62,1,Sinker,2,4,4,2,4,2,4,2,Standard,Standard,233,0.0,0.04,,,,-0.04,,-2,2,0.13,0.87,35,32,35,32,1,3,10,2,,2,1.87,1.42,1.42,20.0
SL,2023-10-09,90.9,-1.73,5.41,"Kelly, Joe",502054,523260,strikeout,swinging_strike_blocked,,,,,14,Tommy Pham strikes out swinging.,D,R,R,LAD,AZ,S,2,,2,2,2023,1.02,-0.17,0.93,0.61,682998,606466,,2,7,Top,,,,,,,4.467655553587828,-132.32622157873857,-5.720896598391095,10.949322955444815,29.17767248155031,-33.164303002508255,3.37,1.57,,,,90.4,2816,6.0,748556,669257,518692,543939,571970,571771,621035,681546,605141,54.47,,0.0,0.0,1,0,0,,58,5,Slider,2,4,4,2,4,2,4,2,Standard,Standard,50,0.038,-0.208,72.6,8.5,,0.208,,-2,2,0.171,0.829,35,35,35,35,1,3,10,2,,2,2.94,-1.02,-1.02,30.5
SL,2023-10-09,92.5,-1.74,5.48,"Kelly, Joe",502054,523260,,blocked_ball,,,,,14,Tommy Pham strikes out swinging.,D,R,R,LAD,AZ,B,,,1,2,2023,0.45,0.36,1.84,-0.84,,682998,606466,2,7,Top,,,,,,,8.07555147843474,-134.06043604300993,-10.930339976094826,3.5505026677394462,30.703665963928053,-25.521342463688946,3.41,1.57,,,,91.6,3028,6.1,748556,669257,518692,543939,571970,571771,621035,681546,605141,54.4,,,,,,,,58,4,Slider,2,4,4,2,4,2,4,2,Standard,Standard,31,-0.009,0.033,,,,-0.033,,-2,2,0.18,0.82,35,35,35,35,1,3,10,2,,2,2.34,-0.45,-0.45,31.7
SI,2023-10-09,98.1,-1.86,5.08,"Kelly, Joe",502054,523260,,called_strike,,,,,4,Tommy Pham strikes out swinging.,D,R,R,LAD,AZ,S,,,1,1,2023,-1.27,0.77,-0.68,2.52,,682998,606466,2,7,Top,,,,,,,6.12797874420229,-142.79846795832185,-3.2374656861119946,-18.823209269585337,32.09512733952735,-21.138114836178772,3.41,1.65,,,,98.2,2210,6.3,748556,669257,518692,543939,571970,571771,621035,681546,605141,54.21,,,,,,,,58,3,Sinker,2,4,4,2,4,2,4,2,Standard,Standard,230,0.0,-0.069,,,,0.069,,-2,2,0.18,0.82,35,35,35,35,1,3,10,2,,2,1.6,1.27,1.27,22.9
SL,2023-10-09,89.2,-1.7,5.51,"Kelly, Joe",502054,523260,,ball,,,,,12,Tommy Pham strikes out swinging.,D,R,R,LAD,AZ,B,,,0,1,2023,0.89,0.19,1.09,2.56,,682998,606466,2,7,Top,,,,,,,4.976507932386843,-129.8826317893431,-1.6572014909874062,9.017064425541037,26.793334960735333,-29.832582432953615,3.36,1.65,,,,88.8,2857,6.0,748556,669257,518692,543939,571970,571771,621035,681546,605141,54.54,,,,,,,,58,2,Slider,2,4,4,2,4,2,4,2,Standard,Standard,42,0.0,0.025,,,,-0.025,,-2,2,0.18,0.82,35,35,35,35,1,3,10,2,,2,2.66,-0.89,-0.89,33.3
SL,2023-10-09,88.3,-1.7,5.54,"Kelly, Joe",502054,523260,,called_strike,,,,,9,Tommy Pham strikes out swinging.,D,R,R,LAD,AZ,S,,,0,0,2023,1.08,0.28,0.64,2.04,,682998,606466,2,7,Top,,,,,,,3.4268099979486513,-128.60372325245882,-3.026437242373454,11.249392834185176,26.846257071423533,-28.639132408235128,3.43,1.65,,,,87.9,2751,6.0,748556,669257,518692,543939,571970,571771,621035,681546,605141,54.5,,,,,,,,58,1,Slider,2,4,4,2,4,2,4,2,Standard,Standard,41,0.0,-0.04,,,,0.04,,-2,2,0.18,0.82,35,35,35,35,1,3,10,2,,2,2.64,-1.08,-1.08,34.3
SI,2023-10-09,97.3,-1.75,5.22,"Kelly, Joe",606466,523260,single,hit_into_play,,,,,4,Ketel Marte singles on a sharp ground ball to shortstop Enrique Hernandez.   Corbin Carroll to 2nd.,D,L,R,LAD,AZ,X,6,ground_ball,1,0,2023,-1.24,0.59,-0.51,2.71,,,682998,2,7,Top,114.61,129.62,,,,,6.177591463355205,-141.7311440224768,-2.632300684026457,-18.11191202656266,30.092571135194515,-23.7871278977967,3.52,1.68,7,107.4,-20,97.9,2155,6.4,748556,669257,518692,543939,571970,571771,621035,681546,605141,54.09,0.206,0.199,0.9,1,1,0,2,57,2,Sinker,2,4,4,2,4,2,4,2,Infield shade,Standard,230,-0.013,0.338,70.1,6.5,0.235,-0.338,107.4,-2,2,0.193,0.807,35,29,35,30,1,3,10,2,,2,1.8,1.24,-1.24,26.2
SL,2023-10-09,89.0,-1.82,5.61,"Kelly, Joe",606466,523260,,blocked_ball,,,,,14,Ketel Marte singles on a sharp ground ball to shortstop Enrique Hernandez.   Corbin Carroll to 2nd.,D,L,R,LAD,AZ,B,,,0,0,2023,1.08,-0.12,1.22,0.81,,,682998,2,7,Top,,,,,,,5.138186427759702,-129.42179680098562,-5.417539933979156,11.016914673978931,28.436626796867586,-32.56598590096047,3.59,1.72,,,,88.2,2884,6.0,748556,669257,518692,543939,571970,571771,621035,681546,605141,54.53,,,,,,,,57,1,Slider,2,4,4,2,4,2,4,2,Infield shade,Standard,40,0.0,0.03,,,,-0.03,,-2,2,0.193,0.807,35,29,35,30,1,3,10,2,,2,3.02,-1.08,1.08,36.9
SL,2023-10-09,88.6,-1.79,5.54,"Kelly, Joe",682998,523260,single,hit_into_play,,,,,9,Corbin Carroll singles on a line drive to right fielder Mookie Betts.,D,L,R,LAD,AZ,X,9,line_drive,1,0,2023,1.32,-0.35,0.43,1.53,,,,2,7,Top,181.46,119.94,,,,,2.6380819430599245,-129.05177751841643,-2.9613711415079003,14.14438060268048,28.09580818465224,-35.624825640002065,3.09,1.47,240,98.9,16,87.8,2821,5.9,748556,669257,518692,543939,571970,571771,621035,681546,605141,54.64,0.626,0.638,0.9,1,1,0,4,56,2,Slider,2,4,4,2,4,2,4,2,Infield shade,Standard,51,-0.008,0.301,73.1,7.3,0.885,-0.301,98.9,-2,2,0.201,0.799,35,22,35,23,1,3,10,2,,2,3.26,-1.32,1.32,37.8
FF,2023-10-09,99.6,-1.52,5.38,"Kelly, Joe",682998,523260,,ball,,,,,14,Corbin Carroll singles on a line drive to right fielder Mookie Betts.,D,L,R,LAD,AZ,B,,,0,0,2023,-0.7,1.25,0.84,0.66,,,,2,7,Top,,,,,,,8.143628648246017,-144.57452247426127,-10.49804296339524,-11.734702866275242,33.879252360346946,-12.367252551192117,3.17,1.57,,,,99.7,2281,6.5,748556,669257,518692,543939,571970,571771,621035,681546,605141,54.0,,,,,,,,56,1,4-Seam Fastball,2,4,4,2,4,2,4,2,Infield shade,Standard,222,0.0,0.043,,,,-0.043,,-2,2,0.201,0.799,35,22,35,23,1,3,10,2,,2,1.06,0.7,-0.7,32.5
SI,2023-10-09,98.4,-1.78,5.03,"Kelly, Joe",672695,523260,field_out,hit_into_play,,,,,8,"Geraldo Perdomo grounds out, shortstop Enrique Hernandez to first baseman Freddie Freeman.",D,L,R,LAD,AZ,X,6,ground_ball,2,1,2023,-1.42,0.77,0.26,1.55,,,,1,7,Top,109.0,146.0,,,,,8.8367123120352,-143.05947569752942,-5.809366612931205,-21.56158927018343,30.21234148445917,-20.38546641094409,3.34,1.53,34,85.3,-1,98.9,2247,6.4,748556,669257,518692,543939,571970,571771,621035,681546,605141,54.09,0.209,0.187,0.0,1,0,0,2,55,4,Sinker,2,4,4,2,4,2,4,2,Infield shade,Standard,231,0.011,-0.31,64.5,6.6,0.215,0.31,88.0,-2,2,0.19,0.81,35,23,35,24,1,2,10,2,,2,1.57,1.42,-1.42,24.8
FF,2023-10-09,99.2,-1.72,5.01,"Kelly, Joe",672695,523260,,ball,,,,,12,"Geraldo Perdomo grounds out, shortstop Enrique Hernandez to first baseman Freddie Freeman.",D,L,R,LAD,AZ,B,,,1,1,2023,-0.89,1.1,1.23,2.81,,,,1,7,Top,,,,,,,10.109200453073786,-144.09629969364372,-3.1454789569599533,-14.644914538558687,32.33255287284774,-16.309972269619227,3.46,1.58,,,,99.0,2168,6.2,748556,669257,518692,543939,571970,571771,621035,681546,605141,54.29,,,,,,,,55,3,4-Seam Fastball,2,4,4,2,4,2,4,2,Infield shade,Standard,233,0.0,0.054,,,,-0.054,,-2,2,0.19,0.81,35,23,35,24,1,2,10,2,,2,1.22,0.89,-0.89,27.3
CH,2023-10-09,91.0,-1.69,5.4,"Kelly, Joe",672695,523260,,ball,,,,,14,"Geraldo Perdomo grounds out, shortstop Enrique Hernandez to first baseman Freddie Freeman.",D,L,R,LAD,AZ,B,,,0,1,2023,-1.53,0.71,0.9,0.52,,,,1,7,Top,,,,,,,9.702766436231215,-132.10457879636888,-7.832337764973695,-19.884720648550587,25.576507785219704,-22.39741156047436,3.43,1.55,,,,90.8,2094,6.1,748556,669257,518692,543939,571970,571771,621035,681546,605141,54.41,,,,,,,,55,2,Changeup,2,4,4,2,4,2,4,2,Infield shade,Standard,251,0.0,0.03,,,,-0.03,,-2,2,0.19,0.81,35,23,35,24,1,2,10,2,,2,2.04,1.53,-1.53,29.5
FF,2023-10-09,99.9,-1.72,5.4,"Kelly, Joe",672695,523260,,called_strike,,,,,8,"Geraldo Perdomo grounds out, shortstop Enrique Hernandez to first baseman Freddie Freeman.",D,L,R,LAD,AZ,S,,,0,0,2023,-0.94,1.12,-0.07,1.48,,,,1,7,Top,,,,,,,6.716525616124072,-145.32572236841764,-8.080694719913621,-14.773545254020066,30.65474778889973,-14.57043825654724,3.48,1.57,,,,100.0,2356,6.1,748556,669257,518692,543939,571970,571771,621035,681546,605141,54.38,,,,,,,,55,1,4-Seam Fastball,2,4,4,2,4,2,4,2,Standard,Standard,219,0.0,-0.041,,,,0.041,,-2,2,0.19,0.81,35,23,35,24,1,2,10,2,,2,1.14,0.94,-0.94,35.1
SI,2023-10-09,98.8,-1.66,5.1,"Kelly, Joe",446334,523260,strikeout,called_strike,,,,,8,Evan Longoria called out on strikes.,D,R,R,LAD,AZ,S,2,,2,2,2023,-1.53,0.45,0.19,2.19,,,,0,7,Top,,,,,,,8.5729775329059,-143.68955771583947,-3.5866012507337883,-23.08832140969267,30.7146741883103,-25.241716490639764,3.68,1.69,,,,99.0,2272,6.2,748556,669257,518692,543939,571970,571771,621035,681546,605141,54.25,,0.0,0.0,1,0,0,,54,5,Sinker,2,4,4,2,4,2,4,2,Standard,Standard,230,0.014,-0.239,,,,0.239,,-2,2,0.176,0.824,35,37,35,38,1,2,10,2,,2,1.87,1.53,1.53,26.8
SL,2023-10-09,89.7,-1.67,5.62,"Kelly, Joe",446334,523260,,ball,,,,,14,Evan Longoria called out on strikes.,D,R,R,LAD,AZ,B,,,1,2,2023,1.06,-0.03,1.9,2.43,,,,0,7,Top,,,,,,,6.538274843026349,-130.62716342751136,-1.904582999007159,10.936489307291328,25.40762385399871,-32.30030345286377,3.66,1.78,,,,89.4,2841,5.9,748556,669257,518692,543939,571970,571771,621035,681546,605141,54.62,,,,,,,,54,4,Slider,2,4,4,2,4,2,4,2,Standard,Standard,50,0.0,0.046,,,,-0.046,,-2,2,0.176,0.824,35,37,35,38,1,2,10,2,,2,2.84,-1.06,-1.06,37.9
SL,2023-10-09,89.8,-1.94,5.58,"Kelly, Joe",446334,523260,,ball,,,,,14,Evan Longoria called out on strikes.,D,R,R,LAD,AZ,B,,,0,2,2023,0.99,-0.41,1.79,-1.23,,,,0,7,Top,,,,,,,7.06740351058491,-130.35008019706086,-9.865166160376187,9.654985686832072,28.473399205486455,-34.90570701339587,3.73,1.72,,,,88.7,2908,5.8,748556,669257,518692,543939,571970,571771,621035,681546,605141,54.65,,,,,,,,54,3,Slider,2,4,4,2,4,2,4,2,Standard,Standard,26,0.0,0.024,,,,-0.024,,-2,2,0.176,0.824,35,37,35,38,1,2,10,2,,2,3.26,-0.99,-0.99,36.9
SL,2023-10-09,87.5,-1.75,5.6,"Kelly, Joe",446334,523260,,swinging_strike,,,,,14,Evan Longoria called out on strikes.,D,R,R,LAD,AZ,S,,,0,1,2023,1.06,-0.34,1.54,1.39,,,,0,7,Top,,,,,,,5.70808266726551,-127.4316734283066,-3.3333581989010597,10.471911522632064,25.497208378770836,-35.384410403089376,3.61,1.69,,,,86.8,2817,5.7,748556,669257,518692,543939,571970,571771,621035,681546,605141,54.79,,,,,,,,54,2,Slider,2,4,4,2,4,2,4,2,Standard,Standard,46,0.0,-0.054,67.7,8.9,,0.054,,-2,2,0.176,0.824,35,37,35,38,1,2,10,2,,2,3.3,-1.06,-1.06,35.5
SL,2023-10-09,89.2,-1.92,5.58,"Kelly, Joe",446334,523260,,foul,,,,,9,Evan Longoria called out on strikes.,D,R,R,LAD,AZ,S,,,0,0,2023,0.49,-0.05,0.55,2.26,,,,0,7,Top,,,,,,,4.988252197019351,-129.85412742537542,-2.0542065712553557,4.5926400844933015,26.498576027991778,-32.536856269272114,3.61,1.69,,,,88.4,2857,5.7,748556,669257,518692,543939,571970,571771,621035,681546,605141,54.78,,,,,,,,54,1,Slider,2,4,4,2,4,2,4,2,Standard,Standard,48,0.0,-0.042,73.8,8.2,,0.042,,-2,2,0.176,0.824,35,37,35,38,1,2,10,2,,2,2.91,-0.49,-0.49,33.0
KC,2023-09-29,86.8,-1.59,5.83,"Kelly, Joe",592626,523260,strikeout,swinging_strike_blocked,,,,,14,Joc Pederson strikes out swinging.,R,L,R,SF,LAD,S,2,,0,2,2023,0.58,-1.25,1.01,0.86,,573262,,2,8,Bot,,,,,,,4.96956468345294,-126.32590992949562,-3.076339882924229,5.0994963348303735,28.18726156268844,-44.9817402017639,3.51,1.67,,,,85.6,3163,5.7,716382,669257,518692,605141,571771,642708,444482,681546,518792,54.79,,0.0,0.0,1,0,0,,62,3,Knuckle Curve,2,6,2,6,6,2,2,6,Infield shade,Standard,32,-0.012,-0.185,72.4,8.1,,0.185,,-4,-4,0.025,0.025,35,31,35,31,1,3,3,2,10,2,4.3,-0.58,0.58,44.4
FF,2023-09-29,99.8,-1.6,5.48,"Kelly, Joe",592626,523260,,called_strike,,,,,12,Joc Pederson strikes out swinging.,R,L,R,SF,LAD,S,,,0,1,2023,-0.85,1.2,0.86,2.69,,573262,,2,8,Bot,,,,,,,8.808636655472137,-144.98460081792186,-5.076690202753944,-14.14968169709484,36.11837247602836,-14.22877194760773,3.44,1.78,,,,99.8,2255,6.5,716382,669257,518692,605141,571771,642708,444482,681546,518792,53.98,,,,,,,,62,2,4-Seam Fastball,2,6,2,6,6,2,2,6,Standard,Standard,223,0.0,-0.061,,,,0.061,,-4,-4,0.025,0.025,35,31,35,31,1,3,3,2,10,2,1.11,0.85,-0.85,37.0
FF,2023-09-29,99.5,-1.56,5.33,"Kelly, Joe",592626,523260,,called_strike,,,,,8,Joc Pederson strikes out swinging.,R,L,R,SF,LAD,S,,,0,0,2023,-0.78,0.99,0.18,2.02,,573262,,2,8,Bot,,,,,,,6.607057614548038,-144.70051562546362,-5.998659584942484,-12.525855444663248,33.553944623766,-17.033813346654114,3.44,1.74,,,,99.2,2197,6.2,716382,669257,518692,605141,571771,642708,444482,681546,518792,54.33,,,,,,,,62,1,4-Seam Fastball,2,6,2,6,6,2,2,6,Standard,Standard,218,0.0,-0.046,,,,0.046,,-4,-4,0.025,0.025,35,31,35,31,1,3,3,2,10,2,1.31,0.78,-0.78,35.5
SI,2023-09-29,100.1,-1.87,5.01,"Kelly, Joe",527038,523260,field_out,hit_into_play,,,,,5,"Wilmer Flores grounds out softly, pitcher Joe Kelly to first baseman Freddie Freeman.   Mike Yastrzemski to 2nd.",R,R,R,SF,LAD,X,1,ground_ball,1,0,2023,-1.34,0.48,0.17,2.05,,,573262,1,8,Bot,115.04,189.89,,,,,8.833490631401146,-145.47814431883856,-3.9163374713660497,-21.115011636129154,34.20903015055569,-24.683557131269023,3.17,1.54,2,57.5,-54,100.6,2168,6.6,716382,669257,518692,605141,571771,642708,444482,681546,518792,53.86,0.291,0.221,0.0,1,0,0,1,61,2,Sinker,2,6,2,6,6,2,2,6,Standard,Standard,221,-0.015,-0.369,70.2,7.1,0.306,0.369,88.0,-4,-4,0.04,0.04,35,31,35,32,1,3,3,2,10,1,1.81,1.34,1.34,23.3
SI,2023-09-29,98.8,-1.89,5.0,"Kelly, Joe",527038,523260,,ball,,,,,14,"Wilmer Flores grounds out softly, pitcher Joe Kelly to first baseman Freddie Freeman.   Mike Yastrzemski to 2nd.",R,R,R,SF,LAD,B,,,0,0,2023,-1.43,0.46,0.8,1.44,,,573262,1,8,Bot,,,,,,,10.6753700828596,-143.45697064993453,-5.316189146389946,-22.24000700928857,33.90975117412429,-24.671537993172443,3.22,1.63,,,,98.9,2143,6.5,716382,669257,518692,605141,571771,642708,444482,681546,518792,53.98,,,,,,,,61,1,Sinker,2,6,2,6,6,2,2,6,Standard,Standard,235,0.0,0.036,,,,-0.036,,-4,-4,0.04,0.04,35,31,35,32,1,3,3,2,10,1,1.89,1.43,1.43,24.3
SI,2023-09-29,99.9,-1.78,4.93,"Kelly, Joe",573262,523260,walk,ball,,,,,14,Mike Yastrzemski walks.,R,L,R,SF,LAD,B,,,3,2,2023,-1.41,0.53,0.78,1.43,,,,1,8,Bot,,,,,,,10.418861678531435,-145.06936241765715,-5.555733504510644,-22.266470606295258,31.41011325228117,-23.623663680617764,3.5,1.74,,,,100.7,2163,6.7,716382,669257,518692,605141,571771,642708,444482,681546,518792,53.83,,0.695903,0.7,1,0,0,,60,6,Sinker,2,6,2,6,6,2,2,6,Strategic,Standard,245,0.015,0.36,,,,-0.36,,-4,-4,0.025,0.025,35,32,35,33,1,3,3,2,10,2,1.75,1.41,-1.41,21.2
SI,2023-09-29,98.2,-1.71,5.25,"Kelly, Joe",573262,523260,,swinging_strike,,,,,1,Mike Yastrzemski walks.,R,L,R,SF,LAD,S,,,3,1,2023,-1.39,0.54,-0.58,3.16,,,,1,8,Bot,,,,,,,6.292128548190691,-142.97263590172895,-1.4489140107569156,-20.49440811324986,32.76796277910821,-24.663360475480857,3.5,1.67,,,,98.5,2112,6.4,716382,669257,518692,605141,571771,642708,444482,681546,518792,54.09,,,,,,,,60,5,Sinker,2,6,2,6,6,2,2,6,Infield shade,Standard,237,0.0,-0.104,67.1,6.5,,0.104,,-4,-4,0.025,0.025,35,32,35,33,1,3,3,2,10,2,1.82,1.39,-1.39,27.4
SI,2023-09-29,97.9,-1.69,5.24,"Kelly, Joe",573262,523260,,called_strike,,,,,1,Mike Yastrzemski walks.,R,L,R,SF,LAD,S,,,3,0,2023,-1.29,0.75,-0.52,2.82,,,,1,8,Bot,,,,,,,6.140571980608142,-142.56792119302298,-2.8229842126232803,-18.94803644687906,30.801180586902472,-21.46343051489772,3.29,1.56,,,,98.5,2095,6.4,716382,669257,518692,605141,571771,642708,444482,681546,518792,54.08,,,,,,,,60,4,Sinker,2,6,2,6,6,2,2,6,Infield shade,Standard,225,0.0,-0.083,,,,0.083,,-4,-4,0.025,0.025,35,32,35,33,1,3,3,2,10,2,1.61,1.29,-1.29,28.0
SI,2023-09-29,99.4,-1.91,5.04,"Kelly, Joe",573262,523260,,ball,,,,,13,Mike Yastrzemski walks.,R,L,R,SF,LAD,B,,,2,0,2023,-1.36,0.72,-0.87,2.25,,,,1,8,Bot,,,,,,,6.059764672465292,-144.60590788857203,-3.914086922879528,-20.49212411171458,33.687795648251154,-21.37525054376042,3.54,1.81,,,,99.8,2223,6.5,716382,669257,518692,605141,571771,642708,444482,681546,518792,54.0,,,,,,,,60,3,Sinker,2,6,2,6,6,2,2,6,Infield shade,Standard,236,0.0,0.142,,,,-0.142,,-4,-4,0.025,0.025,35,32,35,33,1,3,3,2,10,2,1.59,1.36,-1.36,25.7
FF,2023-09-29,99.3,-1.76,5.09,"Kelly, Joe",573262,523260,,ball,,,,,14,Mike Yastrzemski walks.,R,L,R,SF,LAD,B,,,1,0,2023,-1.43,0.77,1.23,0.12,,,,1,8,Bot,,,,,,,11.457376546332329,-143.9765623076778,-9.994096787515062,-22.44978561021425,31.0386689951515,-19.298610150432605,3.54,1.74,,,,99.1,2237,6.2,716382,669257,518692,605141,571771,642708,444482,681546,518792,54.28,,,,,,,,60,2,4-Seam Fastball,2,6,2,6,6,2,2,6,Infield shade,Standard,331,0.0,0.066,,,,-0.066,,-4,-4,0.025,0.025,35,32,35,33,1,3,3,2,10,2,1.55,1.43,-1.43,24.6
SI,2023-09-29,101.2,-1.65,5.19,"Kelly, Joe",573262,523260,,ball,,,,,14,Mike Yastrzemski walks.,R,L,R,SF,LAD,B,,,0,0,2023,-1.47,0.8,1.04,1.65,,,,1,8,Bot,,,,,,,11.04464372157114,-146.94090049333806,-6.493898504062809,-23.958313474949684,34.64107163272102,-19.148483280652727,3.58,1.74,,,,101.5,2363,6.5,716382,669257,518692,605141,571771,642708,444482,681546,518792,53.96,,,,,,,,60,1,Sinker,2,6,2,6,6,2,2,6,Infield shade,Standard,231,0.0,0.039,,,,-0.039,,-4,-4,0.025,0.025,35,32,35,33,1,3,3,2,10,2,1.43,1.47,-1.47,25.4
SL,2023-09-29,89.4,-1.74,5.82,"Kelly, Joe",664774,523260,field_out,hit_into_play,,,,,6,LaMonte Wade Jr.  lines out to second baseman Mookie Betts.,R,L,R,SF,LAD,X,4,line_drive,1,2,2023,1.07,-0.16,0.37,2.39,,,,0,8,Bot,149.22,147.98,,,,,2.911800213007236,-130.2185103467751,-2.098510296797855,11.492155745077232,28.276934336768424,-33.77213862233119,3.28,1.59,145,81.7,12,88.3,2748,5.6,716382,669257,518692,605141,571771,642708,444482,681546,518792,54.85,0.577,0.519,0.0,1,0,0,4,59,4,Slider,2,6,2,6,6,2,2,6,Infield shade,Standard,36,-0.014,-0.193,75.6,6.7,0.603,0.193,88.0,-4,-4,0.039,0.039,35,29,35,29,1,3,3,2,10,2,3.02,-1.07,1.07,37.2
CH,2023-09-29,90.2,-1.72,5.64,"Kelly, Joe",664774,523260,,called_strike,,,,,9,LaMonte Wade Jr.  lines out to second baseman Mookie Betts.,R,L,R,SF,LAD,S,,,1,1,2023,-1.37,0.89,0.46,1.98,,,,0,8,Bot,,,,,,,8.278443660558546,-131.10972064520803,-5.03384292809293,-17.475667832301408,25.445575029032653,-20.9883533909533,3.29,1.74,,,,90.0,2152,6.0,716382,669257,518692,605141,571771,642708,444482,681546,518792,54.47,,,,,,,,59,3,Changeup,2,6,2,6,6,2,2,6,Infield shade,Standard,247,0.0,-0.061,,,,0.061,,-4,-4,0.039,0.039,35,29,35,29,1,3,3,2,10,2,1.9,1.37,-1.37,29.4
FF,2023-09-29,100.4,-1.5,5.62,"Kelly, Joe",664774,523260,,ball,,,,,12,LaMonte Wade Jr.  lines out to second baseman Mookie Betts.,R,L,R,SF,LAD,B,,,0,1,2023,-0.7,1.27,0.91,3.06,,,,0,8,Bot,,,,,,,8.33411966875579,-145.88768219300704,-4.655016624816299,-12.170290478107097,38.521741339165665,-13.223483429593673,3.33,1.63,,,,99.8,2279,6.3,716382,669257,518692,605141,571771,642708,444482,681546,518792,54.19,,,,,,,,59,2,4-Seam Fastball,2,6,2,6,6,2,2,6,Infield shade,Standard,216,0.0,0.031,,,,-0.031,,-4,-4,0.039,0.039,35,29,35,29,1,3,3,2,10,2,1.02,0.7,-0.7,40.2
FF,2023-09-29,97.3,-1.8,5.47,"Kelly, Joe",664774,523260,,called_strike,,,,,6,LaMonte Wade Jr.  lines out to second baseman Mookie Betts.,R,L,R,SF,LAD,S,,,0,0,2023,-0.97,1.15,0.73,2.44,,,,0,8,Bot,,,,,,,8.994816296768647,-141.40605888469076,-5.212904533494758,-15.130228098490123,33.52130235753413,-15.706730812898982,3.33,1.67,,,,97.0,2141,6.3,716382,669257,518692,605141,571771,642708,444482,681546,518792,54.23,,,,,,,,59,1,4-Seam Fastball,2,6,2,6,6,2,2,6,Infield shade,Standard,224,0.0,-0.042,,,,0.042,,-4,-4,0.039,0.039,35,29,35,29,1,3,3,2,10,2,1.27,0.97,-0.97,35.9
SL,2023-09-26,89.6,-2.06,5.37,"Kelly, Joe",678662,523260,strikeout,foul_tip,,,,,1,Ezequiel Tovar strikes out on a foul tip.,R,R,R,COL,LAD,S,2,,3,2,2023,0.73,0.09,-0.39,2.94,,,,2,8,Bot,,,,,,,2.5779751728174034,-130.6208606797441,-0.2785771661070667,7.96799063596824,24.079845845987258,-31.276095219939503,3.09,1.46,,,,89.8,2775,6.1,716424,669257,518692,543939,621035,642708,444482,681546,571771,54.44,,0.0,0.0,1,0,0,,75,6,Slider,2,10,2,10,10,2,2,10,Standard,Strategic,56,-0.001,-0.336,69.8,6.5,,0.336,,-8,-8,0.001,0.001,35,21,35,22,1,3,3,0,3,1,2.71,-0.73,-0.73,27.2
SI,2023-09-26,97.6,-1.9,5.12,"Kelly, Joe",678662,523260,,called_strike,,,,,12,Ezequiel Tovar strikes out on a foul tip.,R,R,R,COL,LAD,S,,,3,1,2023,-1.22,0.34,0.0,3.34,,,,2,8,Bot,,,,,,,7.97700922192386,-142.06192907891565,-0.1180588527328951,-18.26996970583927,28.200487588305418,-27.710424144886815,3.21,1.53,,,,98.9,2217,6.7,716424,669257,518692,543939,621035,642708,444482,681546,571771,53.78,,,,,,,,75,5,Sinker,2,10,2,10,10,2,2,10,Strategic,Strategic,235,0.0,-0.093,,,,0.093,,-8,-8,0.001,0.001,35,21,35,22,1,3,3,0,3,1,2.03,1.22,1.22,23.1
SL,2023-09-26,90.8,-1.93,5.45,"Kelly, Joe",678662,523260,,ball,,,,,14,Ezequiel Tovar strikes out on a foul tip.,R,R,R,COL,LAD,B,,,2,1,2023,0.51,0.11,1.3,1.01,,,,2,8,Bot,,,,,,,6.973946956941687,-132.24310477327762,-5.512226763819696,4.759420839507613,23.896817966365855,-30.083465304829787,3.08,1.47,,,,90.9,2949,6.0,716424,669257,518692,543939,621035,642708,444482,681546,571771,54.54,,,,,,,,75,4,Slider,2,10,2,10,10,2,2,10,Standard,Strategic,45,0.0,0.116,,,,-0.116,,-8,-8,0.001,0.001,35,21,35,22,1,3,3,0,3,1,2.62,-0.51,-0.51,34.4
SL,2023-09-26,90.1,-1.98,5.35,"Kelly, Joe",678662,523260,,ball,,,,,14,Ezequiel Tovar strikes out on a foul tip.,R,R,R,COL,LAD,B,,,1,1,2023,0.6,0.06,1.44,1.31,,,,2,8,Bot,,,,,,,7.201439671390702,-131.16454439665628,-4.25252830468175,5.670917621676818,24.56313590010309,-30.849108814426707,3.05,1.45,,,,90.5,2810,6.2,716424,669257,518692,543939,621035,642708,444482,681546,571771,54.27,,,,,,,,75,3,Slider,2,10,2,10,10,2,2,10,Standard,Strategic,41,0.0,0.053,,,,-0.053,,-8,-8,0.001,0.001,35,21,35,22,1,3,3,0,3,1,2.72,-0.6,-0.6,28.1
SL,2023-09-26,90.1,-2.01,5.36,"Kelly, Joe",678662,523260,,swinging_strike,,,,,5,Ezequiel Tovar strikes out on a foul tip.,R,R,R,COL,LAD,S,,,1,0,2023,0.72,0.18,0.24,2.58,,,,2,8,Bot,,,,,,,4.050428658437207,-131.30782345563688,-1.3970478900034866,7.609881099440092,24.264638621798415,-30.05457461480076,3.09,1.46,,,,90.4,2861,6.1,716424,669257,518692,543939,621035,642708,444482,681546,571771,54.41,,,,,,,,75,2,Slider,2,10,2,10,10,2,2,10,Standard,Strategic,53,0.0,-0.056,69.7,7.4,,0.056,,-8,-8,0.001,0.001,35,21,35,22,1,3,3,0,3,1,2.6,-0.72,-0.72,34.5
SL,2023-09-26,89.2,-1.99,5.44,"Kelly, Joe",678662,523260,,ball,,,,,11,Ezequiel Tovar strikes out on a foul tip.,R,R,R,COL,LAD,B,,,0,0,2023,0.71,0.02,-1.09,3.44,,,,2,8,Bot,,,,,,,0.7352569540190419,-130.06543080249958,0.9711528039128254,7.922503073040514,25.323039010062033,-32.31432210497493,3.08,1.49,,,,89.0,2738,5.9,716424,669257,518692,543939,621035,642708,444482,681546,571771,54.59,,,,,,,,75,1,Slider,2,10,2,10,10,2,2,10,Standard,Strategic,59,0.0,0.043,,,,-0.043,,-8,-8,0.001,0.001,35,21,35,22,1,3,3,0,3,1,2.81,-0.71,-0.71,29.0
SI,2023-09-26,99.4,-1.91,5.35,"Kelly, Joe",453568,523260,field_out,hit_into_play,,,,,5,Charlie Blackmon lines out sharply to right fielder Enrique Hernandez.,R,L,R,COL,LAD,X,9,line_drive,0,0,2023,-1.31,0.4,-0.17,2.52,,,,1,8,Bot,186.96,91.49,,,,,7.865862959270645,-144.70847572383676,-3.3979984735154596,-20.213815110145443,28.775263837655725,-25.97048064536956,3.47,1.6,306,102.0,16,100.4,2299,6.5,716424,669257,518692,543939,621035,642708,444482,681546,571771,54.03,0.554,0.601,0.0,1,0,0,4,74,1,Sinker,2,10,2,10,10,2,2,10,Infield shade,Standard,236,0.0,-0.267,70.1,7.0,0.88,0.267,102.0,-8,-8,0.001,0.001,35,36,35,37,1,3,3,2,3,1,1.88,1.31,-1.31,23.7
SL,2023-09-26,89.9,-2.02,5.34,"Kelly, Joe",686668,523260,strikeout,called_strike,,,,,4,Brenton Doyle called out on strikes.,R,R,R,COL,LAD,S,2,,1,2,2023,1.03,-0.3,-0.48,2.26,,,,0,8,Bot,,,,,,,1.6327051284365348,-130.95404985706892,-1.03833661063754,11.562106211440062,26.812662440177977,-35.671032332268666,3.4,1.63,,,,89.9,2693,6.2,716424,669257,518692,543939,621035,642708,444482,681546,571771,54.33,,0.0,0.0,1,0,0,,73,4,Slider,2,10,2,10,10,2,2,10,Standard,Strategic,57,-0.001,-0.193,,,,0.193,,-8,-8,0.002,0.002,35,25,35,25,1,2,3,0,3,1,3.11,-1.03,-1.03,27.5
SI,2023-09-26,99.2,-1.82,5.24,"Kelly, Joe",686668,523260,,foul,,,,,5,Brenton Doyle called out on strikes.,R,R,R,COL,LAD,S,,,1,1,2023,-1.17,0.74,0.07,2.24,,,,0,8,Bot,,,,,,,7.949866882182285,-144.38643134956095,-4.625123833077066,-18.091332263696252,29.535545409353197,-20.91320029728901,3.46,1.67,2,74.8,-42,100.4,2346,6.6,716424,669257,518692,543939,621035,642708,444482,681546,571771,53.85,,,,,,,,73,3,Sinker,2,10,2,10,10,2,2,10,Standard,Strategic,234,0.0,-0.061,65.9,7.2,,0.061,88.0,-8,-8,0.002,0.002,35,25,35,25,1,2,3,0,3,1,1.55,1.17,1.17,25.4
SI,2023-09-26,98.8,-1.87,5.36,"Kelly, Joe",686668,523260,,swinging_strike,,,,,1,Brenton Doyle called out on strikes.,R,R,R,COL,LAD,S,,,1,0,2023,-1.2,0.71,-0.57,3.44,,,,0,8,Bot,,,,,,,6.371194070124813,-143.95476596659626,-1.5269074274801433,-18.082307108851015,28.763336557321846,-22.06921591937625,3.46,1.67,,,,99.9,2338,6.5,716424,669257,518692,543939,621035,642708,444482,681546,571771,53.98,,,,,,,,73,2,Sinker,2,10,2,10,10,2,2,10,Standard,Strategic,234,0.0,-0.052,67.5,5.7,,0.052,,-8,-8,0.002,0.002,35,25,35,25,1,2,3,0,3,1,1.59,1.2,1.2,24.3
SI,2023-09-26,97.8,-1.96,5.32,"Kelly, Joe",686668,523260,,ball,,,,,3,Brenton Doyle called out on strikes.,R,R,R,COL,LAD,B,,,0,0,2023,-1.19,0.66,0.28,3.54,,,,0,8,Bot,,,,,,,8.835871712072674,-142.37036171592695,-0.8879552788764712,-18.05984166111602,28.54914570030176,-23.148774364433304,3.45,1.66,,,,98.8,2319,6.5,716424,669257,518692,543939,621035,642708,444482,681546,571771,53.96,,,,,,,,73,1,Sinker,2,10,2,10,10,2,2,10,Standard,Strategic,232,0.0,0.04,,,,-0.04,,-8,-8,0.002,0.002,35,25,35,25,1,2,3,0,3,1,1.7,1.19,1.19,26.5
CH,2023-09-23,90.1,-1.9,5.33,"Kelly, Joe",527038,523260,strikeout,foul_tip,,,,,8,Wilmer Flores strikes out on a foul tip.,R,R,R,LAD,SF,S,2,,2,2,2023,-1.35,0.75,-0.1,1.65,,,,2,6,Top,,,,,,,7.334096219516438,-130.96174354173732,-4.7466798320291606,-17.09477845256244,27.565595653408113,-22.736001484375883,3.1,1.46,,,,90.0,1986,6.3,716456,605131,518692,605141,571970,500743,444482,681546,518792,54.19,,0.0,0.0,1,0,0,,46,7,Changeup,5,0,0,5,0,5,0,5,Standard,Standard,250,0.003,-0.233,65.9,8.4,,0.233,,5,-5,0.974,0.026,35,31,35,32,1,2,2,1,3,1,2.06,1.35,1.35,27.3
SL,2023-09-23,90.9,-1.76,5.6,"Kelly, Joe",527038,523260,,ball,,,,,14,Wilmer Flores strikes out on a foul tip.,R,R,R,LAD,SF,B,,,1,2,2023,0.86,-0.05,1.82,0.96,,,,2,6,Top,,,,,,,7.087112170732816,-132.28078257302698,-5.615675939617539,8.779971688101847,26.488129613718012,-31.86354757677834,3.15,1.51,,,,90.7,2811,6.0,716456,605131,518692,605141,571970,500743,444482,681546,518792,54.45,,,,,,,,46,6,Slider,5,0,0,5,0,5,0,5,Standard,Standard,45,0.0,0.041,,,,-0.041,,5,-5,0.974,0.026,35,31,35,32,1,2,2,1,3,1,2.8,-0.86,-0.86,34.9
SL,2023-09-23,90.6,-1.76,5.47,"Kelly, Joe",527038,523260,,ball,,,,,14,Wilmer Flores strikes out on a foul tip.,R,R,R,LAD,SF,B,,,0,2,2023,1.19,-0.44,2.39,-0.6,,,,2,6,Top,,,,,,,7.797272799443788,-131.4647020422402,-8.16173152006192,11.745508665062978,31.642775771872,-35.47027793723793,3.15,1.46,,,,89.8,2841,6.3,716456,605131,518692,605141,571970,500743,444482,681546,518792,54.25,,,,,,,,46,5,Slider,5,0,0,5,0,5,0,5,Standard,Standard,29,0.0,0.022,,,,-0.022,,5,-5,0.974,0.026,35,31,35,32,1,2,2,1,3,1,3.27,-1.19,-1.19,37.1
FF,2023-09-23,98.5,-1.71,5.45,"Kelly, Joe",527038,523260,,foul,,,,,12,Wilmer Flores strikes out on a foul tip.,R,R,R,LAD,SF,S,,,0,2,2023,-0.87,1.04,1.17,3.0,,,,2,6,Top,,,,,,,9.86661026360831,-143.1840598912545,-3.643184659787413,-14.236951068678817,31.45235319832499,-17.10886922690559,3.1,1.46,207,76.7,63,98.9,2161,6.5,716456,605131,518692,605141,571970,500743,444482,681546,518792,54.02,,,,,,,,46,4,4-Seam Fastball,5,0,0,5,0,5,0,5,Standard,Standard,224,0.0,0.0,65.0,7.0,,0.0,88.0,5,-5,0.974,0.026,35,31,35,32,1,2,2,1,3,1,1.3,0.87,0.87,34.0
SI,2023-09-23,97.9,-2.21,4.43,"Kelly, Joe",527038,523260,,foul,,,,,6,Wilmer Flores strikes out on a foul tip.,R,R,R,LAD,SF,S,,,0,2,2023,-1.4,-0.06,0.62,2.11,,,,2,6,Top,,,,,,,10.856596898822374,-142.10401422875265,-0.6072388250961878,-21.447524599041085,32.8319950332929,-33.11656999085245,3.1,1.46,3,82.2,-37,97.7,2084,6.3,716456,605131,518692,605141,571970,500743,444482,681546,518792,54.15,,,,,,,,46,3,Sinker,5,0,0,5,0,5,0,5,Standard,Standard,249,0.0,0.0,63.2,6.3,,0.0,88.0,5,-5,0.974,0.026,35,31,35,32,1,2,2,1,3,1,2.46,1.4,1.4,8.8
SI,2023-09-23,99.6,-2.14,4.79,"Kelly, Joe",527038,523260,,called_strike,,,,,8,Wilmer Flores strikes out on a foul tip.,R,R,R,LAD,SF,S,,,0,1,2023,-1.47,0.33,0.16,1.93,,,,2,6,Top,,,,,,,9.740060702503843,-144.69105147677115,-3.1851534579618628,-22.969955844827627,34.64537778036746,-27.02303628822072,3.49,1.55,,,,99.1,2122,6.2,716456,605131,518692,605141,571970,500743,444482,681546,518792,54.34,,,,,,,,46,2,Sinker,5,0,0,5,0,5,0,5,Standard,Standard,240,0.0,-0.061,,,,0.061,,5,-5,0.974,0.026,35,31,35,32,1,2,2,1,3,1,1.98,1.47,1.47,19.7
SI,2023-09-23,99.1,-1.81,5.21,"Kelly, Joe",527038,523260,,called_strike,,,,,3,Wilmer Flores strikes out on a foul tip.,R,R,R,LAD,SF,S,,,0,0,2023,-1.38,0.61,0.78,2.8,,,,2,6,Top,,,,,,,10.29995090288968,-143.8648102829234,-2.521980984054433,-21.612436061744685,34.74207952646641,-23.336562885806483,3.27,1.61,,,,98.8,2165,6.4,716456,605131,518692,605141,571970,500743,444482,681546,518792,54.15,,,,,,,,46,1,Sinker,5,0,0,5,0,5,0,5,Standard,Standard,229,0.0,-0.045,,,,0.045,,5,-5,0.974,0.026,35,31,35,32,1,2,2,1,3,1,1.73,1.38,1.38,26.3
SL,2023-09-23,89.5,-2.11,5.61,"Kelly, Joe",605204,523260,field_out,hit_into_play,,,,,9,J.D. Davis lines out to center fielder James Outman.,R,R,R,LAD,SF,X,8,line_drive,0,0,2023,0.75,-0.14,0.35,1.89,,,,1,6,Top,145.6,80.63,,,,,4.451590951214072,-130.27123795934764,-2.8421440777447904,7.493259058712024,29.29012505471248,-33.33675602934042,3.3,1.55,299,92.3,20,88.6,2788,5.9,716456,605131,518692,605141,571970,500743,444482,681546,518792,54.61,0.317,0.347,0.0,1,0,0,4,45,1,Slider,5,0,0,5,0,5,0,5,Strategic,Strategic,42,0.006,-0.267,71.0,7.5,0.516,0.267,92.3,5,-5,0.968,0.032,35,30,35,30,1,2,2,1,3,1,3.0,-0.75,-0.75,30.4
SL,2023-09-23,89.2,-1.88,5.61,"Kelly, Joe",642731,523260,strikeout,swinging_strike,,,,,14,Thairo Estrada strikes out swinging.,R,R,R,LAD,SF,S,2,,0,2,2023,1.1,-0.32,0.35,1.22,,,,0,6,Top,,,,,,,3.1808485223064102,-129.85635373881462,-4.084962723968772,11.737780083953083,27.641062092663716,-35.18892486102809,3.34,1.62,,,,88.8,2912,6.0,716456,605131,518692,605141,571970,500743,444482,681546,518792,54.47,,0.0,0.0,1,0,0,,44,3,Slider,5,0,0,5,0,5,0,5,Standard,Standard,32,0.01,-0.169,53.1,6.9,,0.169,,5,-5,0.958,0.042,35,27,35,27,1,2,2,1,3,1,3.19,-1.1,-1.1,34.2
SL,2023-09-23,87.9,-1.87,5.78,"Kelly, Joe",642731,523260,,foul,,,,,6,Thairo Estrada strikes out swinging.,R,R,R,LAD,SF,S,,,0,1,2023,0.75,-0.31,0.3,2.4,,,,0,6,Top,,,,,,,3.654554736508924,-127.92189267143785,-1.3779301130113193,7.37431094447939,28.24707220794952,-35.53200241426909,3.34,1.62,7,82.9,-19,86.6,2841,5.6,716456,605131,518692,605141,571970,500743,444482,681546,518792,54.87,,,,,,,,44,2,Slider,5,0,0,5,0,5,0,5,Standard,Standard,38,0.0,-0.054,73.9,7.7,,0.054,88.0,5,-5,0.958,0.042,35,27,35,27,1,2,2,1,3,1,3.28,-0.75,-0.75,36.7
SI,2023-09-23,96.2,-1.73,5.45,"Kelly, Joe",642731,523260,,called_strike,,,,,8,Thairo Estrada strikes out swinging.,R,R,R,LAD,SF,S,,,0,0,2023,-1.36,0.83,-0.08,2.15,,,,0,6,Top,,,,,,,7.463453074137172,-139.87936593114094,-5.054571965827987,-19.538231177780503,30.688996235725487,-20.326574030298268,3.36,1.64,,,,96.3,2080,6.3,716456,605131,518692,605141,571970,500743,444482,681546,518792,54.15,,,,,,,,44,1,Sinker,5,0,0,5,0,5,0,5,Standard,Standard,223,0.0,-0.042,,,,0.042,,5,-5,0.958,0.042,35,27,35,27,1,2,2,1,3,1,1.63,1.36,1.36,29.0
SL,2023-09-21,89.9,-1.91,4.93,"Kelly, Joe",642731,523260,field_out,hit_into_play,,,,,14,"Thairo Estrada grounds out, shortstop Enrique Hernandez to first baseman Freddie Freeman.",R,R,R,LAD,SF,X,6,ground_ball,1,2,2023,1.09,0.21,1.12,1.75,,,,2,8,Top,109.54,149.97,,,,,5.184262653340668,-130.9126813399943,-2.347777887822531,11.439976438199558,27.670931793583517,-29.44030074653952,3.34,1.62,48,71.1,2,89.5,2726,6.0,716484,669257,518692,605141,571970,571771,621035,681546,518792,54.5,0.126,0.122,0.0,1,0,0,2,60,4,Slider,5,2,2,5,2,5,2,5,Standard,Standard,52,0.006,-0.191,67.6,7.7,0.131,0.191,88.0,3,-3,0.969,0.031,35,27,35,27,1,3,3,1,2,1,2.6,-1.09,-1.09,20.7
SL,2023-09-21,92.7,-2.01,4.83,"Kelly, Joe",642731,523260,,ball,,,,,14,"Thairo Estrada grounds out, shortstop Enrique Hernandez to first baseman Freddie Freeman.",R,R,R,LAD,SF,B,,,0,2,2023,1.11,-0.09,1.93,-0.98,,,,2,8,Top,,,,,,,7.597024921388844,-134.54062935410346,-8.775565895117243,11.655410687949036,31.186266505740097,-31.37036607170208,3.26,1.59,,,,91.9,2819,6.1,716484,669257,518692,605141,571970,571771,621035,681546,518792,54.38,,,,,,,,60,3,Slider,5,2,2,5,2,5,2,5,Standard,Standard,53,0.0,0.022,,,,-0.022,,3,-3,0.969,0.031,35,27,35,27,1,3,3,1,2,1,2.77,-1.11,-1.11,23.7
SI,2023-09-21,97.9,-1.85,4.94,"Kelly, Joe",642731,523260,,called_strike,,,,,8,"Thairo Estrada grounds out, shortstop Enrique Hernandez to first baseman Freddie Freeman.",R,R,R,LAD,SF,S,,,0,1,2023,-1.6,0.44,0.07,1.93,,,,2,8,Top,,,,,,,8.892925575145227,-142.28484110790168,-3.687186049496296,-23.775513777535963,30.73377712617425,-25.47620604226609,3.5,1.67,,,,98.2,2271,6.4,716484,669257,518692,605141,571970,571771,621035,681546,518792,54.1,,,,,,,,60,2,Sinker,5,2,2,5,2,5,2,5,Standard,Standard,237,0.0,-0.061,,,,0.061,,3,-3,0.969,0.031,35,27,35,27,1,3,3,1,2,1,1.93,1.6,1.6,22.4
SI,2023-09-21,100.6,-1.88,4.95,"Kelly, Joe",642731,523260,,swinging_strike,,,,,13,"Thairo Estrada grounds out, shortstop Enrique Hernandez to first baseman Freddie Freeman.",R,R,R,LAD,SF,S,,,0,0,2023,-1.54,0.65,-1.0,2.11,,,,2,8,Top,,,,,,,6.122551378675904,-146.46695774014955,-4.146083853966587,-23.600454226253564,32.88624102442602,-21.965687436289905,3.34,1.62,,,,101.2,2302,6.5,716484,669257,518692,605141,571970,571771,621035,681546,518792,54.02,,,,,,,,60,1,Sinker,5,2,2,5,2,5,2,5,Standard,Standard,231,0.0,-0.045,71.6,6.2,,0.045,,3,-3,0.969,0.031,35,27,35,27,1,3,3,1,2,1,1.59,1.54,1.54,25.3
FF,2023-09-21,99.9,-1.71,5.24,"Kelly, Joe",624424,523260,field_out,hit_into_play,,,,,6,"Michael Conforto grounds out, third baseman Max Muncy to first baseman Freddie Freeman.",R,L,R,LAD,SF,X,5,ground_ball,0,1,2023,-0.91,1.06,0.65,2.43,,,,1,8,Top,94.58,153.78,,,,,8.615318287792933,-145.25172973130657,-4.863672261679856,-14.875991671405377,34.31363676665049,-16.176649107579813,3.22,1.54,98,65.5,10,99.8,2278,6.3,716484,669257,518692,605141,571970,571771,621035,681546,518792,54.19,0.226,0.2,0.0,1,0,0,2,59,2,4-Seam Fastball,5,2,2,5,2,5,2,5,Infield shade,Standard,229,0.013,-0.227,64.4,5.7,0.243,0.227,88.0,3,-3,0.956,0.044,35,30,35,30,1,3,3,1,2,2,1.23,0.91,-0.91,32.1
SI,2023-09-21,99.4,-1.64,5.16,"Kelly, Joe",624424,523260,,foul,,,,,2,"Michael Conforto grounds out, third baseman Max Muncy to first baseman Freddie Freeman.",R,L,R,LAD,SF,S,,,0,0,2023,-1.43,0.81,-0.11,2.73,,,,1,8,Top,,,,,,,7.550694848112483,-144.63424843604747,-3.1803561159645897,-21.79710405149756,32.47292142302125,-20.259797324777633,3.22,1.54,280,89.2,30,99.7,2235,6.4,716484,669257,518692,605141,571970,571771,621035,681546,518792,54.1,,,,,,,,59,1,Sinker,5,2,2,5,2,5,2,5,Infield shade,Standard,231,0.0,-0.041,61.0,5.6,,0.041,89.2,3,-3,0.956,0.044,35,30,35,30,1,3,3,1,2,2,1.49,1.43,-1.43,29.9
SL,2023-09-21,93.9,-1.88,5.38,"Kelly, Joe",592626,523260,strikeout,swinging_strike,,,,,14,Joc Pederson strikes out swinging.,R,L,R,LAD,SF,S,2,,2,2,2023,0.65,0.01,0.55,1.05,,,,0,8,Top,,,,,,,4.8398210480422845,-136.6181327676668,-5.492142311996096,7.045986024977439,29.954932471969368,-31.07946241434796,3.5,1.65,,,,93.6,2916,6.1,716484,669257,518692,605141,571970,571771,621035,681546,518792,54.42,,0.0,0.0,1,0,0,,58,9,Slider,5,2,2,5,2,5,2,5,Infield shade,Standard,49,0.021,-0.239,72.0,7.9,,0.239,,3,-3,0.935,0.065,35,31,35,31,1,3,3,1,2,1,2.58,-0.65,0.65,33.9
FF,2023-09-21,100.2,-1.71,5.31,"Kelly, Joe",592626,523260,,foul,,,,,1,Joc Pederson strikes out swinging.,R,L,R,LAD,SF,S,,,2,2,2023,-1.11,1.21,-0.45,3.21,,,,0,8,Top,,,,,,,6.063181921397928,-145.81559289745442,-3.2840778537412447,-17.24474145603568,34.57999727547522,-14.358530100715042,3.5,1.65,153,83.2,18,99.9,2462,6.1,716484,669257,518692,605141,571970,571771,621035,681546,518792,54.35,,,,,,,,58,8,4-Seam Fastball,5,2,2,5,2,5,2,5,Infield shade,Standard,227,0.0,0.0,64.1,5.9,,0.0,88.0,3,-3,0.935,0.065,35,31,35,31,1,3,3,1,2,1,1.06,1.11,-1.11,31.9
SL,2023-09-21,90.7,-1.84,5.47,"Kelly, Joe",592626,523260,,foul,,,,,11,Joc Pederson strikes out swinging.,R,L,R,LAD,SF,S,,,2,2,2023,1.09,0.25,-0.87,2.85,,,,0,8,Top,,,,,,,0.0733396503884001,-132.07691145096038,-1.1605694088052338,12.77421642696921,28.916047977567857,-29.227999233712836,3.5,1.65,205,81.9,24,90.0,2826,5.9,716484,669257,518692,605141,571970,571771,621035,681546,518792,54.63,,,,,,,,58,7,Slider,5,2,2,5,2,5,2,5,Infield shade,Standard,45,0.0,0.0,55.5,5.9,,0.0,88.0,3,-3,0.935,0.065,35,31,35,31,1,3,3,1,2,1,2.52,-1.09,1.09,35.5
SI,2023-09-21,100.0,-1.74,5.22,"Kelly, Joe",592626,523260,,foul,,,,,4,Joc Pederson strikes out swinging.,R,L,R,LAD,SF,S,,,2,2,2023,-1.4,0.74,-0.55,2.26,,,,0,8,Top,,,,,,,6.580741445451191,-145.53996380791662,-4.593472130351297,-21.393846301076984,30.854789406898163,-20.81774713808134,3.5,1.65,273,86.1,42,100.6,2241,6.4,716484,669257,518692,605141,571970,571771,621035,681546,518792,54.1,,,,,,,,58,6,Sinker,5,2,2,5,2,5,2,5,Infield shade,Standard,229,0.0,0.0,74.8,6.9,,0.0,88.0,3,-3,0.935,0.065,35,31,35,31,1,3,3,1,2,1,1.52,1.4,-1.4,26.2
FF,2023-09-21,100.3,-1.76,5.23,"Kelly, Joe",592626,523260,,foul,,,,,2,Joc Pederson strikes out swinging.,R,L,R,LAD,SF,S,,,2,2,2023,-1.01,1.23,0.25,3.12,,,,0,8,Top,,,,,,,7.939538501051982,-145.91925634627577,-3.387623722098086,-16.26397544570163,34.64804716500453,-13.956598080652167,3.5,1.65,272,80.0,28,100.3,2267,6.3,716484,669257,518692,605141,571970,571771,621035,681546,518792,54.15,,,,,,,,58,5,4-Seam Fastball,5,2,2,5,2,5,2,5,Infield shade,Standard,231,0.0,0.0,56.1,5.1,,0.0,88.0,3,-3,0.935,0.065,35,31,35,31,1,3,3,1,2,1,1.04,1.01,-1.01,30.7
SL,2023-09-21,91.3,-1.89,5.44,"Kelly, Joe",592626,523260,,ball,,,,,14,Joc Pederson strikes out swinging.,R,L,R,LAD,SF,B,,,1,2,2023,0.62,-0.1,1.15,0.05,,,,0,8,Top,,,,,,,6.280980168356886,-132.77426113045627,-7.451493701009571,6.007901844695947,27.38652637141988,-31.956853136250498,3.66,1.69,,,,90.9,2933,6.0,716484,669257,518692,605141,571970,571771,621035,681546,518792,54.48,,,,,,,,58,4,Slider,5,2,2,5,2,5,2,5,Infield shade,Standard,35,0.0,0.046,,,,-0.046,,3,-3,0.935,0.065,35,31,35,31,1,3,3,1,2,1,2.83,-0.62,0.62,32.6
SL,2023-09-21,89.7,-1.7,5.54,"Kelly, Joe",592626,523260,,ball,,,,,14,Joc Pederson strikes out swinging.,R,L,R,LAD,SF,B,,,0,2,2023,1.3,-0.25,1.15,1.7,,,,0,8,Top,,,,,,,4.248659691055327,-130.54077453947264,-2.93346613467964,13.935361066965871,28.07497749476605,-34.64115916708124,3.73,1.75,,,,89.0,2805,5.9,716484,669257,518692,605141,571970,571771,621035,681546,518792,54.62,,,,,,,,58,3,Slider,5,2,2,5,2,5,2,5,Infield shade,Standard,37,0.0,0.024,,,,-0.024,,3,-3,0.935,0.065,35,31,35,31,1,3,3,1,2,1,3.09,-1.3,1.3,29.2
SI,2023-09-21,98.6,-1.85,5.23,"Kelly, Joe",592626,523260,,called_strike,,,,,5,Joc Pederson strikes out swinging.,R,L,R,LAD,SF,S,,,0,1,2023,-1.45,0.68,-0.23,2.49,,,,0,8,Top,,,,,,,7.765015404891553,-143.3978605446554,-3.6022920867522825,-21.790357048385047,31.61661017171394,-22.14386778958763,3.7,1.69,,,,98.8,2321,6.3,716484,669257,518692,605141,571970,571771,621035,681546,518792,54.17,,,,,,,,58,2,Sinker,5,2,2,5,2,5,2,5,Infield shade,Standard,235,0.0,-0.054,,,,0.054,,3,-3,0.935,0.065,35,31,35,31,1,3,3,1,2,1,1.66,1.45,-1.45,24.0
SI,2023-09-21,97.6,-1.83,5.19,"Kelly, Joe",592626,523260,,called_strike,,,,,9,Joc Pederson strikes out swinging.,R,L,R,LAD,SF,S,,,0,0,2023,-1.46,0.77,0.8,2.01,,,,0,8,Top,,,,,,,10.460997667943497,-141.74206957464713,-4.880862220512576,-22.046589646046993,29.78697840012709,-20.80077312495722,3.71,1.75,,,,98.0,2281,6.4,716484,669257,518692,605141,571970,571771,621035,681546,518792,54.07,,,,,,,,58,1,Sinker,5,2,2,5,2,5,2,5,Infield shade,Standard,229,0.0,-0.042,,,,0.042,,3,-3,0.935,0.065,35,31,35,31,1,3,3,1,2,1,1.61,1.46,-1.46,29.2
CH,2023-09-18,88.3,-1.81,5.32,"Kelly, Joe",686531,523260,strikeout,called_strike,,,,,1,Andre Lipcius called out on strikes.,R,R,R,LAD,DET,S,2,,1,2,2023,-1.4,0.51,-0.36,3.29,,,,2,9,Top,,,,,,,6.448060979035817,-128.49980214772157,0.084081812077626,-16.893895382994774,25.7278709407494,-26.790715739629785,3.34,1.57,,,,88.3,2012,6.2,716528,669257,518692,642708,571970,500743,621035,571771,605141,54.3,,0.0,0.0,1,0,0,,71,6,Changeup,8,3,3,8,3,8,3,8,Strategic,Standard,251,0.0,-0.191,,,,0.191,,5,-5,1.0,0.0,35,25,35,25,1,3,2,3,3,1,2.41,1.4,1.4,32.9
SI,2023-09-18,99.0,-1.62,5.16,"Kelly, Joe",686531,523260,,foul,,,,,2,Andre Lipcius called out on strikes.,R,R,R,LAD,DET,S,,,1,2,2023,-1.46,0.77,-0.1,2.93,,,,2,9,Top,,,,,,,7.571503628004243,-144.05657406606855,-2.500619051787867,-22.023844401737733,30.542803906718227,-21.006867620087007,3.37,1.53,3,72.1,-46,99.5,2194,6.4,716528,669257,518692,642708,571970,500743,621035,571771,605141,54.1,,,,,,,,71,5,Sinker,8,3,3,8,3,8,3,8,Strategic,Standard,228,0.0,0.0,63.5,7.0,,0.0,88.0,5,-5,1.0,0.0,35,25,35,25,1,3,2,3,3,1,1.54,1.46,1.46,30.5
SI,2023-09-18,96.8,-1.73,5.03,"Kelly, Joe",686531,523260,,foul,,,,,14,Andre Lipcius called out on strikes.,R,R,R,LAD,DET,S,,,1,2,2023,-1.44,0.79,1.0,1.85,,,,2,9,Top,,,,,,,10.531238462018878,-140.5818928259327,-4.744307798784751,-21.39967361471482,30.192857636588425,-20.719993970383783,3.37,1.53,1,74.6,-50,96.8,2185,6.3,716528,669257,518692,642708,571970,500743,621035,571771,605141,54.21,,,,,,,,71,4,Sinker,8,3,3,8,3,8,3,8,Strategic,Standard,230,0.0,0.0,55.3,7.9,,0.0,88.0,5,-5,1.0,0.0,35,25,35,25,1,3,2,3,3,1,1.64,1.44,1.44,26.7
SI,2023-09-18,99.5,-1.83,5.15,"Kelly, Joe",686531,523260,,foul,,,,,11,Andre Lipcius called out on strikes.,R,R,R,LAD,DET,S,,,1,1,2023,-1.39,0.71,-1.09,2.76,,,,2,9,Top,,,,,,,5.302128251365127,-144.79273661436832,-2.8497193621715624,-20.75304341045126,33.07674661015987,-21.649885556702543,3.37,1.53,,73.7,45,,2319,6.4,716528,669257,518692,642708,571970,500743,621035,571771,605141,54.09,,,,,,,,71,3,Sinker,8,3,3,8,3,8,3,8,Strategic,Standard,230,0.0,-0.069,65.3,7.1,,0.069,88.0,5,-5,1.0,0.0,35,25,35,25,1,3,2,3,3,1,1.58,1.39,1.39,29.3
SI,2023-09-18,99.3,-1.65,5.09,"Kelly, Joe",686531,523260,,ball,,,,,14,Andre Lipcius called out on strikes.,R,R,R,LAD,DET,B,,,0,1,2023,-1.34,0.86,1.21,0.75,,,,2,9,Top,,,,,,,10.973206978709108,-144.02229826611017,-8.505261930949963,-21.156535695061365,30.876979010392414,-18.36552153024144,3.4,1.67,,,,99.6,2299,6.4,716528,669257,518692,642708,571970,500743,621035,571771,605141,54.05,,,,,,,,71,2,Sinker,8,3,3,8,3,8,3,8,Strategic,Standard,229,0.0,0.031,,,,-0.031,,5,-5,1.0,0.0,35,25,35,25,1,3,2,3,3,1,1.45,1.34,1.34,23.9
SI,2023-09-18,98.8,-1.81,5.12,"Kelly, Joe",686531,523260,,called_strike,,,,,8,Andre Lipcius called out on strikes.,R,R,R,LAD,DET,S,,,0,0,2023,-1.35,0.8,0.07,1.69,,,,2,9,Top,,,,,,,8.304022406315555,-143.6266168226756,-5.804983194296669,-20.59545099739579,31.700918471271663,-19.899529668943178,3.39,1.55,,,,99.4,2217,6.6,716528,669257,518692,642708,571970,500743,621035,571771,605141,53.94,,,,,,,,71,1,Sinker,8,3,3,8,3,8,3,8,Strategic,Standard,228,0.0,-0.045,,,,0.045,,5,-5,1.0,0.0,35,25,35,25,1,3,2,3,3,1,1.53,1.35,1.35,28.6
SL,2023-09-18,90.8,-1.92,5.33,"Kelly, Joe",595879,523260,field_out,hit_into_play,,,,,3,"Javier Baez grounds out, third baseman Max Muncy to first baseman Freddie Freeman.",R,R,R,LAD,DET,X,5,ground_ball,3,2,2023,1.03,0.27,0.53,3.09,,,,1,9,Top,98.03,150.65,,,,,3.8937159551034664,-132.15737022700247,-0.2442582347685178,11.136869939882438,29.77365888295489,-29.223253876004502,3.55,1.73,70,84.4,4,90.0,3012,5.9,716528,669257,518692,642708,571970,500743,621035,571771,605141,54.59,0.326,0.316,0.0,1,0,0,2,70,7,Slider,8,3,3,8,3,8,3,8,Strategic,Standard,42,0.002,-0.328,73.5,9.2,0.378,0.328,88.0,5,-5,0.998,0.002,35,30,35,31,1,3,2,1,3,4,2.51,-1.03,-1.03,34.7
FF,2023-09-18,100.3,-1.63,5.08,"Kelly, Joe",595879,523260,,ball,,,,,13,"Javier Baez grounds out, third baseman Max Muncy to first baseman Freddie Freeman.",R,R,R,LAD,DET,B,,,2,2,2023,-1.15,1.26,-0.14,0.82,,,,1,9,Top,,,,,,,6.856096079658022,-145.6793412093183,-9.395993488807228,-18.00274000180793,35.26280041421177,-12.183182401268592,3.55,1.75,,,,100.4,2297,6.5,716528,669257,518692,642708,571970,500743,621035,571771,605141,53.98,,,,,,,,70,6,4-Seam Fastball,8,3,3,8,3,8,3,8,Strategic,Standard,232,0.0,0.094,,,,-0.094,,5,-5,0.998,0.002,35,30,35,31,1,3,2,1,3,4,1.02,1.15,1.15,26.9
FF,2023-09-18,100.5,-1.68,5.3,"Kelly, Joe",595879,523260,,ball,,,,,2,"Javier Baez grounds out, third baseman Max Muncy to first baseman Freddie Freeman.",R,R,R,LAD,DET,B,,,1,2,2023,-0.8,1.35,-0.05,3.51,,,,1,9,Top,,,,,,,6.453626509271466,-146.25431728156067,-2.82382565283497,-13.087989034290388,35.66177778293522,-12.334731935774602,3.55,1.8,,,,100.7,2279,6.5,716528,669257,518692,642708,571970,500743,621035,571771,605141,54.03,,,,,,,,70,5,4-Seam Fastball,8,3,3,8,3,8,3,8,Strategic,Standard,221,0.0,0.045,,,,-0.045,,5,-5,0.998,0.002,35,30,35,31,1,3,2,1,3,4,0.91,0.8,0.8,34.7
FF,2023-09-18,100.0,-1.79,5.19,"Kelly, Joe",595879,523260,,foul,,,,,1,"Javier Baez grounds out, third baseman Max Muncy to first baseman Freddie Freeman.",R,R,R,LAD,DET,S,,,1,2,2023,-0.84,1.12,-0.81,3.42,,,,1,9,Top,,,,,,,4.701872203571402,-145.5513451364874,-2.1034374631537056,-13.130150773710277,36.61775210461892,-16.094185784449433,3.55,1.73,260,76.6,35,100.0,2175,6.4,716528,669257,518692,642708,571970,500743,621035,571771,605141,54.07,,,,,,,,70,4,4-Seam Fastball,8,3,3,8,3,8,3,8,Strategic,Standard,231,0.0,0.0,72.0,7.5,,0.0,88.0,5,-5,0.998,0.002,35,30,35,31,1,3,2,1,3,4,1.18,0.84,0.84,28.1
SL,2023-09-18,89.9,-1.94,5.37,"Kelly, Joe",595879,523260,,swinging_strike,,,,,14,"Javier Baez grounds out, third baseman Max Muncy to first baseman Freddie Freeman.",R,R,R,LAD,DET,S,,,1,1,2023,1.01,0.01,0.3,1.27,,,,1,9,Top,,,,,,,3.3945920686929325,-130.98134879160366,-4.221407545970416,10.975524863515446,27.289613822479176,-31.378386302344893,3.55,1.73,,,,89.8,2842,6.1,716528,669257,518692,642708,571970,500743,621035,571771,605141,54.4,,,,,,,,70,3,Slider,8,3,3,8,3,8,3,8,Strategic,Standard,32,0.0,-0.068,72.2,9.6,,0.068,,5,-5,0.998,0.002,35,30,35,31,1,3,2,1,3,4,2.8,-1.01,-1.01,31.0
SL,2023-09-18,89.9,-1.89,5.45,"Kelly, Joe",595879,523260,,ball,,,,,14,"Javier Baez grounds out, third baseman Max Muncy to first baseman Freddie Freeman.",R,R,R,LAD,DET,B,,,0,1,2023,1.06,-0.16,0.82,1.01,,,,1,9,Top,,,,,,,4.4407805537441485,-130.89263271604173,-4.653845308853467,11.221783873900758,27.657900264951277,-33.264908184150805,3.47,1.75,,,,89.4,2833,5.9,716528,669257,518692,642708,571970,500743,621035,571771,605141,54.56,,,,,,,,70,2,Slider,8,3,3,8,3,8,3,8,Strategic,Standard,32,0.0,0.03,,,,-0.03,,5,-5,0.998,0.002,35,30,35,31,1,3,2,1,3,4,2.98,-1.06,-1.06,32.4
SI,2023-09-18,98.7,-1.82,5.23,"Kelly, Joe",595879,523260,,called_strike,,,,,4,"Javier Baez grounds out, third baseman Max Muncy to first baseman Freddie Freeman.",R,R,R,LAD,DET,S,,,0,0,2023,-1.36,0.69,-0.77,2.9,,,,1,9,Top,,,,,,,6.041844454166256,-143.70774477660393,-2.5349327942864117,-20.271128160061984,32.46284543299083,-22.16336884024938,3.5,1.81,,,,99.1,2264,6.4,716528,669257,518692,642708,571970,500743,621035,571771,605141,54.09,,,,,,,,70,1,Sinker,8,3,3,8,3,8,3,8,Strategic,Standard,229,0.0,-0.041,,,,0.041,,5,-5,0.998,0.002,35,30,35,31,1,3,2,1,3,4,1.64,1.36,1.36,33.7
SL,2023-09-18,89.1,-1.63,5.74,"Kelly, Joe",678009,523260,strikeout,swinging_strike,,,,,14,Parker Meadows strikes out swinging.,R,L,R,LAD,DET,S,2,,1,2,2023,0.97,-0.25,0.67,1.2,,,,0,9,Top,,,,,,,3.606075616108176,-129.78483390982962,-4.599478163566791,10.19680364192387,27.632012061183577,-34.21118596740942,3.42,1.63,,,,88.7,2794,6.0,716528,669257,518692,642708,571970,500743,621035,571771,605141,54.46,,0.0,0.0,1,0,0,,69,4,Slider,8,3,3,8,3,8,3,8,Infield shade,Standard,32,0.003,-0.193,66.2,8.1,,0.193,,5,-5,0.995,0.005,35,23,35,24,1,3,2,1,3,1,3.12,-0.97,0.97,36.9
SL,2023-09-18,90.6,-1.93,5.75,"Kelly, Joe",678009,523260,,ball,,,,,14,Parker Meadows strikes out swinging.,R,L,R,LAD,DET,B,,,0,2,2023,0.61,-0.05,0.48,0.64,,,,0,9,Top,,,,,,,4.678046320752714,-131.76653502655773,-6.619137182638708,5.918153738740748,30.98023214644417,-31.36860102757413,3.5,1.68,,,,89.3,2921,5.7,716528,669257,518692,642708,571970,500743,621035,571771,605141,54.76,,,,,,,,69,3,Slider,8,3,3,8,3,8,3,8,Infield shade,Standard,23,0.0,0.024,,,,-0.024,,5,-5,0.995,0.005,35,23,35,24,1,3,2,1,3,1,2.85,-0.61,0.61,39.1
SI,2023-09-18,98.4,-1.74,5.41,"Kelly, Joe",678009,523260,,swinging_strike,,,,,11,Parker Meadows strikes out swinging.,R,L,R,LAD,DET,S,,,0,1,2023,-1.34,0.96,-0.42,3.65,,,,0,9,Top,,,,,,,6.666355889534554,-143.17582894938008,-1.5378900599262657,-19.95629610517924,33.31989798250944,-18.830160157488308,3.42,1.63,,,,98.1,2340,6.2,716528,669257,518692,642708,571970,500743,621035,571771,605141,54.34,,,,,,,,69,2,Sinker,8,3,3,8,3,8,3,8,Infield shade,Standard,228,0.0,-0.054,43.7,5.3,,0.054,,5,-5,0.995,0.005,35,23,35,24,1,3,2,1,3,1,1.4,1.34,-1.34,29.2
SI,2023-09-18,97.8,-1.84,5.37,"Kelly, Joe",678009,523260,,called_strike,,,,,5,Parker Meadows strikes out swinging.,R,L,R,LAD,DET,S,,,0,0,2023,-1.27,1.05,-0.27,2.92,,,,0,9,Top,,,,,,,7.126567122979648,-142.2170376678653,-3.509818196160542,-18.88522665174088,32.71246971267688,-17.370049991939485,3.54,1.7,,,,97.4,2329,6.1,716528,669257,518692,642708,571970,500743,621035,571771,605141,54.37,,,,,,,,69,1,Sinker,8,3,3,8,3,8,3,8,Infield shade,Standard,230,0.0,-0.042,,,,0.042,,5,-5,0.995,0.005,35,23,35,24,1,3,2,1,3,1,1.34,1.27,-1.27,27.4
SL,2023-09-16,90.7,-1.86,5.37,"Kelly, Joe",672284,523260,field_out,hit_into_play,,,,,8,"Jarred Kelenic grounds out, second baseman Mookie Betts to first baseman Freddie Freeman.",R,L,R,SEA,LAD,X,4,ground_ball,0,1,2023,0.76,-0.17,-0.26,2.26,,663728,,2,11,Bot,158.61,159.18,,,,,2.358580215647423,-132.2046685642515,-1.5143277618731403,8.468128030087017,27.62989446423969,-34.03672500187137,3.59,1.68,9,84.6,-14,90.1,2838,5.8,716552,669257,518692,605141,571970,571771,621035,681546,518792,54.71,0.091,0.088,0.0,1,0,0,2,89,2,Slider,2,6,2,6,6,2,2,6,Infield shade,Standard,40,-0.005,-0.248,72.6,7.4,0.094,0.248,88.0,-4,-4,0.005,0.005,35,23,35,24,1,4,3,1,2,1,2.92,-0.76,0.76,31.3
SL,2023-09-16,92.0,-1.85,5.35,"Kelly, Joe",672284,523260,,called_strike,,,,,5,"Jarred Kelenic grounds out, second baseman Mookie Betts to first baseman Freddie Freeman.",R,L,R,SEA,LAD,S,,,0,0,2023,0.64,-0.23,0.21,2.44,,663728,,2,11,Bot,,,,,,,3.812323869180381,-133.97426477184925,-1.0536492025073976,6.913759338727155,28.703057488878784,-34.93322021224828,3.62,1.75,,,,91.5,2774,5.9,716552,669257,518692,605141,571970,571771,621035,681546,518792,54.57,,,,,,,,89,1,Slider,2,6,2,6,6,2,2,6,Infield shade,Standard,41,0.0,-0.046,,,,0.046,,-4,-4,0.005,0.005,35,23,35,24,1,4,3,1,2,1,2.92,-0.64,0.64,31.3
SL,2023-09-16,93.7,-1.75,5.35,"Kelly, Joe",686527,523260,strikeout,swinging_strike,,,,,14,Dominic Canzone strikes out swinging.   Teoscar Hernandez scores.    Cal Raleigh to 2nd.  Wild pitch by pitcher Joe Kelly.,R,L,R,SEA,LAD,S,2,,1,2,2023,0.47,0.18,1.26,0.95,606192,,663728,1,11,Bot,,,,,,,6.690329276179014,-136.4081996741838,-6.07306164084923,4.612760994083825,26.790676153706965,-28.892190847507543,3.01,1.31,,,,93.5,2780,5.9,716552,669257,518692,605141,571970,571771,621035,681546,518792,54.58,,0.0,0.0,1,0,0,,88,4,Slider,1,6,1,6,6,2,2,6,Infield shade,Standard,59,-0.011,-0.248,70.8,7.8,,0.248,,-5,-5,0.016,0.016,35,25,35,26,1,0,3,1,2,1,2.39,-0.47,0.47,29.6
SL,2023-09-16,90.6,-1.78,5.39,"Kelly, Joe",686527,523260,,foul,,,,,5,Dominic Canzone strikes out swinging.   Teoscar Hernandez scores.    Cal Raleigh to 2nd.  Wild pitch by pitcher Joe Kelly.,R,L,R,SEA,LAD,S,,,1,1,2023,0.81,0.16,0.13,2.11,606192,,663728,1,11,Bot,,,,,,,3.0212089393525825,-131.9236892499232,-2.607912358416967,8.885448920154424,27.313988067398192,-30.00702347943015,3.01,1.31,6,93.8,-19,90.0,2864,5.8,716552,669257,518692,605141,571970,571771,621035,681546,518792,54.69,,,,,,,,88,3,Slider,1,6,1,6,6,1,1,6,Infield shade,Standard,35,0.0,-0.098,75.2,7.7,,0.098,93.8,-5,-5,0.016,0.016,35,25,35,26,1,0,3,1,2,1,2.61,-0.81,0.81,30.8
SL,2023-09-16,93.0,-1.89,5.35,"Kelly, Joe",686527,523260,,ball,,,,,14,Dominic Canzone strikes out swinging.   Teoscar Hernandez scores.    Cal Raleigh to 2nd.  Wild pitch by pitcher Joe Kelly.,R,L,R,SEA,LAD,B,,,0,1,2023,0.41,0.19,2.07,1.46,606192,,663728,1,11,Bot,,,,,,,9.210171678384572,-135.18952848552422,-4.591692732698621,3.021505099902981,29.280640471698742,-28.98632998185623,3.06,1.39,,,,92.4,2862,6.0,716552,669257,518692,605141,571970,571771,621035,681546,518792,54.51,,,,,,,,88,2,Slider,1,6,1,6,6,1,1,6,Infield shade,Standard,47,0.0,0.035,,,,-0.035,,-5,-5,0.016,0.016,35,25,35,26,1,0,3,1,2,1,2.45,-0.41,0.41,36.3
SI,2023-09-16,99.6,-1.77,5.08,"Kelly, Joe",686527,523260,,called_strike,,,,,6,Dominic Canzone strikes out swinging.   Teoscar Hernandez scores.    Cal Raleigh to 2nd.  Wild pitch by pitcher Joe Kelly.,R,L,R,SEA,LAD,S,,,0,0,2023,-1.54,0.64,0.64,1.8,606192,,663728,1,11,Bot,,,,,,,10.210143757804357,-144.6667338288593,-5.142145756552384,-23.88565892712297,31.29874716246107,-22.20046801480946,2.94,1.24,,,,100.0,2096,6.4,716552,669257,518692,605141,571970,571771,621035,681546,518792,54.06,,,,,,,,88,1,Sinker,1,6,1,6,6,1,1,6,Infield shade,Standard,232,0.0,-0.044,,,,0.044,,-5,-5,0.016,0.016,35,25,35,26,1,0,3,1,2,1,1.66,1.54,-1.54,25.7
SI,2023-09-16,98.0,-1.75,4.99,"Kelly, Joe",553993,523260,strikeout,swinging_strike,,,,,6,Eugenio Suarez strikes out swinging.,R,R,R,SEA,LAD,S,2,,3,2,2023,-1.61,0.53,0.32,2.59,606192,,663728,0,11,Bot,,,,,,,9.326707972048869,-142.45858500982598,-2.268807811386533,-24.05233173481603,30.181671624178108,-24.61554550981568,3.41,1.57,,,,98.4,2092,6.4,716552,669257,518692,605141,571970,571771,621035,681546,518792,54.08,,0.0,0.0,1,0,0,,87,6,Sinker,1,6,1,6,6,1,1,6,Standard,Standard,238,-0.028,-0.404,72.7,7.4,,0.404,,-5,-5,0.044,0.044,35,31,35,32,1,4,3,1,2,1,1.83,1.61,1.61,26.6
SI,2023-09-16,97.7,-1.66,5.17,"Kelly, Joe",553993,523260,,ball,,,,,14,Eugenio Suarez strikes out swinging.,R,R,R,SEA,LAD,B,,,2,2,2023,-1.57,0.61,0.98,2.3,606192,,663728,0,11,Bot,,,,,,,10.617865005937295,-141.8809335987649,-3.6214288877041394,-23.556729676228542,29.730132992450812,-23.28218388676427,3.36,1.57,,,,97.2,2036,5.9,716552,669257,518692,605141,571970,571771,621035,681546,518792,54.6,,,,,,,,87,5,Sinker,1,6,1,6,6,1,1,6,Standard,Standard,231,0.0,0.1,,,,-0.1,,-5,-5,0.044,0.044,35,31,35,32,1,4,3,1,2,1,1.77,1.57,1.57,29.7
SI,2023-09-16,98.6,-1.73,5.16,"Kelly, Joe",553993,523260,,foul,,,,,13,Eugenio Suarez strikes out swinging.,R,R,R,SEA,LAD,S,,,2,1,2023,-1.48,0.7,-1.06,2.1,606192,,663728,0,11,Bot,,,,,,,5.228008798821712,-143.43663722852872,-4.485303449639414,-21.653707544559182,32.877061927828514,-21.690282259464055,3.41,1.57,3,79.6,-36,98.3,2102,6.1,716552,669257,518692,605141,571970,571771,621035,681546,518792,54.37,,,,,,,,87,4,Sinker,1,6,1,6,6,1,1,6,Standard,Standard,231,0.0,-0.059,68.3,6.8,,0.059,88.0,-5,-5,0.044,0.044,35,31,35,32,1,4,3,1,2,1,1.65,1.48,1.48,29.1
SI,2023-09-16,98.4,-1.62,5.22,"Kelly, Joe",553993,523260,,swinging_strike,,,,,4,Eugenio Suarez strikes out swinging.,R,R,R,SEA,LAD,S,,,2,0,2023,-1.52,0.74,-0.61,2.22,606192,,663728,0,11,Bot,,,,,,,6.247690683773879,-143.2476272439514,-4.415569321039895,-22.41196241944949,32.15081933286314,-21.19265334508877,3.41,1.57,,,,98.4,2049,6.2,716552,669257,518692,605141,571970,571771,621035,681546,518792,54.31,,,,,,,,87,3,Sinker,1,6,1,6,6,1,1,6,Standard,Standard,229,0.0,-0.015,74.2,7.3,,0.015,,-5,-5,0.044,0.044,35,31,35,32,1,4,3,1,2,1,1.61,1.52,1.52,27.9
SI,2023-09-16,98.7,-1.59,5.49,"Kelly, Joe",553993,523260,,ball,,,,,11,Eugenio Suarez strikes out swinging.,R,R,R,SEA,LAD,B,,,1,0,2023,-1.45,0.87,-0.41,3.76,606192,,663728,0,11,Bot,,,,,,,6.541649773202786,-143.62020512938747,-1.285462800315392,-21.64551346217075,32.651794935849665,-20.060988301238467,3.45,1.58,,,,98.2,2113,6.0,716552,669257,518692,605141,571970,571771,621035,681546,518792,54.53,,,,,,,,87,2,Sinker,1,6,1,6,6,1,1,6,Standard,Standard,224,0.0,0.016,,,,-0.016,,-5,-5,0.044,0.044,35,31,35,32,1,4,3,1,2,1,1.47,1.45,1.45,31.4
SL,2023-09-16,91.5,-1.77,5.49,"Kelly, Joe",553993,523260,,ball,,,,,12,Eugenio Suarez strikes out swinging.,R,R,R,SEA,LAD,B,,,0,0,2023,1.02,-0.01,0.56,3.76,606192,,663728,0,11,Bot,,,,,,,3.638158554601269,-133.3191772311394,1.4794913617879235,11.435883849961288,28.26838246386262,-32.766800167778264,3.45,1.61,,,,90.9,2769,5.8,716552,669257,518692,605141,571970,571771,621035,681546,518792,54.7,,,,,,,,87,1,Slider,1,6,1,6,6,1,1,6,Standard,Standard,43,0.0,0.009,,,,-0.009,,-5,-5,0.044,0.044,35,31,35,32,1,4,3,1,2,1,2.72,-1.02,-1.02,36.6
SL,2023-09-16,91.1,-1.78,5.52,"Kelly, Joe",663728,523260,field_error,hit_into_play,,,,,5,Cal Raleigh reaches on a fielding error by pitcher Joe Kelly.   Teoscar Hernandez to 3rd.,R,L,R,SEA,LAD,X,1,ground_ball,0,2,2023,0.62,-0.21,0.08,2.24,,606192,,0,11,Bot,137.54,191.39,,,,,3.315507067979573,-132.72156920673257,-1.9221721592146856,6.644568304213227,28.041082472423405,-34.48757445971972,3.49,1.66,1,54.7,-61,90.6,2816,5.9,716552,669257,518692,605141,571970,571771,621035,681546,518792,54.63,0.254,0.227,0.9,1,0,0,1,86,3,Slider,1,6,1,6,6,1,1,6,Infield shade,Standard,36,0.026,0.582,72.9,6.7,0.256,-0.582,88.0,-5,-5,0.018,0.018,35,26,35,27,1,4,3,1,2,1,2.95,-0.62,0.62,35.6
SL,2023-09-16,91.6,-1.78,5.55,"Kelly, Joe",663728,523260,,foul,,,,,9,Cal Raleigh reaches on a fielding error by pitcher Joe Kelly.   Teoscar Hernandez to 3rd.,R,L,R,SEA,LAD,S,,,0,1,2023,0.31,-0.14,0.74,2.07,,606192,,0,11,Bot,,,,,,,5.647330293751243,-133.30714172046143,-2.5937391381365593,2.4728530011384753,29.348842175724485,-33.49589334603051,3.49,1.66,6,58.1,-11,90.8,2737,5.8,716552,669257,518692,605141,571970,571771,621035,681546,518792,54.66,,,,,,,,86,2,Slider,1,6,1,6,6,1,1,6,Infield shade,Standard,17,0.0,-0.062,79.7,8.1,,0.062,88.0,-5,-5,0.018,0.018,35,26,35,27,1,4,3,1,2,1,2.86,-0.31,0.31,35.7
SI,2023-09-16,99.1,-1.82,5.34,"Kelly, Joe",663728,523260,,called_strike,,,,,4,Cal Raleigh reaches on a fielding error by pitcher Joe Kelly.   Teoscar Hernandez to 3rd.,R,L,R,SEA,LAD,S,,,0,0,2023,-1.48,0.74,-0.71,2.67,,606192,,0,11,Bot,,,,,,,6.473481914138178,-144.13486176565806,-3.5941850182255832,-22.131153451461177,33.78486494034203,-21.159775818579885,3.57,1.69,,,,98.7,2187,6.1,716552,669257,518692,605141,571970,571771,621035,681546,518792,54.39,,,,,,,,86,1,Sinker,1,6,1,6,6,1,1,6,Infield shade,Standard,234,0.0,-0.046,,,,0.046,,-5,-5,0.018,0.018,35,26,35,27,1,4,3,1,2,1,1.58,1.48,-1.48,29.3
SL,2023-09-13,89.7,-1.84,5.34,"Kelly, Joe",665487,523260,single,hit_into_play,,,,,6,Fernando Tatis Jr.  singles on a fly ball to right fielder Mookie Betts.   Garrett Cooper scores.    Trent Grisham scores.    Eguy Rosario to 3rd.,R,R,R,LAD,SD,X,9,fly_ball,0,0,2023,0.59,0.33,0.79,2.59,643265,663757,666703,2,7,Top,154.98,110.43,,,,,5.238007453333367,-130.4917331834852,-1.4329756628679378,5.496387388833017,30.34670676346322,-28.363948806937277,3.68,1.79,233,73.3,28,89.0,3015,6.1,716589,605131,518692,642708,571771,500743,621035,681546,605141,54.36,0.763,0.743,0.9,1,1,0,4,49,1,Slider,0,4,4,0,6,0,6,0,Standard,Standard,46,-0.035,0.521,72.3,7.9,0.882,-0.521,88.0,-4,4,0.049,0.951,35,24,35,24,1,3,35,1,3,2,2.53,-0.59,-0.59,32.6
SL,2023-09-13,89.7,-1.68,5.48,"Kelly, Joe",673490,523260,strikeout,called_strike,,,,,5,Ha-Seong Kim called out on strikes.,R,R,R,LAD,SD,S,2,,0,2,2023,0.9,-0.27,0.27,2.21,643265,663757,666703,1,7,Top,,,,,,,2.9067284074606845,-130.51923493333996,-1.4225798964812255,9.472524905044455,31.50670215194019,-35.10623050610105,3.23,1.59,,,,88.6,2864,6.0,716589,605131,518692,642708,571771,500743,621035,681546,605141,54.54,,0.0,0.0,1,0,0,,48,3,Slider,0,4,4,0,4,0,4,0,Standard,Standard,41,0.015,-0.163,,,,0.163,,-4,4,0.034,0.966,35,27,35,28,1,3,35,2,3,2,3.14,-0.9,-0.9,33.7
SI,2023-09-13,97.2,-1.61,5.13,"Kelly, Joe",673490,523260,,called_strike,,,,,1,Ha-Seong Kim called out on strikes.,R,R,R,LAD,SD,S,,,0,1,2023,-1.26,0.88,-0.47,3.14,643265,663757,666703,1,7,Top,,,,,,,5.9601408668166185,-141.42838291221608,-1.799954668577619,-18.219223149563664,32.87489485833613,-20.22471929696994,3.35,1.52,,,,97.4,2222,6.5,716589,605131,518692,642708,571771,500743,621035,681546,605141,54.04,,,,,,,,48,2,Sinker,0,4,4,0,4,0,4,0,Standard,Standard,228,0.0,-0.081,,,,0.081,,-4,4,0.034,0.966,35,27,35,28,1,3,35,2,3,2,1.54,1.26,1.26,30.0
SI,2023-09-13,97.8,-1.53,5.15,"Kelly, Joe",673490,523260,,foul,,,,,7,Ha-Seong Kim called out on strikes.,R,R,R,LAD,SD,S,,,0,0,2023,-1.35,0.92,-0.52,1.75,643265,663757,666703,1,7,Top,,,,,,,5.885790872177827,-142.3157915363821,-5.846264495031499,-19.724170725032213,32.50248622230732,-18.517703168513027,3.3,1.52,2,74.1,-39,98.4,2273,6.6,716589,605131,518692,642708,571771,500743,621035,681546,605141,53.91,,,,,,,,48,1,Sinker,0,4,4,0,4,0,4,0,Standard,Standard,228,0.0,-0.05,67.7,7.1,,0.05,88.0,-4,4,0.034,0.966,35,27,35,28,1,3,35,2,3,2,1.46,1.35,1.35,30.2
SI,2023-09-13,97.3,-1.64,5.17,"Kelly, Joe",666703,523260,single,hit_into_play,,,,,11,Eguy Rosario singles on a ground ball to third baseman Enrique Hernandez.   Garrett Cooper to 3rd.    Trent Grisham to 2nd.,R,R,R,LAD,SD,X,5,ground_ball,3,1,2023,-1.42,0.67,-1.06,3.24,,643265,663757,1,7,Top,96.62,165.35,,,,,4.848285168213206,-141.60391376157116,-1.1856481218680266,-20.281766888544713,31.95197560311368,-23.094043405169767,3.18,1.47,23,72.5,-6,97.7,2205,6.5,716589,605131,518692,642708,571771,500743,621035,681546,605141,54.03,0.063,0.064,0.9,1,1,0,2,47,5,Sinker,0,4,4,0,4,0,4,0,Standard,Standard,231,-0.012,0.351,69.4,6.7,0.063,-0.351,88.0,-4,4,0.046,0.954,35,23,35,24,1,2,35,1,3,4,1.73,1.42,1.42,29.0
SI,2023-09-13,96.3,-1.56,5.24,"Kelly, Joe",666703,523260,,called_strike,,,,,2,Eguy Rosario singles on a ground ball to third baseman Enrique Hernandez.   Garrett Cooper to 3rd.    Trent Grisham to 2nd.,R,R,R,LAD,SD,S,,,3,0,2023,-1.23,0.78,0.04,3.24,,643265,663757,1,7,Top,,,,,,,7.032297789055805,-140.1327008196128,-1.529778196555148,-17.718224709313613,30.483502546855952,-21.69139617329943,3.18,1.61,,,,96.6,2153,6.4,716589,605131,518692,642708,571771,500743,621035,681546,605141,54.15,,,,,,,,47,4,Sinker,0,4,4,0,4,0,4,0,Standard,Standard,226,0.0,-0.067,,,,0.067,,-4,4,0.046,0.954,35,23,35,24,1,2,35,1,3,4,1.67,1.23,1.23,29.7
SL,2023-09-13,89.3,-1.63,5.52,"Kelly, Joe",666703,523260,,ball,,,,,14,Eguy Rosario singles on a ground ball to third baseman Enrique Hernandez.   Garrett Cooper to 3rd.    Trent Grisham to 2nd.,R,R,R,LAD,SD,B,,,2,0,2023,1.17,-0.19,1.66,2.04,,643265,663757,1,7,Top,,,,,,,5.6163959153122,-129.92834877863294,-2.13963257924397,11.975450231808002,28.076439447501084,-34.084605469639854,3.03,1.39,,,,88.7,2877,6.0,716589,605131,518692,642708,571771,500743,621035,681546,605141,54.53,,,,,,,,47,3,Slider,0,4,4,0,4,0,4,0,Standard,Standard,43,0.0,0.092,,,,-0.092,,-4,4,0.046,0.954,35,23,35,24,1,2,35,1,3,4,3.06,-1.17,-1.17,35.1
SL,2023-09-13,90.3,-1.6,5.51,"Kelly, Joe",666703,523260,,blocked_ball,,,,,14,Eguy Rosario singles on a ground ball to third baseman Enrique Hernandez.   Garrett Cooper to 3rd.    Trent Grisham to 2nd.,R,R,R,LAD,SD,B,,,1,0,2023,0.42,-0.01,0.72,-0.12,,643265,663757,1,7,Top,,,,,,,4.847407706591368,-131.25114808745124,-7.979004732305466,3.833935480350531,28.33516659625127,-30.766629729037515,3.06,1.49,,,,89.7,2841,6.0,716589,605131,518692,642708,571771,500743,621035,681546,605141,54.45,,,,,,,,47,2,Slider,0,4,4,0,4,0,4,0,Standard,Standard,34,0.0,0.067,,,,-0.067,,-4,4,0.046,0.954,35,23,35,24,1,2,35,1,3,4,2.82,-0.42,-0.42,34.2
SI,2023-09-13,97.4,-1.48,5.38,"Kelly, Joe",666703,523260,,ball,,,,,12,Eguy Rosario singles on a ground ball to third baseman Enrique Hernandez.   Garrett Cooper to 3rd.    Trent Grisham to 2nd.,R,R,R,LAD,SD,B,,,0,0,2023,-1.24,1.04,0.46,4.14,,643265,663757,1,7,Top,,,,,,,8.048863212073991,-141.64996531861874,-0.1993918272546009,-18.55982112777585,30.411758132497617,-18.30991851814584,3.06,1.51,,,,97.4,2276,6.2,716589,605131,518692,642708,571771,500743,621035,681546,605141,54.32,,,,,,,,47,1,Sinker,0,4,4,0,4,0,4,0,Standard,Standard,224,0.0,0.042,,,,-0.042,,-4,4,0.046,0.954,35,23,35,24,1,2,35,1,3,4,1.36,1.24,1.24,31.0
SL,2023-09-13,90.4,-1.62,5.52,"Kelly, Joe",676946,523260,strikeout,foul_tip,,,,,14,Matthew Batten strikes out on a foul tip.,R,R,R,LAD,SD,S,2,,1,2,2023,0.76,-0.17,0.67,1.24,,643265,663757,0,7,Top,,,,,,,4.065662424197002,-131.64975185217892,-4.375556129658413,7.991120117334193,27.559903995095603,-33.448158506462846,3.2,1.52,,,,90.0,2835,6.0,716589,605131,518692,642708,571771,500743,621035,681546,605141,54.55,,0.0,0.0,1,0,0,,46,4,Slider,0,4,4,0,4,0,4,0,Standard,Standard,34,0.01,-0.168,63.2,7.8,,0.168,,-4,4,0.036,0.964,35,28,35,28,1,2,35,1,3,2,2.95,-0.76,-0.76,34.7
SI,2023-09-13,97.5,-1.66,5.21,"Kelly, Joe",676946,523260,,called_strike,,,,,3,Matthew Batten strikes out on a foul tip.,R,R,R,LAD,SD,S,,,1,1,2023,-1.31,0.87,0.43,3.26,,643265,663757,0,7,Top,,,,,,,8.610481521293664,-141.84702599358795,-1.780920079550594,-19.620100436962787,29.51096432691496,-20.21177138241841,3.3,1.6,,,,97.8,2237,6.3,716589,605131,518692,642708,571771,500743,621035,681546,605141,54.24,,,,,,,,46,3,Sinker,0,4,4,0,4,0,4,0,Strategic,Standard,230,0.0,-0.076,,,,0.076,,-4,4,0.036,0.964,35,28,35,28,1,2,35,1,3,2,1.51,1.31,1.31,25.4
SI,2023-09-13,96.8,-1.6,5.24,"Kelly, Joe",676946,523260,,ball,,,,,11,Matthew Batten strikes out on a foul tip.,R,R,R,LAD,SD,B,,,0,1,2023,-1.26,0.95,-0.57,4.39,,643265,663757,0,7,Top,,,,,,,5.6653889594042335,-140.948395831672,1.0898703022420442,-18.121238515404873,31.287677326366342,-19.87949011749102,3.37,1.49,,,,97.2,2226,6.4,716589,605131,518692,642708,571771,500743,621035,681546,605141,54.06,,,,,,,,46,2,Sinker,0,4,4,0,4,0,4,0,Standard,Standard,225,0.0,0.034,,,,-0.034,,-4,4,0.036,0.964,35,28,35,28,1,2,35,1,3,2,1.47,1.26,1.26,29.8
SI,2023-09-13,98.0,-1.62,5.21,"Kelly, Joe",676946,523260,,called_strike,,,,,5,Matthew Batten strikes out on a foul tip.,R,R,R,LAD,SD,S,,,0,0,2023,-1.33,0.95,0.03,2.4,,643265,663757,0,7,Top,,,,,,,7.5334193942812835,-142.47708073090274,-4.334194135406676,-19.809187613050177,31.58567420939116,-18.395147383345996,3.37,1.5,,,,98.3,2262,6.4,716589,605131,518692,642708,571771,500743,621035,681546,605141,54.06,,,,,,,,46,1,Sinker,0,4,4,0,4,0,4,0,Standard,Standard,224,0.0,-0.048,,,,0.048,,-4,4,0.036,0.964,35,28,35,28,1,2,35,1,3,2,1.42,1.33,1.33,27.8
SI,2023-09-13,98.3,-1.74,5.19,"Kelly, Joe",663757,523260,walk,ball,,,,,1,Trent Grisham walks.   Garrett Cooper to 2nd.,R,L,R,LAD,SD,B,,,3,2,2023,-1.35,0.9,-0.44,3.36,,,643265,0,7,Top,,,,,,,6.657060392779956,-143.03241371262249,-1.5885155779105649,-20.04907764516024,31.845675242156823,-19.64830386172108,3.71,1.74,,,,98.5,2279,6.3,716589,605131,518692,642708,571771,500743,621035,681546,605141,54.16,,0.695903,0.7,1,0,0,,45,7,Sinker,0,4,4,0,4,0,4,0,Infield shade,Standard,228,-0.01,0.311,,,,-0.311,,-4,4,0.046,0.954,35,26,35,27,1,2,35,1,3,3,1.45,1.35,-1.35,27.0
SI,2023-09-13,99.2,-1.61,5.18,"Kelly, Joe",663757,523260,,foul,,,,,5,Trent Grisham walks.   Garrett Cooper to 2nd.,R,L,R,LAD,SD,S,,,3,2,2023,-1.53,0.76,0.14,2.49,,,643265,0,7,Top,,,,,,,8.35014583345941,-144.26362444338872,-3.7238083809328377,-23.26794939410297,32.81239396349845,-20.85102483523469,3.59,1.79,184,70.2,57,99.3,2258,6.3,716589,605131,518692,642708,571771,500743,621035,681546,605141,54.16,,,,,,,,45,6,Sinker,0,4,4,0,4,0,4,0,Infield shade,Standard,235,0.0,0.0,66.9,6.9,,0.0,88.0,-4,4,0.046,0.954,35,26,35,27,1,2,35,1,3,3,1.55,1.53,-1.53,25.2
SI,2023-09-13,99.1,-1.63,5.22,"Kelly, Joe",663757,523260,,called_strike,,,,,9,Trent Grisham walks.   Garrett Cooper to 2nd.,R,L,R,LAD,SD,S,,,3,1,2023,-1.41,0.77,0.79,2.24,,,643265,0,7,Top,,,,,,,9.880895578171206,-144.00628847547372,-4.557232098264028,-21.837427829414633,30.486531697409134,-20.510089007994164,3.69,1.71,,,,99.3,2241,6.3,716589,605131,518692,642708,571771,500743,621035,681546,605141,54.24,,,,,,,,45,5,Sinker,0,4,4,0,4,0,4,0,Standard,Standard,232,0.0,-0.068,,,,0.068,,-4,4,0.046,0.954,35,26,35,27,1,2,35,1,3,3,1.54,1.41,-1.41,29.5
FF,2023-09-13,99.3,-1.64,5.32,"Kelly, Joe",663757,523260,,ball,,,,,12,Trent Grisham walks.   Garrett Cooper to 2nd.,R,L,R,LAD,SD,B,,,2,1,2023,-0.83,1.19,1.34,3.04,,,643265,0,7,Top,,,,,,,10.068958214771556,-144.2794274113114,-3.606074882665716,-13.90092413847061,33.055049127426194,-14.863955970910304,3.59,1.76,,,,99.0,2288,6.2,716589,605131,518692,642708,571771,500743,621035,681546,605141,54.31,,,,,,,,45,4,4-Seam Fastball,0,4,4,0,4,0,4,0,Standard,Standard,226,0.0,0.101,,,,-0.101,,-4,4,0.046,0.954,35,26,35,27,1,2,35,1,3,3,1.12,0.83,-0.83,30.0
KC,2023-09-13,90.1,-1.63,5.54,"Kelly, Joe",663757,523260,,ball,,,,,14,Trent Grisham walks.   Garrett Cooper to 2nd.,R,L,R,LAD,SD,B,,,1,1,2023,0.14,-0.71,1.32,1.09,,,643265,0,7,Top,,,,,,,6.974618868628167,-131.20164535135234,-3.626902061556388,0.3069691841518365,25.30712489173396,-39.957000650199696,3.57,1.76,,,,89.7,2998,5.8,716589,605131,518692,642708,571771,500743,621035,681546,605141,54.69,,,,,,,,45,3,Knuckle Curve,0,4,4,0,4,0,4,0,Standard,Standard,40,0.0,0.042,,,,-0.042,,-4,4,0.046,0.954,35,26,35,27,1,2,35,1,3,3,3.5,-0.14,0.14,38.4
FF,2023-09-13,99.1,-1.59,5.32,"Kelly, Joe",663757,523260,,called_strike,,,,,6,Trent Grisham walks.   Garrett Cooper to 2nd.,R,L,R,LAD,SD,S,,,1,0,2023,-0.98,1.12,0.67,2.38,,,643265,0,7,Top,,,,,,,8.451783739047631,-144.08361068582363,-5.235963975593976,-15.529310156440912,32.03109480481614,-15.50939658975131,3.67,1.79,,,,99.2,2284,6.3,716589,605131,518692,642708,571771,500743,621035,681546,605141,54.2,,,,,,,,45,2,4-Seam Fastball,0,4,4,0,4,0,4,0,Standard,Standard,230,0.0,-0.042,,,,0.042,,-4,4,0.046,0.954,35,26,35,27,1,2,35,1,3,3,1.2,0.98,-0.98,31.9
FF,2023-09-13,99.1,-1.67,5.36,"Kelly, Joe",663757,523260,,ball,,,,,13,Trent Grisham walks.   Garrett Cooper to 2nd.,R,L,R,LAD,SD,B,,,0,0,2023,-0.89,1.26,-1.07,1.77,,,643265,0,7,Top,,,,,,,3.69604478456128,-144.17287005744316,-7.3258810857468335,-13.31300599631459,31.239729252278703,-13.12929092979795,3.67,1.79,,,,99.1,2250,6.1,716589,605131,518692,642708,571771,500743,621035,681546,605141,54.36,,,,,,,,45,1,4-Seam Fastball,0,4,4,0,4,0,4,0,Standard,Standard,226,0.0,0.03,,,,-0.03,,-4,4,0.046,0.954,35,26,35,27,1,2,35,1,3,3,1.05,0.89,-0.89,31.9
FF,2023-09-13,98.2,-1.63,5.3,"Kelly, Joe",643265,523260,walk,ball,,,,,12,Garrett Cooper walks.,R,R,R,LAD,SD,B,,,3,2,2023,-0.82,1.2,0.89,3.13,,,,0,7,Top,,,,,,,8.751120283790513,-142.86618731157117,-3.2136638272782783,-13.15798355385066,31.160878790437582,-15.110122831703237,3.41,1.72,,,,98.8,2196,6.5,716589,605131,518692,642708,571771,500743,621035,681546,605141,53.99,,0.695903,0.7,1,0,0,,44,7,4-Seam Fastball,0,4,4,0,4,0,4,0,Strategic,Standard,231,-0.007,0.347,,,,-0.347,,-4,4,0.053,0.947,35,32,35,33,1,2,35,1,3,2,1.15,0.82,0.82,34.0
SL,2023-09-13,90.5,-1.69,5.67,"Kelly, Joe",643265,523260,,ball,,,,,14,Garrett Cooper walks.,R,R,R,LAD,SD,B,,,2,2,2023,0.66,-0.45,1.1,0.8,,,,0,7,Top,,,,,,,5.480500337022424,-131.68787994902797,-5.209811596745004,6.582444750353027,27.65636424460343,-36.55300383877544,3.43,1.67,,,,89.7,2787,5.8,716589,605131,518692,642708,571771,500743,621035,681546,605141,54.71,,,,,,,,44,6,Slider,0,4,4,0,4,0,4,0,Strategic,Standard,5,0.0,0.115,,,,-0.115,,-4,4,0.053,0.947,35,32,35,33,1,2,35,1,3,2,3.23,-0.66,-0.66,40.2
FF,2023-09-13,99.3,-1.61,5.4,"Kelly, Joe",643265,523260,,foul,,,,,3,Garrett Cooper walks.,R,R,R,LAD,SD,S,,,2,2,2023,-0.85,1.27,0.38,3.27,,,,0,7,Top,,,,,,,7.43188115672309,-144.5439373060652,-3.417699461148481,-13.560915715781352,32.04955652172707,-13.751406018151249,3.53,1.75,256,85.2,24,99.5,2220,6.2,716589,605131,518692,642708,571771,500743,621035,681546,605141,54.25,,,,,,,,44,5,4-Seam Fastball,0,4,4,0,4,0,4,0,Strategic,Standard,229,0.0,0.0,68.0,6.1,,0.0,88.0,-4,4,0.053,0.947,35,32,35,33,1,2,35,1,3,2,1.03,0.85,0.85,29.9
SL,2023-09-13,91.2,-1.76,5.57,"Kelly, Joe",643265,523260,,swinging_strike,,,,,14,Garrett Cooper walks.,R,R,R,LAD,SD,S,,,2,1,2023,0.28,-0.15,0.45,0.46,,,,0,7,Top,,,,,,,4.9164573871177755,-132.71886484452668,-6.567300268900675,2.2729590286869463,28.598923873953986,-32.743355773697104,3.53,1.75,,,,90.3,2833,5.8,716589,605131,518692,642708,571771,500743,621035,681546,605141,54.74,,,,,,,,44,4,Slider,0,4,4,0,4,0,4,0,Strategic,Standard,22,0.0,-0.074,70.8,9.0,,0.074,,-4,4,0.053,0.947,35,32,35,33,1,2,35,1,3,2,2.89,-0.28,-0.28,35.3
SI,2023-09-13,98.7,-1.74,5.39,"Kelly, Joe",643265,523260,,foul,,,,,1,Garrett Cooper walks.,R,R,R,LAD,SD,S,,,2,0,2023,-1.27,0.82,-0.81,3.34,,,,0,7,Top,,,,,,,5.49370232968896,-143.74383195030714,-2.079178200737997,-18.90235969779971,31.13082767380699,-20.494478497866492,3.53,1.75,7,57.1,-23,99.1,2251,6.3,716589,605131,518692,642708,571771,500743,621035,681546,605141,54.16,,,,,,,,44,3,Sinker,0,4,4,0,4,0,4,0,Strategic,Standard,224,0.0,-0.065,35.7,5.4,,0.065,88.0,-4,4,0.053,0.947,35,32,35,33,1,2,35,1,3,2,1.5,1.27,1.27,31.2
SL,2023-09-13,91.2,-1.62,5.7,"Kelly, Joe",643265,523260,,ball,,,,,14,Garrett Cooper walks.,R,R,R,LAD,SD,B,,,1,0,2023,0.36,0.17,1.43,0.96,,,,0,7,Top,,,,,,,6.8221887215496135,-132.60814722723546,-6.330190411562181,2.7923527063582685,27.725232883003827,-29.0568939803824,3.4,1.65,,,,90.3,2787,5.7,716589,605131,518692,642708,571771,500743,621035,681546,605141,54.79,,,,,,,,44,2,Slider,0,4,4,0,4,0,4,0,Strategic,Standard,31,0.0,0.071,,,,-0.071,,-4,4,0.053,0.947,35,32,35,33,1,2,35,1,3,2,2.57,-0.36,-0.36,38.3
KC,2023-09-13,88.6,-1.79,5.63,"Kelly, Joe",643265,523260,,ball,,,,,14,Garrett Cooper walks.,R,R,R,LAD,SD,B,,,0,0,2023,0.13,-0.78,1.0,0.7,,,,0,7,Top,,,,,,,6.4706147491451365,-128.93819355814958,-4.368466951362877,0.2377355697669586,24.23504327985706,-40.28100303850067,3.28,1.7,,,,88.0,2915,5.7,716589,605131,518692,642708,571771,500743,621035,681546,605141,54.8,,,,,,,,44,1,Knuckle Curve,0,4,4,0,4,0,4,0,Strategic,Standard,37,0.0,0.04,,,,-0.04,,-4,4,0.053,0.947,35,32,35,33,1,2,35,1,3,2,3.66,-0.13,-0.13,39.8
SI,2023-08-09,98.9,-1.62,5.15,"Kelly, Joe",502054,523260,force_out,hit_into_play,,,,,4,"Tommy Pham grounds into a force out, second baseman Mookie Betts to shortstop Miguel Rojas.   Ketel Marte out at 2nd.",R,R,R,AZ,LAD,X,4,ground_ball,0,0,2023,-1.29,0.61,-0.43,2.3,,,606466,2,8,Bot,142.05,147.08,,,,,6.279165328174383,-143.97158313836945,-3.787157241773083,-19.380388745535555,31.97263019153671,-23.068641832926044,3.47,1.66,4,104.7,-27,99.5,2133,6.5,717057,669257,518692,605141,571970,500743,444482,621035,518792,54.02,0.143,0.136,0.0,1,0,0,2,65,1,Sinker,0,2,0,2,2,0,0,2,Standard,Standard,231,-0.042,-0.286,67.3,5.5,0.162,0.286,104.7,-2,-2,0.113,0.113,35,35,35,35,1,3,2,1,35,2,1.71,1.29,1.29,27.7
SL,2023-08-09,91.5,-1.65,5.55,"Kelly, Joe",572233,523260,strikeout,swinging_strike,,,,,6,Christian Walker strikes out swinging.,R,R,R,AZ,LAD,S,2,,1,2,2023,0.78,-0.16,0.63,2.36,,,606466,1,8,Bot,,,,,,,4.0412945957163275,-133.31432828652817,-1.8331268643485432,8.478252214541154,28.893436884202195,-33.8450603734081,3.41,1.57,,,,90.9,2930,5.9,717057,669257,518692,605141,571970,500743,444482,621035,518792,54.64,,0.0,0.0,1,0,0,,64,4,Slider,0,2,0,2,2,0,0,2,Standard,Standard,40,-0.054,-0.183,73.5,8.3,,0.183,,-2,-2,0.167,0.167,35,32,35,32,1,3,2,1,35,2,2.87,-0.78,-0.78,37.0
SI,2023-08-09,98.5,-1.61,5.27,"Kelly, Joe",572233,523260,,swinging_strike,,,,,2,Christian Walker strikes out swinging.,R,R,R,AZ,LAD,S,,,1,1,2023,-1.27,0.79,-0.25,3.22,,,606466,1,8,Bot,,,,,,,6.687387627236731,-143.3835388689193,-1.9927849373893811,-19.12117632011327,31.11067220034736,-20.98923204306737,3.41,1.57,,,,99.1,2133,6.5,717057,669257,518692,605141,571970,500743,444482,621035,518792,54.04,,,,,,,,64,3,Sinker,0,2,0,2,2,0,0,2,Standard,Standard,222,0.0,-0.055,71.2,6.1,,0.055,,-2,-2,0.167,0.167,35,32,35,32,1,3,2,1,35,2,1.55,1.27,1.27,33.4
SL,2023-08-09,91.5,-1.9,5.51,"Kelly, Joe",572233,523260,,called_strike,,,,,2,Christian Walker strikes out swinging.,R,R,R,AZ,LAD,S,,,1,0,2023,0.74,-0.21,0.05,2.99,,,606466,1,8,Bot,,,,,,,3.2946010497065177,-133.1968305692663,-0.0348952115208065,8.02701515214679,29.50737475216879,-34.830352175739336,3.5,1.63,,,,90.7,2872,5.9,717057,669257,518692,605141,571970,500743,444482,621035,518792,54.64,,,,,,,,64,2,Slider,0,2,0,2,2,0,0,2,Standard,Standard,48,0.0,-0.053,,,,0.053,,-2,-2,0.167,0.167,35,32,35,32,1,3,2,1,35,2,2.93,-0.74,-0.74,35.2
SL,2023-08-09,91.3,-1.7,5.49,"Kelly, Joe",572233,523260,,ball,,,,,8,Christian Walker strikes out swinging.,R,R,R,AZ,LAD,B,,,0,0,2023,0.59,-0.31,0.14,1.55,,,606466,1,8,Bot,,,,,,,3.369043109711009,-132.9509726985885,-3.3440550108466995,6.206650050813089,29.990166154570648,-35.34649708221662,3.49,1.65,,,,90.9,2785,6.1,717057,669257,518692,605141,571970,500743,444482,621035,518792,54.39,,,,,,,,64,1,Slider,0,2,0,2,2,0,0,2,Standard,Standard,45,0.0,0.036,,,,-0.036,,-2,-2,0.167,0.167,35,32,35,32,1,3,2,1,35,2,3.06,-0.59,-0.59,33.8
FF,2023-08-09,99.8,-1.57,5.44,"Kelly, Joe",666971,523260,strikeout,foul_tip,,,,,5,Lourdes Gurriel Jr.  strikes out on a foul tip.,R,R,R,AZ,LAD,S,2,,0,2,2023,-0.82,1.25,0.05,2.96,,,606466,0,8,Bot,,,,,,,6.401374075557815,-145.1257824546437,-4.365499689588931,-13.13140910999893,34.48747487239125,-13.633650654526884,3.58,1.68,,,,99.9,2188,6.4,717057,669257,518692,605141,571970,500743,444482,621035,518792,54.09,,0.0,0.0,1,0,0,,63,3,4-Seam Fastball,0,2,0,2,2,0,0,2,Standard,Standard,225,-0.067,-0.156,64.8,6.6,,0.156,,-2,-2,0.234,0.234,35,29,35,30,1,3,2,1,35,2,1.04,0.82,0.82,35.9
SI,2023-08-09,99.9,-1.78,5.22,"Kelly, Joe",666971,523260,,foul,,,,,4,Lourdes Gurriel Jr.  strikes out on a foul tip.,R,R,R,AZ,LAD,S,,,0,1,2023,-1.28,0.92,-0.34,2.28,,,606466,0,8,Bot,,,,,,,6.989266910425151,-145.35269887793612,-4.9163331701359265,-19.73616511727694,33.83403049631448,-18.17006272251427,3.58,1.68,106,83.1,7,100.2,2206,6.4,717057,669257,518692,605141,571970,500743,444482,621035,518792,54.06,,,,,,,,63,2,Sinker,0,2,0,2,2,0,0,2,Standard,Standard,228,0.0,-0.043,32.2,5.6,,0.043,88.0,-2,-2,0.234,0.234,35,29,35,30,1,3,2,1,35,2,1.36,1.28,1.28,30.0
SL,2023-08-09,92.5,-1.81,5.51,"Kelly, Joe",666971,523260,,swinging_strike,,,,,8,Lourdes Gurriel Jr.  strikes out on a foul tip.,R,R,R,AZ,LAD,S,,,0,0,2023,0.36,0.01,0.21,1.92,,,606466,0,8,Bot,,,,,,,4.3208526006402534,-134.56053763856886,-3.298838674363692,3.3492398501822778,31.452303878784996,-31.56453794313043,3.58,1.68,,,,91.6,2795,5.9,717057,669257,518692,605141,571970,500743,444482,621035,518792,54.57,,,,,,,,63,1,Slider,0,2,0,2,2,0,0,2,Standard,Standard,49,0.0,-0.036,69.0,8.6,,0.036,,-2,-2,0.234,0.234,35,29,35,30,1,3,2,1,35,2,2.68,-0.36,-0.36,37.3
SL,2023-08-09,93.4,-1.85,5.46,"Kelly, Joe",606466,523260,walk,blocked_ball,,,,,14,Ketel Marte walks.,R,L,R,AZ,LAD,B,,,3,2,2023,0.25,0.13,0.1,0.26,,,,0,8,Bot,,,,,,,4.434634143324133,-135.60223308143853,-7.719631658490112,1.862613236881531,35.6084374454007,-28.839895020652325,3.47,1.66,,,,91.9,2838,6.0,717057,669257,518692,605141,571970,500743,444482,621035,518792,54.51,,0.695903,0.7,1,0,0,,62,6,Slider,0,2,0,2,2,0,0,2,Standard,Standard,45,0.078,0.347,,,,-0.347,,-2,-2,0.156,0.156,35,29,35,30,1,3,2,1,35,2,2.54,-0.25,0.25,32.8
SL,2023-08-09,91.8,-1.89,5.55,"Kelly, Joe",606466,523260,,ball,,,,,13,Ketel Marte walks.,R,L,R,AZ,LAD,B,,,2,2,2023,0.73,-0.25,-0.35,1.0,,,,0,8,Bot,,,,,,,2.3156534682524352,-133.62314639728945,-5.059169278783126,8.149590925201489,30.461925165161883,-34.28398338786928,3.5,1.69,,,,91.0,2887,5.9,717057,669257,518692,605141,571970,500743,444482,621035,518792,54.59,,,,,,,,62,5,Slider,0,2,0,2,2,0,0,2,Infield shade,Standard,46,0.0,0.115,,,,-0.115,,-2,-2,0.156,0.156,35,29,35,30,1,3,2,1,35,2,2.97,-0.73,0.73,35.5
SL,2023-08-09,91.2,-1.97,5.59,"Kelly, Joe",606466,523260,,foul,,,,,5,Ketel Marte walks.,R,L,R,AZ,LAD,S,,,2,1,2023,0.69,0.1,0.11,2.44,,,,0,8,Bot,,,,,,,3.702127018879561,-132.77546763272963,-2.263487693435865,7.457112374866483,27.750157566652888,-30.697184308248666,3.63,1.75,2,83.9,-46,90.6,2953,5.8,717057,669257,518692,605141,571970,500743,444482,621035,518792,54.67,,,,,,,,62,4,Slider,0,2,0,2,2,0,0,2,Standard,Standard,51,0.0,-0.074,71.2,7.5,,0.074,88.0,-2,-2,0.156,0.156,35,29,35,30,1,3,2,1,35,2,2.63,-0.69,0.69,35.5
KC,2023-08-09,89.8,-1.97,5.63,"Kelly, Joe",606466,523260,,ball,,,,,13,Ketel Marte walks.,R,L,R,AZ,LAD,B,,,1,1,2023,0.49,-0.88,-1.11,2.54,,,,0,8,Bot,,,,,,,1.09694292109782,-130.93263690808746,0.1138243273893258,5.397081903645408,25.99547202477324,-42.53934978417042,3.62,1.79,,,,89.4,2993,5.8,717057,669257,518692,605141,571970,500743,444482,621035,518792,54.71,,,,,,,,62,3,Knuckle Curve,0,2,0,2,2,0,0,2,Standard,Standard,51,0.0,0.059,,,,-0.059,,-2,-2,0.156,0.156,35,29,35,30,1,3,2,1,35,2,3.68,-0.49,0.49,33.1
KC,2023-08-09,88.6,-1.78,5.56,"Kelly, Joe",606466,523260,,ball,,,,,13,Ketel Marte walks.,R,L,R,AZ,LAD,B,,,0,1,2023,0.23,-0.66,-1.02,2.28,,,,0,8,Bot,,,,,,,1.3598384016733205,-129.14045682653372,-0.6708850896485615,2.3818723730571185,24.511007022811196,-39.650558530188185,3.69,1.8,,,,88.4,2805,5.9,717057,669257,518692,605141,571970,500743,444482,621035,518792,54.63,,,,,,,,62,2,Knuckle Curve,0,2,0,2,2,0,0,2,Standard,Standard,54,0.0,0.031,,,,-0.031,,-2,-2,0.156,0.156,35,29,35,30,1,3,2,1,35,2,3.53,-0.23,0.23,34.9
FF,2023-08-09,98.9,-1.87,5.39,"Kelly, Joe",606466,523260,,called_strike,,,,,5,Ketel Marte walks.,R,L,R,AZ,LAD,S,,,0,0,2023,-0.75,1.21,0.07,3.16,,,,0,8,Bot,,,,,,,7.027421426389924,-143.82093087104084,-3.4657952503792577,-12.031585099272672,33.34706257250088,-14.718802035704083,3.76,1.85,,,,98.8,2186,6.3,717057,669257,518692,605141,571970,500743,444482,621035,518792,54.24,,,,,,,,62,1,4-Seam Fastball,0,2,0,2,2,0,0,2,Infield shade,Standard,224,0.0,-0.042,,,,0.042,,-2,-2,0.156,0.156,35,29,35,30,1,3,2,1,35,2,1.12,0.75,-0.75,30.9
SL,2023-08-07,92.8,-1.86,5.33,"Kelly, Joe",665487,523260,strikeout,swinging_strike,,,,,14,Fernando Tatis Jr. strikes out swinging.,R,R,R,SD,LAD,S,2,,1,2,2023,0.42,-0.44,1.36,1.24,,,,2,7,Bot,,,,,,,7.300181265313541,-134.87830032462486,-3.660548060880518,3.3768823850277183,31.522480134274545,-36.82249019604946,3.71,1.77,,,,92.1,2952,6.1,717094,669257,518692,605141,571771,500743,444482,681546,518792,54.41,,0.0,0.0,1,0,0,,66,4,Slider,6,13,6,13,13,6,6,13,Standard,Standard,43,-0.001,-0.191,44.2,7.4,,0.191,,-7,-7,0.004,0.004,35,24,35,24,1,3,3,1,2,1,3.11,-0.42,-0.42,37.3
SL,2023-08-07,91.7,-1.87,5.4,"Kelly, Joe",665487,523260,,foul,,,,,2,Fernando Tatis Jr. strikes out swinging.,R,R,R,SD,LAD,S,,,1,1,2023,0.95,-0.43,0.01,3.2,,,,2,7,Bot,,,,,,,2.680500472298646,-133.3483911220117,1.3421815440992448,10.459912903127664,34.384053055618885,-37.79725067961438,3.71,1.77,192,75.5,37,90.4,2793,6.0,717094,669257,518692,605141,571771,500743,444482,681546,518792,54.53,,,,,,,,66,3,Slider,6,13,6,13,13,6,6,13,Standard,Standard,58,0.0,-0.069,71.3,6.6,,0.069,88.0,-7,-7,0.004,0.004,35,24,35,24,1,3,3,1,2,1,3.19,-0.95,-0.95,33.0
SL,2023-08-07,93.3,-1.96,5.51,"Kelly, Joe",665487,523260,,foul,,,,,9,Fernando Tatis Jr. strikes out swinging.,R,R,R,SD,LAD,S,,,1,0,2023,0.46,-0.31,0.42,2.11,,,,2,7,Bot,,,,,,,5.090748922379204,-135.80931917186956,-2.23957192529274,4.375422697158879,32.93463772407376,-35.70194931573264,3.71,1.77,2,71.6,-45,92.4,2833,6.0,717094,669257,518692,605141,571771,500743,444482,681546,518792,54.55,,,,,,,,66,2,Slider,6,13,6,13,13,6,6,13,Standard,Standard,43,0.0,-0.056,69.1,8.2,,0.056,88.0,-7,-7,0.004,0.004,35,24,35,24,1,3,3,1,2,1,2.95,-0.46,-0.46,40.8
SL,2023-08-07,93.4,-1.98,5.23,"Kelly, Joe",665487,523260,,ball,,,,,14,Fernando Tatis Jr. strikes out swinging.,R,R,R,SD,LAD,B,,,0,0,2023,0.28,0.0,0.85,0.72,,,,2,7,Bot,,,,,,,6.650722431360452,-135.7041771368039,-5.724478114155668,1.707845286077207,34.326595100514474,-30.92238378792165,3.66,1.78,,,,92.5,2949,6.2,717094,669257,518692,605141,571771,500743,444482,681546,518792,54.34,,,,,,,,66,1,Slider,6,13,6,13,13,6,6,13,Standard,Standard,44,0.0,0.043,,,,-0.043,,-7,-7,0.004,0.004,35,24,35,24,1,3,3,1,2,1,2.65,-0.28,-0.28,32.5
FF,2023-08-07,100.8,-1.46,5.27,"Kelly, Joe",673490,523260,strikeout,foul_tip,,,,,5,Ha-Seong Kim strikes out on a foul tip.,R,R,R,SD,LAD,S,2,,2,2,2023,-1.07,1.33,-0.16,2.65,,,,1,7,Bot,,,,,,,6.119895039433422,-146.47781559588202,-5.012122733720513,-16.89691689501855,38.8643418277449,-12.10584697761679,3.35,1.54,,,,99.8,2378,6.1,717094,669257,518692,605141,571771,500743,444482,681546,518792,54.38,,0.0,0.0,1,0,0,,65,5,4-Seam Fastball,6,13,6,13,13,6,6,13,Strategic,Standard,225,-0.002,-0.234,64.8,6.4,,0.234,,-7,-7,0.006,0.006,35,27,35,28,1,3,3,1,2,1,0.94,1.07,1.07,32.5
FF,2023-08-07,99.9,-1.94,5.19,"Kelly, Joe",673490,523260,,swinging_strike,,,,,11,Ha-Seong Kim strikes out on a foul tip.,R,R,R,SD,LAD,S,,,2,1,2023,-0.93,1.21,-1.04,3.32,,,,1,7,Bot,,,,,,,4.659136725428013,-145.39305318630895,-2.5711182586782453,-14.241542658551774,36.941461612236616,-14.744388253279284,3.35,1.54,,,,99.3,2220,6.2,717094,669257,518692,605141,571771,500743,444482,681546,518792,54.34,,,,,,,,65,4,4-Seam Fastball,6,13,6,13,13,6,6,13,Standard,Standard,224,0.0,-0.076,65.6,6.1,,0.076,,-7,-7,0.006,0.006,35,27,35,28,1,3,3,1,2,1,1.09,0.93,0.93,33.4
FF,2023-08-07,100.3,-1.85,5.17,"Kelly, Joe",673490,523260,,called_strike,,,,,5,Ha-Seong Kim strikes out on a foul tip.,R,R,R,SD,LAD,S,,,2,0,2023,-1.04,1.16,-0.06,2.2,,,,1,7,Bot,,,,,,,7.413394372180166,-145.7766238438889,-5.544315503872122,-16.659461696491803,36.24634462095939,-14.534942716911212,3.27,1.57,,,,100.0,2222,6.3,717094,669257,518692,605141,571771,500743,444482,681546,518792,54.19,,,,,,,,65,3,4-Seam Fastball,6,13,6,13,13,6,6,13,Strategic,Standard,227,0.0,-0.062,,,,0.062,,-7,-7,0.006,0.006,35,27,35,28,1,3,3,1,2,1,1.12,1.04,1.04,33.1
SL,2023-08-07,92.3,-2.01,5.38,"Kelly, Joe",673490,523260,,ball,,,,,9,Ha-Seong Kim strikes out on a foul tip.,R,R,R,SD,LAD,B,,,1,0,2023,0.6,-0.21,0.82,1.9,,,,1,7,Bot,,,,,,,5.860544970271873,-134.38343426306687,-2.580026955617863,5.9606583120651315,28.87403987102976,-34.42952911842936,3.32,1.51,,,,91.8,2871,5.9,717094,669257,518692,605141,571771,500743,444482,681546,518792,54.57,,,,,,,,65,2,Slider,6,13,6,13,13,6,6,13,Standard,Standard,43,0.0,0.066,,,,-0.066,,-7,-7,0.006,0.006,35,27,35,28,1,3,3,1,2,1,2.89,-0.6,-0.6,39.8
SL,2023-08-07,91.1,-1.9,5.43,"Kelly, Joe",673490,523260,,ball,,,,,11,Ha-Seong Kim strikes out on a foul tip.,R,R,R,SD,LAD,B,,,0,0,2023,1.08,-0.15,-0.25,3.94,,,,1,7,Bot,,,,,,,1.8189705446232505,-132.64299876038376,2.4520138476749684,12.349873723824247,28.447799835825613,-34.72324528243967,3.43,1.64,,,,90.5,2757,5.9,717094,669257,518692,605141,571771,500743,444482,681546,518792,54.59,,,,,,,,65,1,Slider,6,13,6,13,13,6,6,13,Standard,Standard,49,0.0,0.039,,,,-0.039,,-7,-7,0.006,0.006,35,27,35,28,1,3,3,1,2,1,2.9,-1.08,-1.08,32.1
SL,2023-08-07,93.1,-1.94,5.44,"Kelly, Joe",663757,523260,strikeout,swinging_strike_blocked,,,,,14,"Trent Grisham strikes out swinging, catcher Will Smith to first baseman Freddie Freeman.",R,L,R,SD,LAD,S,2,,1,2,2023,0.45,-0.3,0.82,0.59,,,,0,7,Bot,,,,,,,6.070166267222192,-135.34070928086803,-5.892733390689331,3.967065948266352,34.01370225686877,-34.508937277494994,3.48,1.69,,,,92.0,2786,6.0,717094,669257,518692,605141,571771,500743,444482,681546,518792,54.47,,0.0,0.0,1,0,0,,64,4,Slider,6,13,6,13,13,6,6,13,Infield shade,Standard,53,-0.003,-0.193,66.8,8.4,,0.193,,-7,-7,0.009,0.009,35,26,35,27,1,2,3,1,2,1,2.96,-0.45,0.45,37.1
SL,2023-08-07,92.7,-1.87,5.46,"Kelly, Joe",663757,523260,,ball,,,,,14,"Trent Grisham strikes out swinging, catcher Will Smith to first baseman Freddie Freeman.",R,L,R,SD,LAD,B,,,0,2,2023,0.22,0.11,0.49,-0.4,,,,0,7,Bot,,,,,,,5.504060252692047,-134.6664178949928,-9.352447666478362,1.5152103084136257,27.778094668498888,-29.086435908079956,3.59,1.5,,,,92.2,2819,6.0,717094,669257,518692,605141,571771,500743,444482,681546,518792,54.52,,,,,,,,64,3,Slider,6,13,6,13,13,6,6,13,Infield shade,Standard,25,0.0,0.024,,,,-0.024,,-7,-7,0.009,0.009,35,26,35,27,1,2,3,1,2,1,2.54,-0.22,0.22,39.0
FF,2023-08-07,100.2,-1.75,5.23,"Kelly, Joe",663757,523260,,called_strike,,,,,8,"Trent Grisham strikes out swinging, catcher Will Smith to first baseman Freddie Freeman.",R,L,R,SD,LAD,S,,,0,1,2023,-1.1,0.95,-0.16,2.07,,,,0,7,Bot,,,,,,,6.948675003962093,-145.69854571225372,-5.568530397442374,-17.324340935360027,34.36866946428502,-17.518559917275795,3.64,1.66,,,,99.9,2269,6.1,717094,669257,518692,605141,571771,500743,444482,681546,518792,54.35,,,,,,,,64,2,4-Seam Fastball,6,13,6,13,13,6,6,13,Standard,Standard,227,0.0,-0.054,,,,0.054,,-7,-7,0.009,0.009,35,26,35,27,1,2,3,1,2,1,1.32,1.1,-1.1,26.6
FF,2023-08-07,99.2,-1.86,5.28,"Kelly, Joe",663757,523260,,called_strike,,,,,7,"Trent Grisham strikes out swinging, catcher Will Smith to first baseman Freddie Freeman.",R,L,R,SD,LAD,S,,,0,0,2023,-1.03,1.07,-0.41,2.22,,,,0,7,Bot,,,,,,,6.366278484704686,-144.28669932828845,-5.424178483101488,-15.915448554536134,33.825691175723406,-16.104435898430996,3.66,1.62,,,,98.9,2180,6.2,717094,669257,518692,605141,571771,500743,444482,681546,518792,54.34,,,,,,,,64,1,4-Seam Fastball,6,13,6,13,13,6,6,13,Standard,Standard,227,0.0,-0.042,,,,0.042,,-7,-7,0.009,0.009,35,26,35,27,1,2,3,1,2,1,1.25,1.03,-1.03,30.6
SI,2023-08-04,99.0,-1.8,5.01,"Kelly, Joe",593428,523260,grounded_into_double_play,hit_into_play,,,,,11,"Xander Bogaerts grounds into a double play, pitcher Joe Kelly to second baseman Mookie Betts to first baseman Freddie Freeman. Manny Machado out at 2nd. Xander Bogaerts out at 1st.",R,R,R,SD,LAD,X,1,ground_ball,1,1,2023,-1.58,0.64,-1.44,3.06,,665742,592518,1,5,Bot,127.55,182.71,,,,,4.698079716441329,-144.02461548987915,-1.322414716424289,-23.0465547367396,35.82029628855609,-23.272771401615273,3.56,1.64,8,57.1,-19,98.9,2124,6.4,717129,669257,518692,605141,621035,642708,571771,681546,518792,54.11,0.054,0.056,0.0,1,0,0,1,41,3,Sinker,2,1,2,1,1,2,2,1,Standard,Standard,229,-0.08,-0.315,61.1,5.4,0.063,0.315,88.0,1,1,0.747,0.747,35,30,35,31,1,2,6,2,3,1,1.7,1.58,1.58,29.3
SI,2023-08-04,97.8,-1.85,4.99,"Kelly, Joe",593428,523260,,called_strike,,,,,5,"Xander Bogaerts grounds into a double play, pitcher Joe Kelly to second baseman Mookie Betts to first baseman Freddie Freeman. Manny Machado out at 2nd. Xander Bogaerts out at 1st.",R,R,R,SD,LAD,S,,,1,0,2023,-1.54,0.65,-0.07,2.58,,665742,592518,1,5,Bot,,,,,,,8.328585244823895,-142.1042558116153,-2.4654857361180773,-22.75248579374257,33.61426560170989,-23.066658925117395,3.51,1.66,,,,97.7,2081,6.4,717129,669257,518692,605141,621035,642708,571771,681546,518792,54.13,,,,,,,,41,2,Sinker,2,1,2,1,1,2,2,1,Standard,Standard,230,0.0,-0.051,,,,0.051,,1,1,0.747,0.747,35,30,35,31,1,2,6,2,3,1,1.75,1.54,1.54,24.5
SI,2023-08-04,99.1,-1.8,5.04,"Kelly, Joe",593428,523260,,ball,,,,,14,"Xander Bogaerts grounds into a double play, pitcher Joe Kelly to second baseman Mookie Betts to first baseman Freddie Freeman. Manny Machado out at 2nd. Xander Bogaerts out at 1st.",R,R,R,SD,LAD,B,,,0,0,2023,-1.71,0.08,1.15,1.54,,665742,592518,1,5,Bot,,,,,,,12.036745239417996,-143.5626994090949,-4.187404120363158,-26.668297836396277,38.6560922320563,-30.075698803274953,3.58,1.73,,,,98.1,2174,6.4,717129,669257,518692,605141,621035,642708,571771,681546,518792,54.13,,,,,,,,41,1,Sinker,2,1,2,1,1,2,2,1,Standard,Standard,229,0.0,0.042,,,,-0.042,,1,1,0.747,0.747,35,30,35,31,1,2,6,2,3,1,2.29,1.71,1.71,28.3
KC,2023-08-04,88.6,-1.94,5.49,"Kelly, Joe",592518,523260,single,hit_into_play,,,,,7,Manny Machado singles on a ground ball to left fielder Enrique Hernandez. Juan Soto to 2nd.,R,R,R,SD,LAD,X,7,ground_ball,0,1,2023,0.5,-1.1,-0.73,1.66,,,665742,1,5,Bot,81.87,121.14,,,,,1.8993282159357547,-128.9743532883174,-0.9192361587943038,5.035443567514024,30.29653660162415,-44.37806879243473,3.65,1.69,13,105.7,-7,87.8,2971,6.0,717129,669257,518692,605141,621035,642708,571771,681546,518792,54.46,0.383,0.32,0.9,1,1,0,2,40,2,Knuckle Curve,2,1,2,1,1,2,2,1,Standard,Standard,43,0.032,0.458,,,0.413,-0.458,105.7,1,1,0.715,0.715,35,30,35,31,1,2,6,2,3,1,4.03,-0.5,-0.5,33.8
SI,2023-08-04,98.9,-1.88,5.02,"Kelly, Joe",592518,523260,,called_strike,,,,,14,Manny Machado singles on a ground ball to left fielder Enrique Hernandez. Juan Soto to 2nd.,R,R,R,SD,LAD,S,,,0,0,2023,-1.41,0.83,0.87,2.6,,,665742,1,5,Bot,,,,,,,10.789380438268436,-143.6367186640167,-3.093261160102232,-21.969398806219473,32.96713023802882,-20.091832252522764,3.88,1.81,,,,99.0,2166,6.4,717129,669257,518692,605141,621035,642708,571771,681546,518792,54.1,,,,,,,,40,1,Sinker,2,1,2,1,1,2,2,1,Standard,Standard,229,0.0,-0.042,,,,0.042,,1,1,0.715,0.715,35,30,35,31,1,2,6,2,3,1,1.5,1.41,1.41,30.6
SI,2023-08-04,98.9,-1.81,5.13,"Kelly, Joe",665742,523260,walk,ball,,,,,12,Juan Soto walks.,R,L,R,SD,LAD,B,,,3,0,2023,-1.34,1.01,1.05,2.73,,,,1,5,Bot,,,,,,,10.935267899874113,-143.54683720692205,-3.4118122412043683,-21.102639811710265,34.50213693261785,-17.610777813639466,3.05,1.49,,,,98.7,2158,6.4,717129,669257,518692,605141,621035,642708,571771,681546,518792,54.09,,0.695903,0.7,1,0,0,,39,4,Sinker,2,1,2,1,1,2,2,1,Infield shade,Standard,223,0.023,0.173,,,,-0.173,,1,1,0.692,0.692,35,24,35,25,1,2,6,2,3,1,1.34,1.34,-1.34,30.7
KC,2023-08-04,89.3,-1.93,5.33,"Kelly, Joe",665742,523260,,ball,,,,,14,Juan Soto walks.,R,L,R,SD,LAD,B,,,2,0,2023,0.63,-0.47,0.8,0.63,,,,1,5,Bot,,,,,,,5.386096453613445,-129.84042726643838,-4.482663190269497,5.79027620447003,29.989373925916816,-36.689680872532925,3.02,1.44,,,,88.8,2973,6.3,717129,669257,518692,605141,621035,642708,571771,681546,518792,54.23,,,,,,,,39,3,Knuckle Curve,2,1,2,1,1,2,2,1,Infield shade,Standard,40,0.0,0.142,,,,-0.142,,1,1,0.692,0.692,35,24,35,25,1,2,6,2,3,1,3.36,-0.63,0.63,33.2
SI,2023-08-04,99.4,-1.9,4.93,"Kelly, Joe",665742,523260,,ball,,,,,14,Juan Soto walks.,R,L,R,SD,LAD,B,,,1,0,2023,-1.65,0.51,0.86,1.46,,,,1,5,Bot,,,,,,,11.421575423227551,-144.23342963866148,-5.280374111511233,-25.685935717093773,34.934458024478445,-23.87555579801759,3.02,1.6,,,,99.2,2329,6.4,717129,669257,518692,605141,621035,642708,571771,681546,518792,54.05,,,,,,,,39,2,Sinker,2,1,2,1,1,2,2,1,Infield shade,Standard,231,0.0,0.066,,,,-0.066,,1,1,0.692,0.692,35,24,35,25,1,2,6,2,3,1,1.81,1.65,-1.65,24.6
KC,2023-08-04,90.1,-1.95,5.45,"Kelly, Joe",665742,523260,,ball,,,,,13,Juan Soto walks.,R,L,R,SD,LAD,B,,,0,0,2023,0.6,-0.52,-0.03,1.05,,,,1,5,Bot,,,,,,,3.4808649813748636,-130.98320387432386,-3.726525535152695,5.90462814747947,33.47831213185622,-37.37708431419529,3.09,1.53,,,,89.0,2971,6.1,717129,669257,518692,605141,621035,642708,571771,681546,518792,54.36,,,,,,,,39,1,Knuckle Curve,2,1,2,1,1,2,2,1,Infield shade,Standard,46,0.0,0.039,,,,-0.039,,1,1,0.692,0.692,35,24,35,25,1,2,6,2,3,1,3.38,-0.6,0.6,34.3
SI,2023-08-04,100.3,-1.89,4.99,"Kelly, Joe",665487,523260,strikeout,called_strike,,,,,8,Fernando Tatis Jr. called out on strikes.,R,R,R,SD,LAD,S,2,,1,2,2023,-1.74,0.55,0.25,2.29,,,,0,5,Bot,,,,,,,10.01861863167781,-145.61573397624667,-3.357808109795482,-27.215241977688883,36.67288589963948,-23.68483731374217,3.9,1.84,,,,99.9,2282,6.4,717129,669257,518692,605141,621035,642708,571771,681546,518792,54.12,,0.0,0.0,1,0,0,,38,8,Sinker,2,1,2,1,1,2,2,1,Standard,Standard,229,-0.021,-0.193,,,,0.193,,1,1,0.713,0.713,35,24,35,24,1,2,6,2,3,1,1.74,1.74,1.74,27.4
SI,2023-08-04,98.9,-1.94,4.91,"Kelly, Joe",665487,523260,,foul,,,,,11,Fernando Tatis Jr. called out on strikes.,R,R,R,SD,LAD,S,,,1,2,2023,-1.27,0.66,-1.7,4.61,,,,0,5,Bot,,,,,,,3.6011384368389345,-143.98021801215842,3.096434915712078,-18.45972863112778,32.880851827736976,-23.949161690256048,3.69,1.77,121,61.3,15,99.1,2100,6.3,717129,669257,518692,605141,621035,642708,571771,681546,518792,54.16,,,,,,,,38,7,Sinker,2,1,2,1,1,2,2,1,Standard,Standard,228,0.0,0.0,,,,0.0,88.0,1,1,0.713,0.713,35,24,35,24,1,2,6,2,3,1,1.67,1.27,1.27,25.7
SL,2023-08-04,92.3,-1.96,5.42,"Kelly, Joe",665487,523260,,foul,,,,,2,Fernando Tatis Jr. called out on strikes.,R,R,R,SD,LAD,S,,,1,2,2023,0.94,0.13,-0.03,3.45,,,,0,5,Bot,,,,,,,2.8478011757511017,-134.4105477920043,0.5101446818724449,10.802690630488144,28.79407528673645,-30.97249063833207,3.69,1.77,225,74.9,57,92.0,2751,6.0,717129,669257,518692,605141,621035,642708,571771,681546,518792,54.47,,,,,,,,38,6,Slider,2,1,2,1,1,2,2,1,Standard,Standard,55,0.0,0.0,,,,0.0,88.0,1,1,0.713,0.713,35,24,35,24,1,2,6,2,3,1,2.54,-0.94,-0.94,27.9
SL,2023-08-04,91.8,-2.08,5.16,"Kelly, Joe",665487,523260,,foul,,,,,1,Fernando Tatis Jr. called out on strikes.,R,R,R,SD,LAD,S,,,1,2,2023,0.99,0.2,-0.4,3.49,,,,0,5,Bot,,,,,,,2.112293770908882,-133.7609257975231,1.1885258158950012,11.375529258995517,29.54746318718625,-30.278381160546257,3.69,1.77,247,79.6,26,91.6,2816,6.2,717129,669257,518692,605141,621035,642708,571771,681546,518792,54.33,,,,,,,,38,5,Slider,2,1,2,1,1,2,2,1,Standard,Standard,50,0.0,0.0,56.1,5.0,,0.0,88.0,1,1,0.713,0.713,35,24,35,24,1,2,6,2,3,1,2.5,-0.99,-0.99,26.0
SL,2023-08-04,90.9,-2.03,5.38,"Kelly, Joe",665487,523260,,foul,,,,,14,Fernando Tatis Jr. called out on strikes.,R,R,R,SD,LAD,S,,,1,2,2023,0.9,0.17,0.91,2.33,,,,0,5,Bot,,,,,,,5.412859192547869,-132.30807733861195,-2.0795878978305575,9.342247157384586,28.497791639979766,-29.96016412964533,3.69,1.77,,,,90.5,2784,6.0,717129,669257,518692,605141,621035,642708,571771,681546,518792,54.47,,,,,,,,38,4,Slider,2,1,2,1,1,2,2,1,Standard,Standard,48,0.0,0.0,,,,0.0,,1,1,0.713,0.713,35,24,35,24,1,2,6,2,3,1,2.59,-0.9,-0.9,31.3
SI,2023-08-04,98.4,-1.71,5.12,"Kelly, Joe",665487,523260,,called_strike,,,,,9,Fernando Tatis Jr. called out on strikes.,R,R,R,SD,LAD,S,,,1,1,2023,-1.45,0.87,0.44,2.29,,,,0,5,Bot,,,,,,,9.239177860043927,-142.96196045316375,-4.227867370641718,-22.09911759540774,33.73184142305449,-19.37917350072752,3.9,1.86,,,,98.4,2148,6.4,717129,669257,518692,605141,621035,642708,571771,681546,518792,54.05,,,,,,,,38,3,Sinker,2,1,2,1,1,2,2,1,Standard,Standard,232,0.0,-0.061,,,,0.061,,1,1,0.713,0.713,35,24,35,24,1,2,6,2,3,1,1.49,1.45,1.45,29.7
SI,2023-08-04,99.8,-1.9,5.17,"Kelly, Joe",665487,523260,,foul,,,,,4,Fernando Tatis Jr. called out on strikes.,R,R,R,SD,LAD,S,,,1,0,2023,-1.32,0.7,-0.39,2.57,,,,0,5,Bot,,,,,,,7.243663681315493,-145.07978856369132,-3.3881346084124853,-20.360426122704936,35.19055812129112,-21.681772544362325,3.69,1.77,281,97.5,18,99.7,2218,6.4,717129,669257,518692,605141,621035,642708,571771,681546,518792,54.14,,,,,,,,38,2,Sinker,2,1,2,1,1,2,2,1,Standard,Standard,227,0.0,-0.052,,,,0.052,97.5,1,1,0.713,0.713,35,24,35,24,1,2,6,2,3,1,1.6,1.32,1.32,29.7
SI,2023-08-04,98.4,-1.93,5.24,"Kelly, Joe",665487,523260,,ball,,,,,11,Fernando Tatis Jr. called out on strikes.,R,R,R,SD,LAD,B,,,0,0,2023,-1.51,0.66,-1.59,3.44,,,,0,5,Bot,,,,,,,4.4236180397455644,-143.23626555813743,-0.9290013887235856,-21.77633046857686,35.54165777632155,-23.09867873431037,3.9,1.93,,,,97.9,2074,6.1,717129,669257,518692,605141,621035,642708,571771,681546,518792,54.36,,,,,,,,38,1,Sinker,2,1,2,1,1,2,2,1,Standard,Standard,229,0.0,0.04,,,,-0.04,,1,1,0.713,0.713,35,24,35,24,1,2,6,2,3,1,1.7,1.51,1.51,26.8
SI,2023-08-04,99.4,-1.95,5.26,"Kelly, Joe",673490,523260,field_out,hit_into_play,,,,,11,Ha-Seong Kim lines out to second baseman Mookie Betts.,R,R,R,SD,LAD,X,4,line_drive,2,1,2023,-1.58,0.75,-0.9,2.48,,663757,,2,4,Bot,140.62,131.42,,,,,6.579973338901754,-144.5096815468454,-3.929913501509443,-23.616159567715,36.23955468557447,-20.932383170286588,3.31,1.53,178,74.9,15,99.0,2066,6.3,717129,669257,518692,605141,621035,642708,571771,681546,518792,54.22,0.674,0.607,0.0,1,0,0,4,34,4,Sinker,2,1,2,1,1,2,2,1,Standard,Standard,230,-0.033,-0.29,,,0.7,0.29,88.0,1,1,0.677,0.677,35,27,35,28,1,2,6,2,3,1,1.57,1.58,1.58,28.0
SI,2023-08-04,98.5,-1.78,5.23,"Kelly, Joe",673490,523260,,called_strike,,,,,6,Ha-Seong Kim lines out to second baseman Mookie Betts.,R,R,R,SD,LAD,S,,,2,0,2023,-1.44,0.63,0.73,2.31,,663757,,2,4,Bot,,,,,,,10.15704789490825,-143.12791604433212,-3.9086154698125593,-22.169324628684024,33.037902879276736,-22.811150864684365,3.33,1.6,,,,98.4,2051,6.3,717129,669257,518692,605141,621035,642708,571771,681546,518792,54.2,,,,,,,,34,3,Sinker,2,1,2,1,1,2,2,1,Standard,Standard,227,0.0,-0.055,,,,0.055,,1,1,0.677,0.677,35,27,35,28,1,2,6,2,3,1,1.73,1.44,1.44,28.6
SL,2023-08-04,89.3,-1.94,5.57,"Kelly, Joe",673490,523260,,ball,,,,,11,Ha-Seong Kim lines out to second baseman Mookie Betts.,R,R,R,SD,LAD,B,,,1,0,2023,1.12,0.12,-0.19,4.9,596847,,663757,2,4,Bot,,,,,,,1.9298253736283624,-129.93880615523048,4.09199675255119,12.24222601544328,27.505146806489172,-31.954360165090932,3.42,1.58,,,,88.8,2645,6.0,717129,669257,518692,605141,621035,642708,571771,681546,518792,54.51,,,,,,,,34,2,Slider,1,1,1,1,1,2,2,1,Standard,Standard,50,0.117,0.042,,,,-0.042,,0,0,0.56,0.56,35,27,35,28,1,2,6,2,3,1,2.75,-1.12,-1.12,40.7
SL,2023-08-04,91.0,-2.02,5.49,"Kelly, Joe",673490,523260,,blocked_ball,,,,,7,Ha-Seong Kim lines out to second baseman Mookie Betts.,R,R,R,SD,LAD,B,,,0,0,2023,0.47,-0.12,-0.39,1.52,596847,,663757,2,4,Bot,,,,,,,3.071644802930546,-132.3927861274903,-3.692534983255395,4.70928568055158,32.891188229328925,-32.910019605100274,3.49,1.62,,,,90.1,2661,6.1,717129,669257,518692,605141,621035,642708,571771,681546,518792,54.38,,,,,,,,34,1,Slider,1,1,1,1,1,1,1,1,Standard,Standard,45,0.0,0.042,,,,-0.042,88.0,0,0,0.56,0.56,35,27,35,28,1,2,6,2,3,1,2.91,-0.47,-0.47,36.7
FF,2023-07-29,99.0,-1.55,5.26,"Kelly, Joe",666181,523260,strikeout,called_strike,,,,,9,Will Benson called out on strikes.,R,L,R,LAD,CIN,S,2,,1,2,2023,-0.78,1.16,0.64,2.1,668715,458015,687952,2,6,Top,,,,,,,7.803311210803397,-143.9757364721575,-5.930977312682985,-12.667462716100603,32.68141515122216,-14.785222145394476,3.41,1.73,,,,99.1,2261,6.3,717205,669257,518692,621035,571970,500743,444482,681546,518792,54.17,,0.0,0.0,1,0,0,,45,4,4-Seam Fastball,2,2,2,2,2,2,2,2,Standard,Standard,226,0.107,-0.17,,,,0.17,,0,0,0.467,0.533,35,25,35,25,1,0,3,1,6,1,1.16,0.78,-0.78,31.2
FF,2023-07-29,99.7,-1.71,5.28,"Kelly, Joe",666181,523260,,foul,,,,,5,Will Benson called out on strikes.,R,L,R,LAD,CIN,S,,,1,1,2023,-0.81,1.25,-0.11,2.26,668715,458015,687952,2,6,Top,,,,,,,6.336076715085081,-144.99848413834405,-5.855535365894957,-12.933495483783524,33.495908404797675,-13.410455532792072,3.34,1.66,139,84.2,9,100.1,2242,6.5,717205,669257,518692,621035,571970,500743,444482,681546,518792,54.0,,,,,,,,45,3,4-Seam Fastball,2,2,2,2,2,2,2,2,Standard,Standard,229,0.0,-0.079,69.6,6.5,,0.079,88.0,0,0,0.467,0.533,35,25,35,25,1,0,3,1,6,1,1.05,0.81,-0.81,28.9
KC,2023-07-29,88.5,-1.62,5.65,"Kelly, Joe",666181,523260,,called_strike,,,,,5,Will Benson called out on strikes.,R,L,R,LAD,CIN,S,,,1,0,2023,0.32,-0.91,0.04,2.54,668715,458015,687952,2,6,Top,,,,,,,3.363552813236774,-128.95809700152853,0.2678500805341426,3.0174367803744317,24.289392200416547,-42.59248125685813,3.38,1.66,,,,88.2,2946,5.8,717205,669257,518692,621035,571970,500743,444482,681546,518792,54.68,,,,,,,,45,2,Knuckle Curve,2,2,2,2,2,2,2,2,Infield shade,Standard,43,0.0,-0.048,,,,0.048,,0,0,0.467,0.533,35,25,35,25,1,0,3,1,6,1,3.78,-0.32,0.32,37.2
KC,2023-07-29,89.9,-1.7,5.54,"Kelly, Joe",666181,523260,,blocked_ball,,,,,14,Will Benson called out on strikes.,R,L,R,LAD,CIN,B,,,0,0,2023,0.42,-0.92,1.66,0.15,668715,458015,687952,2,6,Top,,,,,,,7.397808913338649,-130.7398299386991,-5.413789391617237,3.2833777193114133,26.63508466480762,-41.860225386441336,3.38,1.66,,,,89.3,3065,5.9,717205,669257,518692,621035,571970,500743,444482,681546,518792,54.61,,,,,,,,45,1,Knuckle Curve,2,2,2,2,2,2,2,2,Strategic,Standard,36,0.0,0.035,,,,-0.035,,0,0,0.467,0.533,35,25,35,25,1,0,3,1,6,1,3.74,-0.42,0.42,31.5
SI,2023-07-29,98.2,-1.62,5.25,"Kelly, Joe",687952,523260,walk,ball,,,,,14,Christian Encarnacion-Strand walks.,R,R,R,LAD,CIN,B,,,3,2,2023,-1.27,0.82,0.22,1.34,668715,458015,,2,6,Top,,,,,,,7.919135591944486,-142.72166428711515,-7.015538966808063,-19.13965731571535,32.59523536802375,-19.567214383330928,3.15,1.53,,,,98.4,2220,6.5,717205,669257,518692,621035,571970,500743,444482,681546,518792,54.04,,0.695903,0.7,1,0,0,,44,6,Sinker,2,2,2,2,2,2,2,2,Standard,Standard,228,-0.02,0.149,,,,-0.149,,0,0,0.487,0.513,35,23,35,24,1,2,3,1,6,1,1.55,1.27,1.27,30.6
SI,2023-07-29,99.3,-1.71,5.35,"Kelly, Joe",687952,523260,,called_strike,,,,,2,Christian Encarnacion-Strand walks.,R,R,R,LAD,CIN,S,,,3,1,2023,-1.32,0.78,-0.04,2.76,668715,458015,,2,6,Top,,,,,,,7.675194447308587,-144.389527786964,-3.507587432914625,-20.30505743613329,32.432192883647595,-20.594277886942187,3.15,1.53,,,,99.4,2289,6.3,717205,669257,518692,621035,571970,500743,444482,681546,518792,54.18,,,,,,,,44,5,Sinker,2,2,2,2,2,2,2,2,Standard,Standard,230,0.0,-0.055,,,,0.055,,0,0,0.487,0.513,35,23,35,24,1,2,3,1,6,1,1.53,1.32,1.32,27.2
SI,2023-07-29,98.2,-1.61,5.29,"Kelly, Joe",687952,523260,,ball,,,,,11,Christian Encarnacion-Strand walks.,R,R,R,LAD,CIN,B,,,2,1,2023,-1.23,0.9,-1.51,2.65,668715,458015,,2,6,Top,,,,,,,3.0875280786413253,-143.10267239179214,-3.8147311152363095,-17.590957975282496,31.66712757946538,-19.06800161445392,3.19,1.6,,,,98.4,2275,6.2,717205,669257,518692,621035,571970,500743,444482,681546,518792,54.26,,,,,,,,44,4,Sinker,2,2,2,2,2,2,2,2,Standard,Standard,226,0.0,0.023,,,,-0.023,,0,0,0.487,0.513,35,23,35,24,1,2,3,1,6,1,1.44,1.23,1.23,27.3
FF,2023-07-29,99.4,-1.56,5.39,"Kelly, Joe",687952,523260,,ball,,,,,14,Christian Encarnacion-Strand walks.,R,R,R,LAD,CIN,B,,,1,1,2023,-0.81,1.23,1.16,1.84,668715,458015,,2,6,Top,,,,,,,9.321433311298255,-144.42658941420314,-7.227798086304859,-13.441565881874029,32.28520639145551,-13.434080763651382,3.19,1.54,,,,99.6,2362,6.4,717205,669257,518692,621035,571970,500743,444482,681546,518792,54.13,,,,,,,,44,3,4-Seam Fastball,2,2,2,2,2,2,2,2,Standard,Standard,224,0.0,0.038,,,,-0.038,,0,0,0.487,0.513,35,23,35,24,1,2,3,1,6,1,1.08,0.81,0.81,34.7
SI,2023-07-29,98.5,-1.57,5.23,"Kelly, Joe",687952,523260,,ball,,,,,14,Christian Encarnacion-Strand walks.,R,R,R,LAD,CIN,B,,,0,1,2023,-1.48,0.85,1.47,0.74,,668715,458015,2,6,Top,,,,,,,11.71823430297297,-142.83782507648547,-8.705828656432674,-22.950079995965513,32.50222096927595,-18.56765185797248,3.23,1.65,,,,98.7,2353,6.6,717205,669257,518692,621035,571970,500743,444482,681546,518792,53.93,,,,,,,,44,2,Sinker,2,2,2,2,2,2,2,2,Standard,Standard,234,-0.022,0.025,,,,-0.025,,0,0,0.509,0.491,35,23,35,24,1,2,3,1,6,1,1.51,1.48,1.48,28.9
SI,2023-07-29,98.5,-1.62,5.36,"Kelly, Joe",687952,523260,,called_strike,,,,,7,Christian Encarnacion-Strand walks.,R,R,R,LAD,CIN,S,,,0,0,2023,-1.46,0.87,-0.78,1.45,,668715,458015,2,6,Top,,,,,,,5.660702522334254,-143.23411516407896,-7.153533539113558,-21.460739899861615,33.94389207762694,-18.759060380902355,3.28,1.53,,,,98.2,2343,6.2,717205,669257,518692,621035,571970,500743,444482,681546,518792,54.31,,,,,,,,44,1,Sinker,2,2,2,2,2,2,2,2,Standard,Standard,228,0.0,-0.04,,,,0.04,,0,0,0.509,0.491,35,23,35,24,1,2,3,1,6,1,1.49,1.46,1.46,28.9
SI,2023-07-26,98.2,-1.75,5.26,"Kelly, Joe",663538,523260,walk,ball,,,,,11,Nico Hoerner walks.   Miles Mastrobuoni scores.    Yan Gomes to 3rd.    Mike Tauchman to 2nd.,R,R,R,CWS,CHC,B,,,3,1,2023,-1.24,0.74,-0.28,3.49,670156,543228,643565,2,5,Top,,,,,,,6.847311831963988,-142.97069749428172,-1.1100430945029562,-18.582916728442584,28.64424865980833,-21.884320564653574,3.21,1.5,,,,98.9,2111,6.3,717240,664874,683734,669394,660162,641313,643217,673357,693049,54.17,,0.695903,0.7,1,0,0,,53,5,Sinker,7,7,7,7,8,7,8,7,Standard,Standard,227,-0.136,0.221,,,,-0.221,,0,0,0.469,0.531,35,26,35,26,1,3,3,1,3,1,1.6,1.24,1.24,28.9
KC,2023-07-26,86.5,-1.73,5.76,"Kelly, Joe",663538,523260,,ball,,,,,11,Nico Hoerner walks.   Miles Mastrobuoni scores.    Yan Gomes to 3rd.    Mike Tauchman to 2nd.,R,R,R,CWS,CHC,B,,,2,1,2023,0.66,-1.14,-1.41,3.6,670156,543228,643565,2,5,Top,,,,,,,-0.5900132909230849,-125.94352910478484,3.3022188497741776,7.202522258823617,23.946425179546875,-45.19094420497531,3.08,1.45,,,,86.2,2875,5.9,717240,664874,683734,669394,660162,641313,643217,673357,693049,54.56,,,,,,,,53,4,Knuckle Curve,7,7,7,7,7,7,7,7,Standard,Standard,43,0.0,0.087,,,,-0.087,,0,0,0.469,0.531,35,26,35,26,1,3,3,1,3,1,4.17,-0.66,-0.66,37.9
SI,2023-07-26,97.2,-1.82,5.3,"Kelly, Joe",663538,523260,,called_strike,,,,,11,Nico Hoerner walks.   Miles Mastrobuoni scores.    Yan Gomes to 3rd.    Mike Tauchman to 2nd.,R,R,R,CWS,CHC,S,,,2,0,2023,-1.26,0.66,-0.84,3.2,670156,543228,643565,2,5,Top,,,,,,,5.507372476266755,-141.54999757785146,-1.6636228358644265,-18.14981134475805,29.61145796067584,-23.10981466030946,3.26,1.56,,,,97.7,2070,6.3,717240,664874,683734,669394,660162,641313,643217,673357,693049,54.16,,,,,,,,53,3,Sinker,7,7,7,7,7,7,7,7,Standard,Standard,224,0.0,-0.059,,,,0.059,,0,0,0.469,0.531,35,26,35,26,1,3,3,1,3,1,1.73,1.26,1.26,29.7
KC,2023-07-26,88.1,-1.77,5.6,"Kelly, Joe",663538,523260,,ball,,,,,13,Nico Hoerner walks.   Miles Mastrobuoni scores.    Yan Gomes to 3rd.    Mike Tauchman to 2nd.,R,R,R,CWS,CHC,B,,,1,0,2023,0.65,-0.92,-1.12,2.21,670156,543228,643565,2,5,Top,,,,,,,0.2359567679042684,-128.4494351423875,-0.3170104112165488,7.242041734116213,23.65977937689053,-42.576431814470375,3.21,1.52,,,,88.2,2846,6.0,717240,664874,683734,669394,660162,641313,643217,673357,693049,54.49,,,,,,,,53,2,Knuckle Curve,7,7,7,7,7,7,7,7,Standard,Standard,48,0.0,0.058,,,,-0.058,,0,0,0.469,0.531,35,26,35,26,1,3,3,1,3,1,3.82,-0.65,-0.65,35.0
KC,2023-07-26,88.9,-1.77,5.59,"Kelly, Joe",663538,523260,,ball,,,,,13,Nico Hoerner walks.   Miles Mastrobuoni scores.    Yan Gomes to 3rd.    Mike Tauchman to 2nd.,R,R,R,CWS,CHC,B,,,0,0,2023,0.65,-1.2,-0.52,0.41,670156,543228,643565,2,5,Top,,,,,,,1.6956560192065788,-129.50543575277416,-4.164627232060602,6.973925180272075,26.903031410652947,-45.04761050513658,3.19,1.6,,,,88.8,3098,6.2,717240,664874,683734,669394,660162,641313,643217,673357,693049,54.33,,,,,,,,53,1,Knuckle Curve,7,7,7,7,7,7,7,7,Standard,Standard,48,0.0,0.035,,,,-0.035,,0,0,0.469,0.531,35,26,35,26,1,3,3,1,3,1,4.08,-0.65,-0.65,34.4
KC,2023-07-26,89.8,-1.87,5.55,"Kelly, Joe",643565,523260,walk,blocked_ball,,,,,13,Mike Tauchman walks.   Christopher Morel scores.    Miles Mastrobuoni to 3rd.    Yan Gomes to 2nd.,R,L,R,CWS,CHC,B,,,3,2,2023,0.34,-0.73,-1.35,1.2,666624,670156,543228,2,5,Top,,,,,,,0.5650281676957752,-130.9190386821904,-3.329352393721148,3.846978682681266,25.11658886618126,-40.13239560523197,3.44,1.65,,,,90.0,2880,6.1,717240,664874,683734,669394,660162,641313,643217,673357,693049,54.41,,0.695903,0.7,1,0,0,,52,7,Knuckle Curve,7,6,6,7,7,7,7,7,Standard,Standard,48,-0.139,0.326,,,,-0.326,,1,-1,0.608,0.392,35,32,35,33,1,3,3,1,3,1,3.52,-0.34,0.34,30.7
FF,2023-07-26,99.8,-1.81,5.29,"Kelly, Joe",643565,523260,,foul,,,,,14,Mike Tauchman walks.   Christopher Morel scores.    Miles Mastrobuoni to 3rd.    Yan Gomes to 2nd.,R,L,R,CWS,CHC,S,,,3,2,2023,-1.03,1.11,0.59,1.38,666624,670156,543228,2,5,Top,,,,,,,8.99148042962655,-144.9043667589538,-7.99887465608469,-16.474449009979107,31.41864239912328,-14.896066206064264,3.48,1.69,136,66.1,16,100.0,2273,6.4,717240,664874,683734,669394,660162,641313,643217,673357,693049,54.15,,,,,,,,52,6,4-Seam Fastball,7,6,6,7,6,7,6,7,Standard,Standard,231,0.0,0.0,64.4,6.6,,0.0,88.0,1,-1,0.608,0.392,35,32,35,33,1,3,3,1,3,1,1.18,1.03,-1.03,29.0
SI,2023-07-26,99.3,-1.68,5.29,"Kelly, Joe",643565,523260,,ball,,,,,14,Mike Tauchman walks.   Christopher Morel scores.    Miles Mastrobuoni to 3rd.    Yan Gomes to 2nd.,R,L,R,CWS,CHC,B,,,2,2,2023,-1.34,0.66,1.21,2.44,666624,670156,543228,2,5,Top,,,,,,,11.022803097999896,-144.3221260312482,-3.9668272571778154,-21.249464471467032,30.543828008339705,-22.15686508467662,3.44,1.69,,,,99.5,2169,6.3,717240,664874,683734,669394,660162,641313,643217,673357,693049,54.24,,,,,,,,52,5,Sinker,7,6,6,7,6,7,6,7,Standard,Standard,225,0.0,0.058,,,,-0.058,,1,-1,0.608,0.392,35,32,35,33,1,3,3,1,3,1,1.64,1.34,-1.34,30.0
KC,2023-07-26,88.9,-1.81,5.58,"Kelly, Joe",643565,523260,,blocked_ball,,,,,13,Mike Tauchman walks.   Christopher Morel scores.    Miles Mastrobuoni to 3rd.    Yan Gomes to 2nd.,R,L,R,CWS,CHC,B,,,1,2,2023,0.76,-1.06,-0.29,0.57,666624,670156,543228,2,5,Top,,,,,,,2.1291382891761352,-129.5089416706336,-4.052580462755873,8.177086380550525,26.32130095055037,-43.487377761661136,3.45,1.65,,,,88.8,2996,6.1,717240,664874,683734,669394,660162,641313,643217,673357,693049,54.4,,,,,,,,52,4,Knuckle Curve,7,6,6,7,6,7,6,7,Standard,Standard,39,0.0,0.051,,,,-0.051,,1,-1,0.608,0.392,35,32,35,33,1,3,3,1,3,1,3.93,-0.76,0.76,28.3
FF,2023-07-26,100.2,-1.79,5.3,"Kelly, Joe",643565,523260,,ball,,,,,14,Mike Tauchman walks.   Christopher Morel scores.    Miles Mastrobuoni to 3rd.    Yan Gomes to 2nd.,R,L,R,CWS,CHC,B,,,0,2,2023,-0.82,0.97,1.69,2.55,666624,670156,543228,2,5,Top,,,,,,,11.529251199479004,-145.40911175980705,-4.516561074455103,-14.367566495589058,33.56903971055528,-17.513910408898983,3.49,1.71,,,,100.0,2184,6.3,717240,664874,683734,669394,660162,641313,643217,673357,693049,54.2,,,,,,,,52,3,4-Seam Fastball,7,6,6,7,6,7,6,7,Standard,Standard,228,0.0,0.011,,,,-0.011,,1,-1,0.608,0.392,35,32,35,33,1,3,3,1,3,1,1.31,0.82,-0.82,27.0
SL,2023-07-26,90.8,-1.85,5.49,"Kelly, Joe",643565,523260,,foul,,,,,9,Mike Tauchman walks.   Christopher Morel scores.    Miles Mastrobuoni to 3rd.    Yan Gomes to 2nd.,R,L,R,CWS,CHC,S,,,0,1,2023,0.82,0.1,0.28,1.66,666624,670156,543228,2,5,Top,,,,,,,3.565628511428373,-132.1949780956469,-3.858692713913424,8.834053935548164,28.38366115304241,-30.40060840141226,3.48,1.69,,,,90.5,2808,6.1,717240,664874,683734,669394,660162,641313,643217,673357,693049,54.41,,,,,,,,52,2,Slider,7,6,6,7,6,7,6,7,Standard,Standard,57,0.0,-0.057,70.6,6.9,,0.057,,1,-1,0.608,0.392,35,32,35,33,1,3,3,1,3,1,2.66,-0.82,0.82,30.8
KC,2023-07-26,89.5,-1.86,5.59,"Kelly, Joe",643565,523260,,called_strike,,,,,7,Mike Tauchman walks.   Christopher Morel scores.    Miles Mastrobuoni to 3rd.    Yan Gomes to 2nd.,R,L,R,CWS,CHC,S,,,0,0,2023,0.59,-0.47,-0.29,1.71,666624,670156,543228,2,5,Top,,,,,,,2.62268169631778,-130.36454480785497,-2.6400370404453133,6.209789534491417,25.79435891752375,-37.184994676280446,3.58,1.73,,,,89.5,2815,6.1,717240,664874,683734,669394,660162,641313,643217,673357,693049,54.41,,,,,,,,52,1,Knuckle Curve,7,6,6,7,6,7,6,7,Standard,Standard,46,0.0,-0.047,,,,0.047,,1,-1,0.608,0.392,35,32,35,33,1,3,3,1,3,1,3.29,-0.59,0.59,34.0
CH,2023-07-26,87.8,-1.81,5.47,"Kelly, Joe",543228,523260,hit_by_pitch,hit_by_pitch,,,,,11,Yan Gomes hit by pitch.,R,R,R,CWS,CHC,B,,,2,2,2023,-1.23,0.38,-2.09,3.38,666624,670156,,2,5,Top,,,,,,,1.8560702967447271,-127.9908325356723,0.2145122395762699,-13.900463395633016,25.122940271545698,-28.21592205294908,3.25,1.53,,,,88.1,1842,6.3,717240,664874,683734,669394,660162,641313,643217,673357,693049,54.22,,0.726005,0.7,1,0,0,,51,8,Changeup,7,6,6,7,6,7,6,7,Standard,Standard,254,-0.021,0.206,,,,-0.206,,1,-1,0.629,0.371,35,35,35,36,1,0,3,1,3,1,2.55,1.23,1.23,31.8
SI,2023-07-26,98.3,-1.64,5.39,"Kelly, Joe",543228,523260,,foul,,,,,13,Yan Gomes hit by pitch.,R,R,R,CWS,CHC,S,,,2,2,2023,-1.27,0.6,-1.05,2.25,666624,670156,,2,5,Top,,,,,,,4.564049421880562,-143.1940037208231,-4.518695847376319,-18.580182202239655,29.510213123749757,-23.044294077835566,3.25,1.53,17,100.3,-7,98.9,2184,6.3,717240,664874,683734,669394,660162,641313,643217,673357,693049,54.17,,,,,,,,51,7,Sinker,7,6,6,7,6,7,6,7,Standard,Standard,230,0.0,0.0,61.3,7.5,,0.0,100.3,1,-1,0.629,0.371,35,35,35,36,1,0,3,1,3,1,1.73,1.27,1.27,32.8
FF,2023-07-26,98.5,-1.65,5.43,"Kelly, Joe",543228,523260,,ball,,,,,12,Yan Gomes hit by pitch.,R,R,R,CWS,CHC,B,,,1,2,2023,-0.59,1.17,0.9,3.54,666624,,670156,2,5,Top,,,,,,,8.283902944850682,-143.2947264746342,-2.4403242024114884,-9.88064956078808,29.43310895015158,-15.522992181745426,3.0,1.47,,,,99.0,2140,6.3,717240,664874,683734,669394,660162,641313,643217,673357,693049,54.16,,,,,,,,51,6,4-Seam Fastball,7,6,6,7,6,7,6,7,Standard,Standard,224,-0.015,0.023,,,,-0.023,,1,-1,0.644,0.356,35,35,35,36,1,0,3,1,3,1,1.15,0.59,0.59,33.1
FF,2023-07-26,99.9,-1.67,5.46,"Kelly, Joe",543228,523260,,foul,,,,,6,Yan Gomes hit by pitch.,R,R,R,CWS,CHC,S,,,1,2,2023,-0.76,1.19,0.34,2.22,666624,,670156,2,5,Top,,,,,,,7.340381292104564,-145.38023279824318,-6.437379656169965,-12.417246721655845,29.30150296445171,-13.975661749778473,3.25,1.53,261,79.3,40,100.7,2209,6.4,717240,664874,683734,669394,660162,641313,643217,673357,693049,54.09,,,,,,,,51,5,4-Seam Fastball,7,6,6,7,6,7,6,7,Standard,Standard,229,0.0,0.0,65.0,7.4,,0.0,88.0,1,-1,0.644,0.356,35,35,35,36,1,0,3,1,3,1,1.07,0.76,0.76,31.0
FF,2023-07-26,98.1,-1.61,5.43,"Kelly, Joe",543228,523260,,foul,,,,,1,Yan Gomes hit by pitch.,R,R,R,CWS,CHC,S,,,1,2,2023,-0.7,1.15,-0.32,2.76,666624,,670156,2,5,Top,,,,,,,5.104256478904825,-142.79675229695096,-4.451836855767086,-10.716303865820306,31.338045168796565,-15.620352922248587,3.25,1.53,196,73.2,53,98.5,2047,6.4,717240,664874,683734,669394,660162,641313,643217,673357,693049,54.13,,,,,,,,51,4,4-Seam Fastball,7,6,6,7,6,7,6,7,Standard,Standard,228,0.0,0.0,63.6,6.7,,0.0,88.0,1,-1,0.644,0.356,35,35,35,36,1,0,3,1,3,1,1.21,0.7,0.7,32.1
SI,2023-07-26,99.1,-1.8,5.32,"Kelly, Joe",543228,523260,,foul,,,,,2,Yan Gomes hit by pitch.,R,R,R,CWS,CHC,S,,,1,1,2023,-1.29,0.49,0.1,2.96,666624,,670156,2,5,Top,,,,,,,8.19166424978413,-144.201836320157,-2.231389713322008,-19.8808900796953,29.991448785880294,-25.051191533375015,3.25,1.53,195,91.8,11,99.5,2149,6.3,717240,664874,683734,669394,660162,641313,643217,673357,693049,54.21,,,,,,,,51,3,Sinker,7,6,6,7,6,7,6,7,Standard,Standard,225,0.0,-0.074,51.1,6.2,,0.074,91.8,1,-1,0.644,0.356,35,35,35,36,1,0,3,1,3,1,1.82,1.29,1.29,30.0
SI,2023-07-26,99.1,-1.74,5.33,"Kelly, Joe",543228,523260,,called_strike,,,,,8,Yan Gomes hit by pitch.,R,R,R,CWS,CHC,S,,,1,0,2023,-1.4,0.54,-0.07,1.77,666624,,670156,2,5,Top,,,,,,,7.827728348144876,-144.20561986703686,-5.627427915935256,-21.265609253888012,30.872454986460692,-23.537422398930403,3.28,1.54,,,,99.5,2171,6.3,717240,664874,683734,669394,660162,641313,643217,673357,693049,54.16,,,,,,,,51,2,Sinker,7,6,6,7,6,7,6,7,Standard,Standard,230,0.0,-0.055,,,,0.055,,1,-1,0.644,0.356,35,35,35,36,1,0,3,1,3,1,1.77,1.4,1.4,25.9
SI,2023-07-26,99.7,-1.83,5.38,"Kelly, Joe",543228,523260,,ball,,,,,11,Yan Gomes hit by pitch.,R,R,R,CWS,CHC,B,,,0,0,2023,-1.31,0.49,-1.42,2.43,666624,,670156,2,5,Top,,,,,,,4.19415751533981,-145.3162002841279,-3.982019514449711,-19.567071674707904,30.407197731076963,-24.4822252878916,3.21,1.5,,,,100.3,2133,6.3,717240,664874,683734,669394,660162,641313,643217,673357,693049,54.23,,,,,,,,51,1,Sinker,7,6,6,7,6,7,6,7,Standard,Standard,228,0.0,0.042,,,,-0.042,,1,-1,0.644,0.356,35,35,35,36,1,0,3,1,3,1,1.77,1.31,1.31,28.0
KC,2023-07-26,89.7,-1.92,5.54,"Kelly, Joe",670156,523260,strikeout,swinging_strike,,,,,13,Miles Mastrobuoni strikes out swinging.   Seiya Suzuki scores.    Christopher Morel to 3rd.    Miles Mastrobuoni to 1st.  Wild pitch by pitcher Joe Kelly.,R,L,R,CWS,CHC,S,,,2,2,2023,0.55,-0.85,-0.75,0.43,673548,666624,,2,5,Top,,,,,,,1.7353547728914025,-130.6227650370884,-4.892545721215987,5.925905491123304,26.445465875363684,-41.09932971446491,2.85,1.41,,,,89.6,3028,6.1,717240,664874,683734,669394,660162,641313,643217,673357,693049,54.42,,0.0,0.7,1,0,0,,50,6,Knuckle Curve,7,5,5,7,6,7,6,7,Standard,Standard,45,-0.101,0.76,63.8,7.7,,-0.76,,2,-2,0.745,0.255,35,27,35,28,1,2,3,1,3,1,3.67,-0.55,0.55,37.6
KC,2023-07-26,89.4,-2.06,5.61,"Kelly, Joe",670156,523260,,foul,,,,,11,Miles Mastrobuoni strikes out swinging.   Seiya Suzuki scores.    Christopher Morel to 3rd.    Miles Mastrobuoni to 1st.  Wild pitch by pitcher Joe Kelly.,R,L,R,CWS,CHC,S,,,2,2,2023,0.63,-0.75,-0.96,2.77,673548,666624,,2,5,Top,,,,,,,1.3734320562563,-130.35606238286883,0.476406160601623,7.006880482882274,23.615618483564106,-41.08105081402138,2.85,1.41,2,74.3,-47,89.3,2972,5.8,717240,664874,683734,669394,660162,641313,643217,673357,693049,54.67,,,,,,,,50,5,Knuckle Curve,7,5,5,7,5,7,5,7,Standard,Standard,46,0.0,0.0,58.5,5.1,,0.0,88.0,2,-2,0.745,0.255,35,27,35,28,1,2,3,1,3,1,3.56,-0.63,0.63,33.5
KC,2023-07-26,89.9,-2.01,5.53,"Kelly, Joe",670156,523260,,ball,,,,,14,Miles Mastrobuoni strikes out swinging.   Seiya Suzuki scores.    Christopher Morel to 3rd.    Miles Mastrobuoni to 1st.  Wild pitch by pitcher Joe Kelly.,R,L,R,CWS,CHC,B,,,1,2,2023,0.59,-0.87,1.04,-0.07,673548,,666624,2,5,Top,,,,,,,6.260747784218074,-130.6908867759546,-6.026741745707039,5.418282462452774,28.675845605719083,-40.961653601440034,2.71,1.41,,,,89.5,3052,6.2,717240,664874,683734,669394,660162,641313,643217,673357,693049,54.32,,,,,,,,50,4,Knuckle Curve,7,5,5,7,5,7,5,7,Standard,Strategic,33,-0.015,0.023,,,,-0.023,,2,-2,0.76,0.24,35,27,35,28,1,2,3,1,3,1,3.7,-0.59,0.59,32.5
KC,2023-07-26,90.0,-1.83,5.64,"Kelly, Joe",670156,523260,,called_strike,,,,,4,Miles Mastrobuoni strikes out swinging.   Seiya Suzuki scores.    Christopher Morel to 3rd.    Miles Mastrobuoni to 1st.  Wild pitch by pitcher Joe Kelly.,R,L,R,CWS,CHC,S,,,1,1,2023,0.53,-0.52,-0.56,2.18,673548,,666624,2,5,Top,,,,,,,2.0200368892343525,-131.1421050898028,-1.5367360866737456,5.726574455725622,26.93698761512993,-38.11307855062905,2.82,1.34,,,,89.7,2986,6.0,717240,664874,683734,669394,660162,641313,643217,673357,693049,54.51,,,,,,,,50,3,Knuckle Curve,7,5,5,7,5,7,5,7,Standard,Standard,46,0.0,-0.074,,,,0.074,,2,-2,0.76,0.24,35,27,35,28,1,2,3,1,3,1,3.32,-0.53,0.53,35.5
KC,2023-07-26,88.8,-1.86,5.67,"Kelly, Joe",670156,523260,,ball,,,,,13,Miles Mastrobuoni strikes out swinging.   Seiya Suzuki scores.    Christopher Morel to 3rd.    Miles Mastrobuoni to 1st.  Wild pitch by pitcher Joe Kelly.,R,L,R,CWS,CHC,B,,,0,1,2023,0.23,-0.57,-0.1,0.86,673548,,666624,2,5,Top,,,,,,,3.81023923099978,-129.2964872104381,-4.551322221387806,1.8946915645699416,25.183557948833137,-37.9565753243709,2.87,1.39,,,,88.5,2917,5.9,717240,664874,683734,669394,660162,641313,643217,673357,693049,54.57,,,,,,,,50,2,Knuckle Curve,7,5,5,7,5,7,5,7,Standard,Standard,38,0.0,0.039,,,,-0.039,,2,-2,0.76,0.24,35,27,35,28,1,2,3,1,3,1,3.45,-0.23,0.23,30.8
KC,2023-07-26,88.5,-1.95,5.74,"Kelly, Joe",670156,523260,,called_strike,,,,,2,Miles Mastrobuoni strikes out swinging.   Seiya Suzuki scores.    Christopher Morel to 3rd.    Miles Mastrobuoni to 1st.  Wild pitch by pitcher Joe Kelly.,R,L,R,CWS,CHC,S,,,0,0,2023,0.15,-0.53,-0.05,2.9,673548,,666624,2,5,Top,,,,,,,4.325144974932162,-128.95339790338898,0.1874119363294075,0.835041367006106,24.73284359061161,-38.37126341433022,2.81,1.47,,,,88.3,2868,5.9,717240,664874,683734,669394,660162,641313,643217,673357,693049,54.58,,,,,,,,50,1,Knuckle Curve,7,5,5,7,5,7,5,7,Standard,Standard,41,0.0,-0.052,,,,0.052,,2,-2,0.76,0.24,35,27,35,28,1,2,3,1,3,1,3.42,-0.15,0.15,35.1
FF,2023-07-23,99.7,-1.6,5.25,"Kelly, Joe",572191,523260,strikeout,called_strike,,,,,8,Michael A. Taylor called out on strikes.,R,R,R,MIN,CWS,S,2,,2,2,2023,-0.9,1.31,0.27,1.94,,670242,,2,6,Bot,,,,,,,7.291928357536532,-144.92548186039667,-6.778783319425273,-14.409791072158765,36.06496997435787,-12.363526699616616,3.48,1.68,,,,100.1,2371,6.7,717285,664874,518735,621545,669394,641313,643217,673357,693049,53.78,,0.0,0.0,1,0,0,,49,5,4-Seam Fastball,0,3,0,3,3,0,0,3,Standard,Standard,229,-0.032,-0.218,,,,0.218,,-3,-3,0.13,0.13,35,32,35,32,1,2,19,1,3,2,1.0,0.9,0.9,30.0
FF,2023-07-23,99.2,-1.6,5.29,"Kelly, Joe",572191,523260,,ball,,,,,3,Michael A. Taylor called out on strikes.,R,R,R,MIN,CWS,B,,,1,2,2023,-0.87,1.05,0.55,3.49,,670242,,2,6,Bot,,,,,,,7.931240801798141,-144.20262779358933,-1.9525924588134504,-13.993766804169312,34.09427389362563,-17.22692246541388,3.48,1.65,,,,99.5,2361,6.6,717285,664874,518735,621545,669394,641313,643217,673357,693049,53.93,,,,,,,,49,4,4-Seam Fastball,0,3,0,3,3,0,0,3,Standard,Standard,227,0.0,0.015,,,,-0.015,,-3,-3,0.13,0.13,35,32,35,32,1,2,19,1,3,2,1.27,0.87,0.87,27.4
SL,2023-07-23,91.3,-1.76,5.58,"Kelly, Joe",572191,523260,,called_strike,,,,,3,Michael A. Taylor called out on strikes.,R,R,R,MIN,CWS,S,,,1,1,2023,0.99,0.02,0.6,3.33,,670242,,2,6,Bot,,,,,,,3.7684465035306047,-132.9680338309728,0.1446441075684673,10.979047358167788,28.665076549819872,-32.15088346231458,3.42,1.5,,,,90.5,2966,5.8,717285,664874,518735,621545,669394,641313,643217,673357,693049,54.7,,,,,,,,49,3,Slider,0,3,0,3,3,0,0,3,Standard,Standard,43,0.0,-0.064,,,,0.064,,-3,-3,0.13,0.13,35,32,35,32,1,2,19,1,3,2,2.71,-0.99,-0.99,34.2
SL,2023-07-23,92.3,-1.67,5.52,"Kelly, Joe",572191,523260,,ball,,,,,14,Michael A. Taylor called out on strikes.,R,R,R,MIN,CWS,B,,,0,1,2023,0.44,0.05,1.21,2.08,,670242,,2,6,Bot,,,,,,,6.328803288951867,-134.20166531113375,-2.9494402095658527,3.751814966809789,31.57098237790006,-31.105492538481013,3.42,1.59,,,,91.3,2877,5.9,717285,664874,518735,621545,669394,641313,643217,673357,693049,54.58,,,,,,,,49,2,Slider,0,3,0,3,3,0,0,3,Standard,Standard,37,0.0,0.02,,,,-0.02,,-3,-3,0.13,0.13,35,32,35,32,1,2,19,1,3,2,2.65,-0.44,-0.44,34.8
SL,2023-07-23,90.9,-1.73,5.52,"Kelly, Joe",572191,523260,,called_strike,,,,,5,Michael A. Taylor called out on strikes.,R,R,R,MIN,CWS,S,,,0,0,2023,1.01,-0.09,0.27,2.4,,670242,,2,6,Bot,,,,,,,2.833395950977988,-132.40583542647505,-1.705749175791026,11.20358420196591,29.435325798377217,-33.09656964918672,3.24,1.36,,,,90.1,2833,5.8,717285,664874,518735,621545,669394,641313,643217,673357,693049,54.66,,,,,,,,49,1,Slider,0,3,0,3,3,0,0,3,Standard,Standard,44,0.0,-0.046,,,,0.046,,-3,-3,0.13,0.13,35,32,35,32,1,2,19,1,3,2,2.85,-1.01,-1.01,33.9
FF,2023-07-23,100.0,-1.61,5.38,"Kelly, Joe",680777,523260,strikeout,called_strike,,,,,2,Ryan Jeffers called out on strikes.,R,R,R,MIN,CWS,S,2,,0,2,2023,-0.84,1.22,0.27,3.27,,670242,,1,6,Bot,,,,,,,7.156623085207797,-145.4616283182075,-3.263059913789254,-13.644102006899423,36.350430543231695,-14.393828272653405,3.32,1.46,,,,100.0,2265,6.4,717285,664874,518735,621545,669394,641313,643217,673357,693049,54.05,,0.0,0.0,1,0,0,,48,4,4-Seam Fastball,0,3,0,3,3,0,0,3,Standard,Standard,225,-0.039,-0.19,,,,0.19,,-3,-3,0.169,0.169,35,26,35,26,1,2,19,2,3,1,1.08,0.84,0.84,30.3
FF,2023-07-23,98.9,-1.58,5.38,"Kelly, Joe",680777,523260,,foul,,,,,4,Ryan Jeffers called out on strikes.,R,R,R,MIN,CWS,S,,,0,2,2023,-0.8,1.17,-0.29,2.74,,670242,,1,6,Bot,,,,,,,5.368684669586887,-143.9988929278051,-4.561838002812002,-12.28112053270038,30.18969606758224,-14.98455474425742,3.33,1.64,214,72.0,29,99.2,2261,6.2,717285,664874,518735,621545,669394,641313,643217,673357,693049,54.29,,,,,,,,48,3,4-Seam Fastball,0,3,0,3,3,0,0,3,Standard,Standard,226,0.0,0.0,65.8,6.0,,0.0,88.0,-3,-3,0.169,0.169,35,26,35,26,1,2,19,2,3,1,1.14,0.8,0.8,36.9
KC,2023-07-23,89.5,-1.67,5.65,"Kelly, Joe",680777,523260,,called_strike,,,,,1,Ryan Jeffers called out on strikes.,R,R,R,MIN,CWS,S,,,0,1,2023,0.15,-0.72,-0.29,3.07,,670242,,1,6,Bot,,,,,,,3.044488512236324,-130.48207102269905,1.0263660087384991,1.231505316025205,23.45782242866476,-40.87019256428656,3.24,1.47,,,,89.5,2885,5.8,717285,664874,518735,621545,669394,641313,643217,673357,693049,54.67,,,,,,,,48,2,Knuckle Curve,0,3,0,3,3,0,0,3,Standard,Standard,41,0.0,-0.069,,,,0.069,,-3,-3,0.169,0.169,35,26,35,26,1,2,19,2,3,1,3.52,-0.15,-0.15,36.9
KC,2023-07-23,89.1,-1.83,5.56,"Kelly, Joe",680777,523260,,swinging_strike_blocked,,,,,14,Ryan Jeffers called out on strikes.,R,R,R,MIN,CWS,S,,,0,0,2023,0.22,-0.81,0.37,0.59,,670242,,1,6,Bot,,,,,,,4.8966655259670535,-129.79278648076723,-4.491399065640968,1.5429918455235536,25.916517020444676,-40.64806208300238,3.33,1.64,,,,88.6,2937,5.8,717285,664874,518735,621545,669394,641313,643217,673357,693049,54.68,,,,,,,,48,1,Knuckle Curve,0,3,0,3,3,0,0,3,Standard,Standard,38,0.0,-0.038,71.0,8.9,,0.038,,-3,-3,0.169,0.169,35,26,35,26,1,2,19,2,3,1,3.66,-0.22,-0.22,36.2
SI,2023-07-23,98.4,-1.67,5.32,"Kelly, Joe",670242,523260,double,hit_into_play,,,,,8,Matt Wallner doubles (2) on a sharp line drive to center fielder Luis Robert Jr.,R,L,R,MIN,CWS,X,8,line_drive,3,1,2023,-1.21,0.9,-0.02,2.31,,,,1,6,Bot,155.31,39.66,,,,,7.234953082633202,-143.2253955244385,-4.821521917593774,-18.297976062840576,30.753986217959536,-18.87112752154007,3.74,1.84,399,113.2,18,98.4,2217,6.1,717285,664874,518735,621545,669394,641313,643217,673357,693049,54.39,0.851,1.272,1.25,1,1,1,6,47,5,Sinker,0,3,0,3,3,0,0,3,Strategic,Standard,229,0.044,0.497,81.4,7.6,2.232,-0.497,113.2,-3,-3,0.125,0.125,35,25,35,26,1,2,19,1,3,1,1.44,1.21,-1.21,27.2
SL,2023-07-23,92.0,-1.77,5.59,"Kelly, Joe",670242,523260,,ball,,,,,14,Matt Wallner doubles (2) on a sharp line drive to center fielder Luis Robert Jr.,R,L,R,MIN,CWS,B,,,2,1,2023,0.34,0.09,2.08,1.14,,,,1,6,Bot,,,,,,,8.98967457860674,-133.6037005782034,-5.625366896815092,2.171276160691717,29.041482317791367,-30.09661551246212,3.8,1.79,,,,91.9,2888,6.4,717285,664874,518735,621545,669394,641313,643217,673357,693049,54.15,,,,,,,,47,4,Slider,0,3,0,3,3,0,0,3,Strategic,Standard,23,0.0,0.122,,,,-0.122,,-3,-3,0.125,0.125,35,25,35,26,1,2,19,1,3,1,2.62,-0.34,0.34,33.7
KC,2023-07-23,89.2,-1.59,5.72,"Kelly, Joe",670242,523260,,ball,,,,,14,Matt Wallner doubles (2) on a sharp line drive to center fielder Luis Robert Jr.,R,L,R,MIN,CWS,B,,,1,1,2023,0.17,-0.76,0.39,-0.28,,,,1,6,Bot,,,,,,,4.493853714287586,-129.90739849614104,-7.209940578071446,1.0890645817039235,23.99596244377986,-39.73737004980018,3.74,1.82,,,,89.5,2961,6.2,717285,664874,518735,621545,669394,641313,643217,673357,693049,54.33,,,,,,,,47,3,Knuckle Curve,0,3,0,3,3,0,0,3,Strategic,Standard,40,0.0,0.054,,,,-0.054,,-3,-3,0.125,0.125,35,25,35,26,1,2,19,1,3,1,3.6,-0.17,0.17,42.6
KC,2023-07-23,90.5,-1.7,5.71,"Kelly, Joe",670242,523260,,ball,,,,,14,Matt Wallner doubles (2) on a sharp line drive to center fielder Luis Robert Jr.,R,L,R,MIN,CWS,B,,,0,1,2023,0.43,-0.82,1.37,0.73,,,,1,6,Bot,,,,,,,6.686958227871536,-131.6840887034437,-4.750232659195589,3.7288053310132967,26.544435512609613,-40.92258080732306,3.68,1.76,,,,90.1,3163,5.9,717285,664874,518735,621545,669394,641313,643217,673357,693049,54.59,,,,,,,,47,2,Knuckle Curve,0,3,0,3,3,0,0,3,Strategic,Standard,32,0.0,0.03,,,,-0.03,,-3,-3,0.125,0.125,35,25,35,26,1,2,19,1,3,1,3.59,-0.43,0.43,37.3
FF,2023-07-23,99.8,-1.75,5.35,"Kelly, Joe",670242,523260,,called_strike,,,,,6,Matt Wallner doubles (2) on a sharp line drive to center fielder Luis Robert Jr.,R,L,R,MIN,CWS,S,,,0,0,2023,-1.11,1.04,0.5,2.58,,,,1,6,Bot,,,,,,,8.83391187089742,-145.10090332114345,-4.723232183720443,-17.740397313882045,33.18831446593086,-16.499549520498984,3.74,1.76,,,,100.2,2347,6.5,717285,664874,518735,621545,669394,641313,643217,673357,693049,54.0,,,,,,,,47,1,4-Seam Fastball,0,3,0,3,3,0,0,3,Strategic,Standard,229,0.0,-0.041,,,,0.041,,-3,-3,0.125,0.125,35,25,35,26,1,2,19,1,3,1,1.25,1.11,-1.11,29.1
FF,2023-07-23,99.9,-1.68,5.41,"Kelly, Joe",621439,523260,strikeout,swinging_strike,,,,,4,Byron Buxton strikes out swinging.,R,R,R,MIN,CWS,S,2,,1,2,2023,-1.12,1.19,-0.4,2.76,,,,0,6,Bot,,,,,,,6.155218441975154,-145.27780865356195,-4.708176947412882,-17.293252878850552,35.09927359631389,-14.47517740155419,3.37,1.5,,,,99.9,2369,6.4,717285,664874,518735,621545,669394,641313,643217,673357,693049,54.13,,0.0,0.0,1,0,0,,46,4,4-Seam Fastball,0,3,0,3,3,0,0,3,Standard,Standard,226,-0.026,-0.193,71.7,6.6,,0.193,,-3,-3,0.151,0.151,35,29,35,30,1,2,19,1,3,5,1.11,1.12,1.12,30.5
SL,2023-07-23,90.4,-1.8,5.82,"Kelly, Joe",621439,523260,,called_strike,,,,,1,Byron Buxton strikes out swinging.,R,R,R,MIN,CWS,S,,,1,1,2023,0.67,-0.05,-0.3,3.22,,,,0,6,Bot,,,,,,,2.291303844707792,-131.6894434900174,-0.4780394315526511,7.360725874526149,26.867527074928702,-32.86601256413689,3.33,1.39,,,,89.6,2945,5.6,717285,664874,518735,621545,669394,641313,643217,673357,693049,54.88,,,,,,,,46,3,Slider,0,3,0,3,3,0,0,3,Standard,Standard,39,0.0,-0.061,,,,0.061,,-3,-3,0.151,0.151,35,29,35,30,1,2,19,1,3,5,2.82,-0.67,-0.67,36.6
SI,2023-07-23,99.3,-1.6,5.33,"Kelly, Joe",621439,523260,,ball,,,,,14,Byron Buxton strikes out swinging.,R,R,R,MIN,CWS,B,,,0,1,2023,-1.32,0.88,1.76,1.66,,,,0,6,Bot,,,,,,,12.266744596421184,-144.10571053287643,-6.7119046784896685,-21.15407545551536,30.885653097320297,-18.500660312291416,3.42,1.45,,,,99.5,2340,6.4,717285,664874,518735,621545,669394,641313,643217,673357,693049,54.15,,,,,,,,46,2,Sinker,0,3,0,3,3,0,0,3,Standard,Standard,231,0.0,0.031,,,,-0.031,,-3,-3,0.151,0.151,35,29,35,30,1,2,19,1,3,5,1.43,1.32,1.32,28.2
SI,2023-07-23,98.3,-1.79,5.43,"Kelly, Joe",621439,523260,,called_strike,,,,,2,Byron Buxton strikes out swinging.,R,R,R,MIN,CWS,S,,,0,0,2023,-1.31,0.84,-0.02,3.06,,,,0,6,Bot,,,,,,,7.8220836372771005,-143.0106132671184,-2.9103599721503466,-19.73027885854774,31.43072819781813,-20.14571145205687,3.36,1.5,,,,98.6,2308,6.3,717285,664874,518735,621545,669394,641313,643217,673357,693049,54.16,,,,,,,,46,1,Sinker,0,3,0,3,3,0,0,3,Standard,Standard,233,0.0,-0.042,,,,0.042,,-3,-3,0.151,0.151,35,29,35,30,1,2,19,1,3,5,1.51,1.31,1.31,29.7
SL,2023-07-04,92.7,-2.01,5.16,"Kelly, Joe",593160,523260,strikeout,swinging_strike,,,,,13,Whit Merrifield strikes out swinging.,R,R,R,CWS,TOR,S,2,,1,2,2023,0.3,-0.16,-0.33,1.13,,,,2,8,Top,,,,,,,3.6010615379568147,-134.983041972871,-4.182763506626879,2.9186969035289705,27.755206130650016,-33.42317005985364,3.28,1.56,,,,92.3,2849,5.9,717496,664874,683734,621545,669394,641313,643217,673357,693049,54.6,,0.0,0.0,1,0,0,,62,4,Slider,3,4,4,3,4,3,4,3,Standard,Standard,35,0.012,-0.191,,,,0.191,,-1,1,0.285,0.715,35,34,35,34,1,3,3,2,19,2,2.79,-0.3,-0.3,26.1
SI,2023-07-04,100.3,-1.69,5.23,"Kelly, Joe",593160,523260,,called_strike,,,,,8,Whit Merrifield strikes out swinging.,R,R,R,CWS,TOR,S,,,1,1,2023,-1.27,0.74,0.07,1.88,,,,2,8,Top,,,,,,,7.857310547918462,-145.83289961905805,-5.687968213133938,-20.00787961866278,32.0356641672502,-20.446254101364342,3.11,1.46,,,,100.5,2148,6.3,717496,664874,683734,621545,669394,641313,643217,673357,693049,54.18,,,,,,,,62,3,Sinker,3,4,4,3,4,3,4,3,Standard,Standard,227,0.0,-0.069,,,,0.069,,-1,1,0.285,0.715,35,34,35,34,1,3,3,2,19,2,1.52,1.27,1.27,29.5
SI,2023-07-04,99.9,-1.8,5.19,"Kelly, Joe",593160,523260,,called_strike,,,,,3,Whit Merrifield strikes out swinging.,R,R,R,CWS,TOR,S,,,1,0,2023,-1.28,0.58,0.65,3.16,,,,2,8,Top,,,,,,,9.754059498387786,-145.3162913476191,-1.5999405314496389,-20.39168580026846,30.797816194598145,-23.76314305445217,3.24,1.5,,,,100.3,2103,6.3,717496,664874,683734,621545,669394,641313,643217,673357,693049,54.2,,,,,,,,62,2,Sinker,3,4,4,3,4,3,4,3,Standard,Standard,230,0.0,-0.056,,,,0.056,,-1,1,0.285,0.715,35,34,35,34,1,3,3,2,19,2,1.69,1.28,1.28,25.6
SL,2023-07-04,93.5,-1.88,5.29,"Kelly, Joe",593160,523260,,ball,,,,,14,Whit Merrifield strikes out swinging.,R,R,R,CWS,TOR,B,,,0,0,2023,0.2,-0.12,0.2,1.09,,,,2,8,Top,,,,,,,4.8770044782140545,-136.12886588564265,-4.809818854061413,1.4785273281847071,29.711806585925885,-32.786521195858654,3.07,1.46,,,,93.0,2864,5.9,717496,664874,683734,621545,669394,641313,643217,673357,693049,54.57,,,,,,,,62,1,Slider,3,4,4,3,4,3,4,3,Standard,Standard,18,0.0,0.043,,,,-0.043,,-1,1,0.285,0.715,35,34,35,34,1,3,3,2,19,2,2.72,-0.2,-0.2,27.2
KC,2023-07-04,91.4,-1.73,5.47,"Kelly, Joe",662139,523260,strikeout,swinging_strike,,,,,14,Daulton Varsho strikes out swinging.,R,L,R,CWS,TOR,S,2,,2,2,2023,0.71,-0.56,1.4,1.34,,,,1,8,Top,,,,,,,6.332280351463494,-133.07336705230856,-3.3400146718346955,7.101103029917591,27.683557750472183,-38.31760077935945,3.25,1.49,,,,91.1,2946,6.0,717496,664874,683734,621545,669394,641313,643217,673357,693049,54.49,,0.0,0.0,1,0,0,,61,7,Knuckle Curve,3,4,4,3,4,3,4,3,Strategic,Standard,38,0.016,-0.234,,,,0.234,,-1,1,0.269,0.731,35,26,35,27,1,3,3,2,19,2,3.28,-0.71,0.71,37.6
SL,2023-07-04,91.5,-1.81,5.46,"Kelly, Joe",662139,523260,,ball,,,,,14,Daulton Varsho strikes out swinging.,R,L,R,CWS,TOR,B,,,1,2,2023,1.31,-0.41,1.04,-0.06,,,,1,8,Top,,,,,,,4.354442533552101,-133.16439472920447,-7.148782835420834,14.6498199748163,28.58146260042395,-35.75658937543973,3.1,1.41,,,,91.2,2797,6.1,717496,664874,683734,621545,669394,641313,643217,673357,693049,54.38,,,,,,,,61,6,Slider,3,4,4,3,4,3,4,3,Strategic,Standard,35,0.0,0.045,,,,-0.045,,-1,1,0.269,0.731,35,26,35,27,1,3,3,2,19,2,3.13,-1.31,1.31,33.7
CH,2023-07-04,89.2,-1.79,5.39,"Kelly, Joe",662139,523260,,foul,,,,,8,Daulton Varsho strikes out swinging.,R,L,R,CWS,TOR,S,,,1,2,2023,-1.46,0.56,-0.2,1.76,,,,1,8,Top,,,,,,,6.988022785308897,-129.64804783311226,-4.066953485068784,-17.893606307140693,27.143619458060456,-25.17992507890097,3.25,1.49,262,83.1,25,89.2,1957,6.4,717496,664874,683734,621545,669394,641313,643217,673357,693049,54.14,,,,,,,,61,5,Changeup,3,4,4,3,4,3,4,3,Strategic,Standard,254,0.0,0.0,,,,0.0,88.0,-1,1,0.269,0.731,35,26,35,27,1,3,3,2,19,2,2.31,1.46,-1.46,30.1
KC,2023-07-04,89.4,-1.7,5.63,"Kelly, Joe",662139,523260,,foul,,,,,14,Daulton Varsho strikes out swinging.,R,L,R,CWS,TOR,S,,,1,2,2023,0.33,-0.67,0.39,1.05,,,,1,8,Top,,,,,,,4.441132093862621,-130.2252777600619,-3.9073152361802057,2.932684907160483,25.504843587922007,-39.26657860689727,3.21,1.45,70,37.3,28,89.4,3031,6.1,717496,664874,683734,621545,669394,641313,643217,673357,693049,54.41,,,,,,,,61,4,Knuckle Curve,3,4,4,3,4,3,4,3,Strategic,Standard,32,0.0,0.0,,,,0.0,88.0,-1,1,0.269,0.731,35,26,35,27,1,3,3,2,19,2,3.5,-0.33,0.33,37.9
FF,2023-07-04,99.3,-1.74,5.24,"Kelly, Joe",662139,523260,,ball,,,,,11,Daulton Varsho strikes out swinging.,R,L,R,CWS,TOR,B,,,0,2,2023,-0.76,0.81,-0.98,3.82,,,,1,8,Top,,,,,,,3.847720434346182,-144.75986773549212,-0.4499551861605973,-11.563193504071275,30.6423522758832,-20.816827990599503,3.1,1.41,,,,99.7,2245,6.2,717496,664874,683734,621545,669394,641313,643217,673357,693049,54.29,,,,,,,,61,3,4-Seam Fastball,3,4,4,3,4,3,4,3,Standard,Standard,231,0.0,0.019,,,,-0.019,,-1,1,0.269,0.731,35,26,35,27,1,3,3,2,19,2,1.48,0.76,-0.76,27.9
FF,2023-07-04,98.8,-1.76,5.13,"Kelly, Joe",662139,523260,,called_strike,,,,,9,Daulton Varsho strikes out swinging.,R,L,R,CWS,TOR,S,,,0,1,2023,-1.0,0.86,0.34,1.76,,,,1,8,Top,,,,,,,8.056501983491927,-143.7755524216194,-5.8101788320146,-15.686335061613566,29.642105271318105,-19.110431998767037,3.17,1.34,,,,99.4,2207,6.4,717496,664874,683734,621545,669394,641313,643217,673357,693049,54.12,,,,,,,,61,2,4-Seam Fastball,3,4,4,3,4,3,4,3,Standard,Standard,233,0.0,-0.057,,,,0.057,,-1,1,0.269,0.731,35,26,35,27,1,3,3,2,19,2,1.46,1.0,-1.0,25.0
KC,2023-07-04,90.0,-1.65,5.57,"Kelly, Joe",662139,523260,,called_strike,,,,,9,Daulton Varsho strikes out swinging.,R,L,R,CWS,TOR,S,,,0,0,2023,0.36,-0.83,0.49,1.88,,,,1,8,Top,,,,,,,4.532062538041107,-131.11120772944574,-1.5018855753660008,3.345609477362508,25.67061198944367,-41.714416506805314,3.15,1.41,,,,90.1,2963,6.1,717496,664874,683734,621545,669394,641313,643217,673357,693049,54.36,,,,,,,,61,1,Knuckle Curve,3,4,4,3,4,3,4,3,Standard,Standard,43,0.0,-0.041,,,,0.041,,-1,1,0.269,0.731,35,26,35,27,1,3,3,2,19,2,3.62,-0.36,0.36,38.6
CH,2023-07-04,88.4,-1.61,5.35,"Kelly, Joe",656305,523260,field_out,hit_into_play,,,,,9,Matt Chapman lines out sharply to third baseman Jake Burger.,R,R,R,CWS,TOR,X,5,line_drive,2,2,2023,-1.36,0.53,0.36,2.18,,,,0,8,Top,83.36,148.75,,,,,7.640521528565131,-128.6726305856314,-2.855940914843554,-16.62724655563523,22.195621882801383,-25.866410723639408,3.47,1.65,167,102.1,8,89.1,1932,6.3,717496,664874,683734,621545,669394,641313,643217,673357,693049,54.19,0.697,0.646,0.0,1,0,0,4,60,5,Changeup,3,4,4,3,4,3,4,3,Standard,Standard,256,0.022,-0.239,,,0.784,0.239,102.1,-1,1,0.247,0.753,35,30,35,30,1,3,3,2,19,2,2.34,1.36,1.36,28.9
SI,2023-07-04,100.6,-1.64,5.33,"Kelly, Joe",656305,523260,,ball,,,,,11,Matt Chapman lines out sharply to third baseman Jake Burger.,R,R,R,CWS,TOR,B,,,1,2,2023,-1.33,0.53,-0.81,3.65,,,,0,8,Top,,,,,,,5.462456955509644,-146.52486408897042,-0.6425779097595312,-20.477742999281546,30.611518749164578,-24.511738149270904,3.37,1.55,,,,101.2,2196,6.3,717496,664874,683734,621545,669394,641313,643217,673357,693049,54.17,,,,,,,,60,4,Sinker,3,4,4,3,4,3,4,3,Standard,Standard,227,0.0,0.046,,,,-0.046,,-1,1,0.247,0.753,35,30,35,30,1,3,3,2,19,2,1.7,1.33,1.33,32.2
SI,2023-07-04,99.6,-1.98,5.24,"Kelly, Joe",656305,523260,,ball,,,,,11,Matt Chapman lines out sharply to third baseman Jake Burger.,R,R,R,CWS,TOR,B,,,0,2,2023,-1.37,0.59,-1.5,3.12,,,,0,8,Top,,,,,,,4.501544500574498,-145.16103747590108,-1.877172905007903,-20.416423750948585,30.29053907193689,-23.52251208804609,3.37,1.55,,,,100.0,2150,6.2,717496,664874,683734,621545,669394,641313,643217,673357,693049,54.32,,,,,,,,60,3,Sinker,3,4,4,3,4,3,4,3,Standard,Standard,230,0.0,0.024,,,,-0.024,,-1,1,0.247,0.753,35,30,35,30,1,3,3,2,19,2,1.68,1.37,1.37,28.3
SI,2023-07-04,99.8,-1.69,5.26,"Kelly, Joe",656305,523260,,called_strike,,,,,11,Matt Chapman lines out sharply to third baseman Jake Burger.,R,R,R,CWS,TOR,S,,,0,1,2023,-1.42,0.5,-0.32,3.58,,,,0,8,Top,,,,,,,7.097431787715659,-145.24755687289525,-0.4744348651433241,-21.732038483204526,30.415677808973,-25.165588691161645,3.43,1.59,,,,100.4,2141,6.4,717496,664874,683734,621545,669394,641313,643217,673357,693049,54.1,,,,,,,,60,2,Sinker,3,4,4,3,4,3,4,3,Standard,Standard,229,0.0,-0.054,,,,0.054,,-1,1,0.247,0.753,35,30,35,30,1,3,3,2,19,2,1.77,1.42,1.42,27.5
SI,2023-07-04,100.5,-1.75,5.37,"Kelly, Joe",656305,523260,,foul,,,,,11,Matt Chapman lines out sharply to third baseman Jake Burger.,R,R,R,CWS,TOR,S,,,0,0,2023,-1.42,0.85,-1.41,4.02,,,,0,8,Top,,,,,,,4.27314007624083,-146.4069525810455,-0.4381912177487129,-21.380103637537616,33.65604071507216,-19.99036202436184,3.47,1.65,12,78.4,-17,100.5,2146,6.2,717496,664874,683734,621545,669394,641313,643217,673357,693049,54.32,,,,,,,,60,1,Sinker,3,4,4,3,4,3,4,3,Standard,Standard,229,0.0,-0.042,,,,0.042,88.0,-1,1,0.247,0.753,35,30,35,30,1,3,3,2,19,2,1.39,1.42,1.42,29.2
SL,2023-07-04,90.1,-1.82,5.62,"Kelly, Joe",665489,523260,home_run,hit_into_play,,,,,3,Vladimir Guerrero Jr.  homers (13) on a fly ball to right field.    Cavan Biggio scores.,R,R,R,CWS,TOR,X,,fly_ball,2,1,2023,1.17,-0.39,0.32,3.11,,,624415,0,8,Top,224.7,86.97,,,,,2.817581673023099,-131.15048054900126,0.61025068609627,12.86370803840776,29.44161628225653,-37.06596707413464,3.61,1.65,367,106.5,23,89.7,2915,6.2,717496,664874,683734,621545,669394,641313,643217,673357,693049,54.34,0.914,1.661,2.0,1,0,3,6,59,4,Slider,3,2,2,3,4,3,4,3,Standard,Standard,49,-0.418,1.031,,,3.189,-1.031,106.5,1,-1,0.665,0.335,35,24,35,24,1,3,3,2,19,2,3.21,-1.17,-1.17,35.7
SL,2023-07-04,90.4,-1.71,5.69,"Kelly, Joe",665489,523260,,called_strike,,,,,3,Vladimir Guerrero Jr.  homers (13) on a fly ball to right field.    Cavan Biggio scores.,R,R,R,CWS,TOR,S,,,2,0,2023,0.69,-0.09,0.31,3.44,,,624415,0,8,Top,,,,,,,3.534488637117938,-131.6203043370124,0.5411294295848927,7.226846795736529,28.776987051462303,-33.57320732047131,3.51,1.5,,,,89.9,2946,6.0,717496,664874,683734,621545,669394,641313,643217,673357,693049,54.48,,,,,,,,59,3,Slider,3,2,2,3,2,3,2,3,Standard,Standard,42,0.0,-0.055,,,,0.055,,1,-1,0.665,0.335,35,24,35,24,1,3,3,2,19,2,2.88,-0.69,-0.69,39.5
SL,2023-07-04,90.8,-1.88,5.66,"Kelly, Joe",665489,523260,,ball,,,,,11,Vladimir Guerrero Jr.  homers (13) on a fly ball to right field.    Cavan Biggio scores.,R,R,R,CWS,TOR,B,,,1,0,2023,0.71,0.16,-0.47,4.15,,,624415,0,8,Top,,,,,,,1.9951860639476329,-132.19863745678876,1.7701439149235054,7.85791087641718,28.395926986958926,-30.87350103709433,3.48,1.5,,,,90.1,2870,5.8,717496,664874,683734,621545,669394,641313,643217,673357,693049,54.67,,,,,,,,59,2,Slider,3,2,2,3,2,3,2,3,Standard,Standard,43,0.0,0.055,,,,-0.055,,1,-1,0.665,0.335,35,24,35,24,1,3,3,2,19,2,2.6,-0.71,-0.71,35.8
SI,2023-07-04,99.6,-1.79,5.4,"Kelly, Joe",665489,523260,,ball,,,,,11,Vladimir Guerrero Jr.  homers (13) on a fly ball to right field.    Cavan Biggio scores.,R,R,R,CWS,TOR,B,,,0,0,2023,-1.32,0.87,-1.62,3.78,,,624415,0,8,Top,,,,,,,3.543492008395684,-145.11975445157594,-1.132081089425894,-19.447780398938473,32.720818516714296,-19.729140179060437,3.51,1.52,,,,99.5,2157,6.1,717496,664874,683734,621545,669394,641313,643217,673357,693049,54.39,,,,,,,,59,1,Sinker,3,2,2,3,2,3,2,3,Standard,Standard,225,0.0,0.03,,,,-0.03,,1,-1,0.665,0.335,35,24,35,24,1,3,3,2,19,2,1.41,1.32,1.32,31.6
CH,2023-07-04,88.6,-1.7,5.44,"Kelly, Joe",474832,523260,walk,ball,,,,,11,Brandon Belt walks.,R,L,R,CWS,TOR,B,,,3,2,2023,-1.25,0.69,-0.86,3.67,,,,0,8,Top,,,,,,,4.634377944122874,-128.98573088030787,0.2535829866756475,-14.924708044713212,25.59630771023347,-24.70098897524639,2.94,1.37,,,,88.5,1880,6.1,717496,664874,683734,621545,669394,641313,643217,673357,693049,54.39,,0.695903,0.7,1,0,0,,58,6,Changeup,3,2,2,3,2,3,2,3,Strategic,Standard,253,-0.088,0.347,,,,-0.347,,1,-1,0.753,0.247,35,35,35,35,1,3,3,2,19,2,2.2,1.25,-1.25,28.6
SL,2023-07-04,93.7,-1.91,5.61,"Kelly, Joe",474832,523260,,ball,,,,,13,Brandon Belt walks.,R,L,R,CWS,TOR,B,,,2,2,2023,0.48,0.04,-0.05,0.58,,,,0,8,Top,,,,,,,3.730450736310248,-136.3032327800113,-7.300264759456865,5.154805396926165,31.07760215021762,-30.247948496947295,2.96,1.39,,,,93.3,2855,6.1,717496,664874,683734,621545,669394,641313,643217,673357,693049,54.35,,,,,,,,58,5,Slider,3,2,2,3,2,3,2,3,Strategic,Standard,36,0.0,0.115,,,,-0.115,,1,-1,0.753,0.247,35,35,35,35,1,3,3,2,19,2,2.57,-0.48,0.48,33.4
SL,2023-07-04,92.0,-1.84,5.6,"Kelly, Joe",474832,523260,,called_strike,,,,,3,Brandon Belt walks.,R,L,R,CWS,TOR,S,,,2,1,2023,0.47,0.04,0.29,2.65,,,,0,8,Top,,,,,,,4.34522720906664,-133.95086320397652,-1.727581523630637,4.738551776051417,29.4803821443468,-31.473137411144865,2.98,1.39,,,,91.7,2819,6.1,717496,664874,683734,621545,669394,641313,643217,673357,693049,54.39,,,,,,,,58,4,Slider,3,2,2,3,2,3,2,3,Strategic,Standard,38,0.0,-0.074,,,,0.074,,1,-1,0.753,0.247,35,35,35,35,1,3,3,2,19,2,2.65,-0.47,0.47,34.9
SL,2023-07-04,92.4,-1.99,5.58,"Kelly, Joe",474832,523260,,called_strike,,,,,7,Brandon Belt walks.,R,L,R,CWS,TOR,S,,,2,0,2023,0.52,0.01,-0.41,1.71,,,,0,8,Top,,,,,,,2.874063345332093,-134.47864957466112,-4.000187866945116,5.6543603067129515,30.844133064705204,-31.350655162994176,3.02,1.39,,,,91.7,2716,6.0,717496,664874,683734,621545,669394,641313,643217,673357,693049,54.53,,,,,,,,58,3,Slider,3,2,2,3,2,3,2,3,Standard,Standard,49,0.0,-0.065,,,,0.065,,1,-1,0.753,0.247,35,35,35,35,1,3,3,2,19,2,2.67,-0.52,0.52,36.1
SL,2023-07-04,91.6,-2.08,5.61,"Kelly, Joe",474832,523260,,ball,,,,,11,Brandon Belt walks.,R,L,R,CWS,TOR,B,,,1,0,2023,0.41,-0.07,-1.14,2.6,,,,0,8,Top,,,,,,,1.4694592704162794,-133.35713015799772,-1.5647947359597103,4.5412177392122555,29.98767852737584,-32.91124002167712,2.96,1.39,,,,90.9,2766,5.9,717496,664874,683734,621545,669394,641313,643217,673357,693049,54.58,,,,,,,,58,2,Slider,3,2,2,3,2,3,2,3,Infield shade,Standard,39,0.0,0.071,,,,-0.071,,1,-1,0.753,0.247,35,35,35,35,1,3,3,2,19,2,2.8,-0.41,0.41,31.5
FF,2023-07-04,99.1,-1.93,5.32,"Kelly, Joe",474832,523260,,ball,,,,,11,Brandon Belt walks.,R,L,R,CWS,TOR,B,,,0,0,2023,-1.21,0.93,-1.1,2.63,,,,0,8,Top,,,,,,,5.04663969062208,-144.30369625938204,-4.071474134263385,-18.130498619201724,33.275732525593334,-18.4401920968132,3.0,1.44,,,,98.5,2350,5.9,717496,664874,683734,621545,669394,641313,643217,673357,693049,54.63,,,,,,,,58,1,4-Seam Fastball,3,2,2,3,2,3,2,3,Infield shade,Standard,232,0.0,0.04,,,,-0.04,,1,-1,0.753,0.247,35,35,35,35,1,3,3,2,19,2,1.39,1.21,-1.21,22.9
KC,2023-07-01,89.1,-1.82,5.5,"Kelly, Joe",668843,523260,strikeout,swinging_strike,,,,,9,Conner Capel strikes out swinging.,R,L,R,OAK,CWS,S,2,,3,2,2023,0.92,-0.93,0.33,1.89,,643393,668709,2,8,Bot,,,,,,,3.3378634480982647,-129.7195343026012,-0.8835076298374798,9.71814869368579,26.816491939708783,-42.71955595855504,3.31,1.59,,,,88.8,3032,6.0,717538,656024,683734,621545,669394,641313,643217,673357,640449,54.47,,0.0,0.0,1,0,0,,77,6,Knuckle Curve,6,6,6,6,6,6,6,6,Strategic,Standard,50,-0.089,-0.311,,,,0.311,,0,0,0.589,0.589,35,26,35,26,1,0,2,2,3,1,3.8,-0.92,0.92,35.2
KC,2023-07-01,90.0,-1.95,5.55,"Kelly, Joe",668843,523260,,ball,,,,,14,Conner Capel strikes out swinging.,R,L,R,OAK,CWS,B,,,2,2,2023,0.36,-0.72,0.46,1.21,,643393,668709,2,8,Bot,,,,,,,5.1906061541040405,-131.03292586422918,-3.297059038095219,3.1392612762960552,26.14361972062509,-40.012513236624095,3.28,1.59,,,,89.7,3002,5.9,717538,656024,683734,621545,669394,641313,643217,673357,640449,54.56,,,,,,,,77,5,Knuckle Curve,6,6,6,6,6,6,6,6,Standard,Standard,49,0.0,0.064,,,,-0.064,,0,0,0.589,0.589,35,26,35,26,1,0,2,2,3,1,3.52,-0.36,0.36,42.0
KC,2023-07-01,88.8,-1.78,5.55,"Kelly, Joe",668843,523260,,called_strike,,,,,8,Conner Capel strikes out swinging.,R,L,R,OAK,CWS,S,,,2,1,2023,0.48,-0.76,-0.22,1.53,,643393,668709,2,8,Bot,,,,,,,2.7901070793005216,-129.29000387446217,-2.221062749628773,4.819736450779596,27.150903424266485,-40.43572870752846,3.25,1.59,,,,88.3,2900,5.9,717538,656024,683734,621545,669394,641313,643217,673357,640449,54.55,,,,,,,,77,4,Knuckle Curve,6,6,6,6,6,6,6,6,Standard,Standard,38,0.0,-0.06,,,,0.06,,0,0,0.589,0.589,35,26,35,26,1,0,2,2,3,1,3.65,-0.48,0.48,36.3
KC,2023-07-01,89.5,-1.84,5.61,"Kelly, Joe",668843,523260,,ball,,,,,9,Conner Capel strikes out swinging.,R,L,R,OAK,CWS,B,,,1,1,2023,0.72,-0.87,0.76,1.63,,643393,668709,2,8,Bot,,,,,,,4.839345175859716,-130.21407003194977,-1.9689228665611131,7.148504184992953,28.378831976761933,-41.790519412905425,3.47,1.68,,,,88.7,2989,5.9,717538,656024,683734,621545,669394,641313,643217,673357,640449,54.6,,,,,,,,77,3,Knuckle Curve,6,6,6,6,6,6,6,6,Standard,Standard,57,0.0,0.025,,,,-0.025,,0,0,0.589,0.589,35,26,35,26,1,0,2,2,3,1,3.72,-0.72,0.72,35.0
KC,2023-07-01,89.5,-1.82,5.54,"Kelly, Joe",668843,523260,,blocked_ball,,,,,14,Conner Capel strikes out swinging.,R,L,R,OAK,CWS,B,,,0,1,2023,0.57,-0.72,1.73,0.87,,643393,668709,2,8,Bot,,,,,,,7.50937615563295,-130.05695878236423,-3.863608644775587,4.549274193967056,31.650092616487747,-39.57552352503525,3.37,1.59,,,,88.4,3080,6.0,717538,656024,683734,621545,669394,641313,643217,673357,640449,54.47,,,,,,,,77,2,Knuckle Curve,6,6,6,6,6,6,6,6,Standard,Standard,42,0.0,0.025,,,,-0.025,,0,0,0.589,0.589,35,26,35,26,1,0,2,2,3,1,3.61,-0.57,0.57,34.6
KC,2023-07-01,90.3,-1.75,5.51,"Kelly, Joe",668843,523260,,swinging_strike,,,,,14,Conner Capel strikes out swinging.,R,L,R,OAK,CWS,S,,,0,0,2023,0.5,-0.43,0.7,0.99,,643393,668709,2,8,Bot,,,,,,,4.979714601884625,-131.4339371416054,-4.374434956453053,4.8600125202744175,26.686651486186705,-36.5143239357403,3.31,1.59,,,,89.9,2983,5.9,717538,656024,683734,621545,669394,641313,643217,673357,640449,54.59,,,,,,,,77,1,Knuckle Curve,6,6,6,6,6,6,6,6,Standard,Standard,47,0.0,-0.04,,,,0.04,,0,0,0.589,0.589,35,26,35,26,1,0,2,2,3,1,3.22,-0.5,0.5,35.8
KC,2023-07-01,87.2,-2.01,5.64,"Kelly, Joe",668709,523260,fielders_choice,hit_into_play,,,,,13,"JJ Bleday reaches on a fielder's choice, fielded by second baseman Zach Remillard.   Tony Kemp to 2nd.  Tony Kemp advances to 2nd, on a fielding error by second baseman Zach Remillard.",R,L,R,OAK,CWS,X,4,ground_ball,0,2,2023,0.76,-0.73,-0.99,2.36,,,643393,2,8,Bot,142.76,149.15,,,,,0.8826469940571917,-126.97369829264258,-0.2010290776710845,7.942808536412892,28.315955360033712,-40.18484854327579,3.42,1.69,12,74.9,-10,86.3,2928,5.9,717538,656024,683734,621545,669394,641313,643217,673357,640449,54.64,0.063,0.064,0.9,1,0,0,2,76,3,Knuckle Curve,6,6,6,6,6,6,6,6,Standard,Standard,41,0.039,0.484,,,0.069,-0.484,88.0,0,0,0.55,0.55,35,25,35,26,1,4,2,1,3,1,3.74,-0.76,0.76,38.8
SI,2023-07-01,98.7,-2.01,5.13,"Kelly, Joe",668709,523260,,foul,,,,,7,"JJ Bleday reaches on a fielder's choice, fielded by second baseman Zach Remillard.   Tony Kemp to 2nd.  Tony Kemp advances to 2nd, on a fielding error by second baseman Zach Remillard.",R,L,R,OAK,CWS,S,,,0,1,2023,-1.66,0.65,-0.72,1.76,,,643393,2,8,Bot,,,,,,,7.355095878070546,-143.6247721702107,-5.271809485598739,-24.64474460716788,31.358398642469243,-22.092202187195618,3.42,1.69,,,,98.8,2148,6.2,717538,656024,683734,621545,669394,641313,643217,673357,640449,54.31,,,,,,,,76,2,Sinker,6,6,6,6,6,6,6,6,Standard,Standard,238,0.0,-0.055,,,,0.055,,0,0,0.55,0.55,35,25,35,26,1,4,2,1,3,1,1.67,1.66,-1.66,28.8
SI,2023-07-01,98.4,-1.97,5.14,"Kelly, Joe",668709,523260,,foul,,,,,5,"JJ Bleday reaches on a fielder's choice, fielded by second baseman Zach Remillard.   Tony Kemp to 2nd.  Tony Kemp advances to 2nd, on a fielding error by second baseman Zach Remillard.",R,L,R,OAK,CWS,S,,,0,0,2023,-1.39,0.63,-0.21,2.58,,,643393,2,8,Bot,,,,,,,7.962015294728153,-143.27210160685928,-3.039602029044159,-20.878288172383876,28.276716581208753,-22.912799636759793,3.42,1.69,230,94.2,14,98.9,2121,6.2,717538,656024,683734,621545,669394,641313,643217,673357,640449,54.31,,,,,,,,76,1,Sinker,6,6,6,6,6,6,6,6,Standard,Standard,236,0.0,-0.045,,,,0.045,94.2,0,0,0.55,0.55,35,25,35,26,1,4,2,1,3,1,1.69,1.39,-1.39,27.3
CH,2023-07-01,87.7,-2.06,5.43,"Kelly, Joe",643393,523260,single,hit_into_play,,,,,13,Tony Kemp singles on a ground ball to first baseman Andrew Vaughn.   Esteury Ruiz scores.,R,L,R,OAK,CWS,X,3,ground_ball,2,2,2023,-1.48,0.52,-1.53,2.23,665923,,,2,8,Bot,143.27,171.04,,,,,4.322301530031605,-127.71188366871064,-2.7245555998114535,-17.113746588951244,24.677709612480484,-26.16308692592531,3.13,1.47,1,52.8,-60,87.6,1895,6.0,717538,656024,683734,621545,669394,641313,643217,673357,640449,54.46,0.263,0.233,0.9,1,1,0,1,75,5,Changeup,5,6,5,6,6,6,6,6,Standard,Standard,258,0.28,0.759,,,0.264,-0.759,88.0,-1,-1,0.27,0.27,35,31,35,32,1,4,2,1,3,1,2.43,1.48,-1.48,27.7
SI,2023-07-01,99.9,-1.97,5.08,"Kelly, Joe",643393,523260,,foul,,,,,7,Tony Kemp singles on a ground ball to first baseman Andrew Vaughn.   Esteury Ruiz scores.,R,L,R,OAK,CWS,S,,,2,1,2023,-1.57,0.49,-0.51,1.75,665923,,,2,8,Bot,,,,,,,7.673208224970477,-145.38099623030317,-4.992128794270478,-24.03041346804205,30.955087583740717,-24.241498076689993,3.13,1.47,222,76.7,50,100.1,2123,6.2,717538,656024,683734,621545,669394,641313,643217,673357,640449,54.31,,,,,,,,75,4,Sinker,5,6,5,6,6,5,5,6,Standard,Standard,243,0.0,-0.063,,,,0.063,88.0,-1,-1,0.27,0.27,35,31,35,32,1,4,2,1,3,1,1.77,1.57,-1.57,23.7
SI,2023-07-01,98.9,-1.85,5.03,"Kelly, Joe",643393,523260,,ball,,,,,14,Tony Kemp singles on a ground ball to first baseman Andrew Vaughn.   Esteury Ruiz scores.,R,L,R,OAK,CWS,B,,,1,1,2023,-1.58,0.57,0.1,0.85,676116,665923,,2,8,Bot,,,,,,,8.95251596243956,-143.591107693179,-7.27307337850724,-23.89082850325513,32.614374275684796,-22.752655549007137,3.03,1.47,,,,98.7,2131,6.2,717538,656024,683734,621545,669394,641313,643217,673357,640449,54.27,,,,,,,,75,3,Sinker,4,6,4,6,6,4,4,6,Standard,Standard,241,0.0,0.038,,,,-0.038,,-2,-2,0.192,0.192,35,31,35,32,1,4,2,1,3,1,1.77,1.58,-1.58,25.7
CH,2023-07-01,90.0,-1.88,5.27,"Kelly, Joe",643393,523260,,called_strike,,,,,7,Tony Kemp singles on a ground ball to first baseman Andrew Vaughn.   Esteury Ruiz scores.,R,L,R,OAK,CWS,S,,,1,0,2023,-1.52,0.59,-0.59,1.45,676116,665923,,2,8,Bot,,,,,,,6.399994857048215,-130.888596908609,-4.767469099344593,-18.821617700955468,26.69209747571112,-24.57393581868904,3.03,1.47,,,,90.0,2105,6.2,717538,656024,683734,621545,669394,641313,643217,673357,640449,54.29,,,,,,,,75,2,Changeup,4,6,4,6,6,4,4,6,Standard,Standard,248,0.0,-0.053,,,,0.053,,-2,-2,0.192,0.192,35,31,35,32,1,4,2,1,3,1,2.22,1.52,-1.52,27.5
CH,2023-07-01,89.2,-1.99,5.33,"Kelly, Joe",643393,523260,,ball,,,,,13,Tony Kemp singles on a ground ball to first baseman Andrew Vaughn.   Esteury Ruiz scores.,R,L,R,OAK,CWS,B,,,0,0,2023,-1.53,0.63,-1.22,1.95,676116,665923,,2,8,Bot,,,,,,,5.120817979838912,-129.87397738067477,-3.6611631358574614,-18.43313119266424,26.162931239352098,-24.485964995198188,3.07,1.47,,,,89.5,2002,6.4,717538,656024,683734,621545,669394,641313,643217,673357,640449,54.14,,,,,,,,75,1,Changeup,4,6,4,6,6,4,4,6,Standard,Standard,251,0.0,0.018,,,,-0.018,,-2,-2,0.192,0.192,35,31,35,32,1,4,2,1,3,1,2.22,1.53,-1.53,29.8
SI,2023-07-01,100.1,-1.98,5.04,"Kelly, Joe",665923,523260,double,hit_into_play,,,,,4,Esteury Ruiz doubles (19) on a line drive to right fielder Clint Frazier.   Ryan Noda to 3rd.,R,R,R,OAK,CWS,X,9,line_drive,1,2,2023,-1.51,0.48,-0.47,2.01,,,676116,2,8,Bot,188.87,147.81,,,,,7.688164082997393,-145.6439983107925,-4.176833064025406,-23.264056210499533,29.627559821685455,-24.550837407310155,3.07,1.54,177,63.8,32,100.4,2308,6.2,717538,656024,683734,621545,669394,641313,643217,673357,640449,54.33,0.786,0.732,1.25,1,1,1,4,74,4,Sinker,4,6,4,6,6,4,4,6,Standard,Standard,241,0.079,0.961,,,0.866,-0.961,88.0,-2,-2,0.113,0.113,35,24,35,24,1,3,2,1,3,1,1.77,1.51,1.51,21.2
FF,2023-07-01,99.4,-1.66,5.35,"Kelly, Joe",665923,523260,,foul,,,,,8,Esteury Ruiz doubles (19) on a line drive to right fielder Clint Frazier.   Ryan Noda to 3rd.,R,R,R,OAK,CWS,S,,,1,1,2023,-1.45,1.16,-0.03,1.56,,,676116,2,8,Bot,,,,,,,7.85820859269198,-144.4692251017051,-7.745187719622937,-22.10338037283523,31.388493177346763,-14.238989440827106,3.07,1.54,,,,99.7,2358,6.4,717538,656024,683734,621545,669394,641313,643217,673357,640449,54.13,,,,,,,,74,3,4-Seam Fastball,4,6,4,6,6,4,4,6,Standard,Standard,224,0.0,-0.06,,,,0.06,,-2,-2,0.113,0.113,35,24,35,24,1,3,2,1,3,1,1.14,1.45,1.45,31.6
FF,2023-07-01,99.0,-1.79,5.36,"Kelly, Joe",665923,523260,,called_strike,,,,,5,Esteury Ruiz doubles (19) on a line drive to right fielder Clint Frazier.   Ryan Noda to 3rd.,R,R,R,OAK,CWS,S,,,1,0,2023,-1.2,1.08,0.26,1.96,,,676116,2,8,Bot,,,,,,,8.370121636477267,-144.00297827595276,-6.442420620482716,-18.530170506607963,29.43642437413929,-15.782954110982194,2.88,1.54,,,,99.4,2305,6.3,717538,656024,683734,621545,669394,641313,643217,673357,640449,54.21,,,,,,,,74,2,4-Seam Fastball,4,6,4,6,6,4,4,6,Standard,Standard,226,0.0,-0.05,,,,0.05,,-2,-2,0.113,0.113,35,24,35,24,1,3,2,1,3,1,1.22,1.2,1.2,33.5
FF,2023-07-01,98.8,-1.79,5.48,"Kelly, Joe",665923,523260,,ball,,,,,11,Esteury Ruiz doubles (19) on a line drive to right fielder Clint Frazier.   Ryan Noda to 3rd.,R,R,R,OAK,CWS,B,,,0,0,2023,-1.3,1.19,-1.19,3.47,,,676116,2,8,Bot,,,,,,,4.646951259230323,-143.8491522472262,-2.815697189441687,-19.15176722502945,32.11114872010087,-15.21826756359929,2.85,1.54,,,,98.8,2350,6.2,717538,656024,683734,621545,669394,641313,643217,673357,640449,54.35,,,,,,,,74,1,4-Seam Fastball,4,6,4,6,6,4,4,6,Standard,Standard,221,0.0,0.03,,,,-0.03,,-2,-2,0.113,0.113,35,24,35,24,1,3,2,1,3,1,1.14,1.3,1.3,40.6
SL,2023-07-01,92.3,-2.11,5.34,"Kelly, Joe",642180,523260,strikeout,swinging_strike,,,,,14,Tyler Wade strikes out swinging.,R,L,R,OAK,CWS,S,2,,2,2,2023,0.4,0.0,0.57,0.87,,,676116,1,8,Bot,,,,,,,5.901650272648437,-134.20129875853317,-5.50620880853485,3.440481986951124,30.4168548162937,-31.122571736279685,3.32,1.5,,,,91.4,2845,5.9,717538,656024,683734,621545,669394,641313,643217,673357,640449,54.59,,0.0,0.0,1,0,0,,73,5,Slider,4,6,4,6,6,4,4,6,Standard,Standard,48,-0.054,-0.23,,,,0.23,,-2,-2,0.167,0.167,35,28,35,29,1,3,2,2,3,1,2.69,-0.4,0.4,30.0
KC,2023-07-01,87.6,-1.89,5.58,"Kelly, Joe",642180,523260,,swinging_strike,,,,,14,Tyler Wade strikes out swinging.,R,L,R,OAK,CWS,S,,,2,1,2023,0.69,-1.01,0.08,1.14,,,676116,1,8,Bot,,,,,,,3.3252472557615635,-127.56401023004892,-2.473538397661592,6.799723830232619,27.316425236574684,-42.891217373971095,3.32,1.5,,,,86.8,2985,5.9,717538,656024,683734,621545,669394,641313,643217,673357,640449,54.64,,,,,,,,73,4,Knuckle Curve,4,6,4,6,6,4,4,6,Standard,Standard,51,0.0,-0.054,,,,0.054,,-2,-2,0.167,0.167,35,28,35,29,1,3,2,2,3,1,3.99,-0.69,0.69,37.6
KC,2023-07-01,87.2,-1.91,5.74,"Kelly, Joe",642180,523260,,ball,,,,,11,Tyler Wade strikes out swinging.,R,L,R,OAK,CWS,B,,,1,1,2023,0.85,-1.06,-1.05,3.29,,,676116,1,8,Bot,,,,,,,0.3320516413810799,-126.99004841743928,2.464532990919098,9.09913670327026,27.527426479215485,-44.3833595407249,3.06,1.5,,,,86.4,2964,5.8,717538,656024,683734,621545,669394,641313,643217,673357,640449,54.66,,,,,,,,73,3,Knuckle Curve,4,6,4,6,6,4,4,6,Standard,Standard,48,0.0,0.046,,,,-0.046,,-2,-2,0.167,0.167,35,28,35,29,1,3,2,2,3,1,4.07,-0.85,0.85,41.3
KC,2023-07-01,90.4,-1.96,5.67,"Kelly, Joe",642180,523260,,foul,,,,,8,Tyler Wade strikes out swinging.,R,L,R,OAK,CWS,S,,,1,0,2023,0.27,-0.54,-0.07,1.8,,,676116,1,8,Bot,,,,,,,4.105024887097722,-131.6780656269851,-2.6121215499789683,2.3253604867194557,25.108952640898817,-38.21069872433658,3.32,1.5,1,73.0,-48,90.1,2901,5.8,717538,656024,683734,621545,669394,641313,643217,673357,640449,54.68,,,,,,,,73,2,Knuckle Curve,4,6,4,6,6,4,4,6,Standard,Standard,50,0.0,-0.053,,,,0.053,88.0,-2,-2,0.167,0.167,35,28,35,29,1,3,2,2,3,1,3.3,-0.27,0.27,35.6
SI,2023-07-01,99.0,-1.91,5.1,"Kelly, Joe",642180,523260,,ball,,,,,9,Tyler Wade strikes out swinging.,R,L,R,OAK,CWS,B,,,0,0,2023,-1.47,0.58,0.66,1.49,,,676116,1,8,Bot,,,,,,,10.408456258173985,-143.79502055759986,-5.807430904989195,-22.67903214235385,30.93783010310722,-22.98898819897223,3.26,1.56,,,,99.2,2192,6.3,717538,656024,683734,621545,669394,641313,643217,673357,640449,54.18,,,,,,,,73,1,Sinker,4,6,4,6,6,4,4,6,Standard,Standard,240,0.0,0.036,,,,-0.036,,-2,-2,0.167,0.167,35,28,35,29,1,3,2,2,3,1,1.74,1.47,-1.47,23.0
SL,2023-07-01,92.7,-2.04,5.42,"Kelly, Joe",672478,523260,strikeout,swinging_strike,,,,,14,Jordan Diaz strikes out swinging.,R,R,R,OAK,CWS,S,2,,2,2,2023,0.28,0.21,0.68,1.19,,,676116,0,8,Bot,,,,,,,6.301591206828199,-134.92429134529567,-5.528658887246263,2.223808170259972,26.56478582630658,-28.644402460775797,3.1,1.45,,,,92.6,2680,6.0,717538,656024,683734,621545,669394,641313,643217,673357,640449,54.51,,0.0,0.0,1,0,0,,72,5,Slider,4,6,4,6,6,4,4,6,Standard,Standard,34,-0.067,-0.21,,,,0.21,,-2,-2,0.234,0.234,35,22,35,23,1,3,2,1,3,3,2.42,-0.28,-0.28,32.3
SL,2023-07-01,92.6,-2.03,5.26,"Kelly, Joe",672478,523260,,blocked_ball,,,,,14,Jordan Diaz strikes out swinging.,R,R,R,OAK,CWS,B,,,1,2,2023,0.13,0.2,1.49,0.73,,,676116,0,8,Bot,,,,,,,8.656563174729067,-134.52462488276154,-6.149788207992866,-0.3854653875027616,29.80126758082112,-28.520137322211887,3.04,1.45,,,,92.0,2703,6.1,717538,656024,683734,621545,669394,641313,643217,673357,640449,54.41,,,,,,,,72,4,Slider,4,6,4,6,6,4,4,6,Standard,Standard,41,0.0,0.045,,,,-0.045,,-2,-2,0.234,0.234,35,22,35,23,1,3,2,1,3,3,2.47,-0.13,-0.13,29.5
SL,2023-07-01,92.3,-1.9,5.21,"Kelly, Joe",672478,523260,,blocked_ball,,,,,14,Jordan Diaz strikes out swinging.,R,R,R,OAK,CWS,B,,,0,2,2023,-0.04,0.16,0.1,0.03,,,676116,0,8,Bot,,,,,,,5.127043257225685,-134.2267556430985,-7.706680524080477,-1.5037111847607103,26.976604038527224,-28.824134010474527,3.04,1.45,,,,91.9,2744,6.0,717538,656024,683734,621545,669394,641313,643217,673357,640449,54.55,,,,,,,,72,3,Slider,4,6,4,6,6,4,4,6,Standard,Standard,154,0.0,0.008,,,,-0.008,,-2,-2,0.234,0.234,35,22,35,23,1,3,2,1,3,3,2.5,0.04,0.04,28.1
SI,2023-07-01,99.7,-1.95,5.03,"Kelly, Joe",672478,523260,,called_strike,,,,,7,Jordan Diaz strikes out swinging.,R,R,R,OAK,CWS,S,,,0,1,2023,-1.5,0.58,-0.31,1.51,,,676116,0,8,Bot,,,,,,,8.04380708401721,-144.98037889358332,-5.705413185217322,-23.061658629702137,29.32246766904388,-22.9250441809628,3.1,1.45,,,,100.2,2158,6.3,717538,656024,683734,621545,669394,641313,643217,673357,640449,54.2,,,,,,,,72,2,Sinker,4,6,4,6,6,4,4,6,Standard,Standard,240,0.0,-0.043,,,,0.043,,-2,-2,0.234,0.234,35,22,35,23,1,3,2,1,3,3,1.69,1.5,1.5,24.1
SI,2023-07-01,98.8,-2.09,5.19,"Kelly, Joe",672478,523260,,foul,,,,,1,Jordan Diaz strikes out swinging.,R,R,R,OAK,CWS,S,,,0,0,2023,-1.47,0.58,-0.51,3.19,,,676116,0,8,Bot,,,,,,,7.684904861724415,-143.69660280639246,-1.3843142872062029,-22.088405180483253,31.30823889745617,-23.95845327204292,3.1,1.45,53,92.8,0,98.8,2137,6.2,717538,656024,683734,621545,669394,641313,643217,673357,640449,54.32,,,,,,,,72,1,Sinker,4,6,4,6,6,4,4,6,Standard,Standard,233,0.0,-0.036,,,,0.036,92.8,-2,-2,0.234,0.234,35,22,35,23,1,3,2,1,3,3,1.74,1.47,1.47,26.6
SI,2023-07-01,98.9,-2.07,5.27,"Kelly, Joe",676116,523260,walk,ball,,,,,11,Ryan Noda walks.,R,L,R,OAK,CWS,B,,,3,1,2023,-1.49,0.72,-1.8,3.07,,,,0,8,Bot,,,,,,,4.193027613561006,-144.12991804978407,-2.306295589842752,-21.76516319395778,31.232059171259703,-21.76442778421094,3.33,1.58,,,,99.1,2166,6.2,717538,656024,683734,621545,669394,641313,643217,673357,640449,54.33,,0.695903,0.7,1,0,0,,71,5,Sinker,4,6,4,6,6,4,4,6,Strategic,Standard,235,0.078,0.259,,,,-0.259,,-2,-2,0.156,0.156,35,27,35,27,1,3,2,1,3,1,1.59,1.49,-1.49,24.4
SI,2023-07-01,98.3,-2.15,5.09,"Kelly, Joe",676116,523260,,ball,,,,,11,Ryan Noda walks.,R,L,R,OAK,CWS,B,,,2,1,2023,-1.47,0.54,-1.87,2.68,,,,0,8,Bot,,,,,,,4.136411032866648,-143.21033301918516,-2.3442395858176805,-21.198421057103292,32.02021698900742,-24.40746334212704,3.33,1.58,,,,98.2,2214,6.1,717538,656024,683734,621545,669394,641313,643217,673357,640449,54.43,,,,,,,,71,4,Sinker,4,6,4,6,6,4,4,6,Standard,Standard,240,0.0,0.129,,,,-0.129,,-2,-2,0.156,0.156,35,27,35,27,1,3,2,1,3,1,1.81,1.47,-1.47,22.2
KC,2023-07-01,88.6,-2.25,5.67,"Kelly, Joe",676116,523260,,ball,,,,,13,Ryan Noda walks.,R,L,R,OAK,CWS,B,,,1,1,2023,0.33,-0.81,-1.94,2.36,,,,0,8,Bot,,,,,,,0.0952413235185921,-129.1367617876056,-0.3798038195271389,3.664688161489849,26.046316169566364,-41.42704565351288,3.26,1.58,,,,88.0,2878,5.8,717538,656024,683734,621545,669394,641313,643217,673357,640449,54.72,,,,,,,,71,3,Knuckle Curve,4,6,4,6,6,4,4,6,Standard,Standard,48,0.0,0.059,,,,-0.059,,-2,-2,0.156,0.156,35,27,35,27,1,3,2,1,3,1,3.7,-0.33,0.33,39.1
SL,2023-07-01,92.0,-2.17,5.45,"Kelly, Joe",676116,523260,,ball,,,,,13,Ryan Noda walks.,R,L,R,OAK,CWS,B,,,0,1,2023,-0.02,0.17,-0.63,1.48,,,,0,8,Bot,,,,,,,3.923769844331405,-133.87575640340705,-4.545616469105562,-1.1782326092716222,30.20548547356765,-29.278381406548156,3.52,1.61,,,,90.9,2660,5.7,717538,656024,683734,621545,669394,641313,643217,673357,640449,54.78,,,,,,,,71,2,Slider,4,6,4,6,6,4,4,6,Standard,Standard,126,0.0,0.031,,,,-0.031,,-2,-2,0.156,0.156,35,27,35,27,1,3,2,1,3,1,2.53,0.02,-0.02,30.7
SL,2023-07-01,90.6,-2.18,5.58,"Kelly, Joe",676116,523260,,swinging_strike,,,,,14,Ryan Noda walks.,R,L,R,OAK,CWS,S,,,0,0,2023,0.02,0.15,0.18,1.45,,,,0,8,Bot,,,,,,,5.78702377204959,-131.76351516286513,-4.593937744706833,-1.1066181420091294,31.369207625861783,-29.62194809002513,3.36,1.58,,,,89.4,2526,5.9,717538,656024,683734,621545,669394,641313,643217,673357,640449,54.64,,,,,,,,71,1,Slider,4,6,4,6,6,4,4,6,Standard,Standard,54,0.0,-0.042,,,,0.042,,-2,-2,0.156,0.156,35,27,35,27,1,3,2,1,3,1,2.66,-0.02,0.02,32.2
KC,2023-06-29,90.1,-1.52,5.54,"Kelly, Joe",519058,523260,grounded_into_double_play,hit_into_play,,,,,8,"Mike Moustakas grounds into a double play, second baseman Zach Remillard to shortstop Tim Anderson to first baseman Andrew Vaughn.   Shohei Ohtani out at 2nd.    Mike Moustakas out at 1st.",R,L,R,LAA,CWS,X,4,ground_ball,1,2,2023,0.27,-0.9,-0.27,1.54,,545361,660271,1,7,Bot,151.79,149.97,,,,,2.5292175827861776,-131.28488157179785,-2.0717302433567726,2.505927942378112,28.94999643053734,-42.32543315432796,3.47,1.64,107,103.3,5,90.3,2850,6.4,717560,664874,683734,621545,669394,641313,640449,673357,650391,54.08,0.6,0.556,0.0,1,0,0,4,65,4,Knuckle Curve,5,7,5,7,7,5,5,7,Standard,Standard,39,-0.153,-0.256,,,0.679,0.256,103.3,-2,-2,0.283,0.283,35,34,35,35,1,3,3,1,2,1,3.71,-0.27,0.27,36.1
SL,2023-06-29,91.1,-1.77,5.39,"Kelly, Joe",519058,523260,,foul,,,,,2,"Mike Moustakas grounds into a double play, second baseman Zach Remillard to shortstop Tim Anderson to first baseman Andrew Vaughn.   Shohei Ohtani out at 2nd.    Mike Moustakas out at 1st.",R,L,R,LAA,CWS,S,,,1,1,2023,0.97,0.17,0.01,2.92,,545361,660271,1,7,Bot,,,,,,,2.382149581562383,-132.74201515018456,-0.6958062267935983,11.056736366311972,27.166476962900365,-30.209899008743857,3.47,1.64,217,70.4,32,91.4,2751,6.3,717560,664874,683734,621545,669394,641313,640449,673357,650391,54.22,,,,,,,,65,3,Slider,5,7,5,7,7,5,5,7,Standard,Standard,48,0.0,-0.059,,,,0.059,88.0,-2,-2,0.283,0.283,35,34,35,35,1,3,3,1,2,1,2.56,-0.97,0.97,35.4
SL,2023-06-29,92.9,-1.87,5.26,"Kelly, Joe",519058,523260,,blocked_ball,,,,,14,"Mike Moustakas grounds into a double play, second baseman Zach Remillard to shortstop Tim Anderson to first baseman Andrew Vaughn.   Shohei Ohtani out at 2nd.    Mike Moustakas out at 1st.",R,L,R,LAA,CWS,B,,,0,1,2023,0.48,-0.09,0.63,-0.87,,545361,660271,1,7,Bot,,,,,,,5.332530128705374,-134.94741968716366,-9.679533755259556,4.63865277230687,30.38970679490832,-31.252577765398215,3.33,1.47,,,,92.6,2727,6.3,717560,664874,683734,621545,669394,641313,640449,673357,650391,54.21,,,,,,,,65,2,Slider,5,7,5,7,7,5,5,7,Standard,Standard,83,0.0,0.031,,,,-0.031,,-2,-2,0.283,0.283,35,34,35,35,1,3,3,1,2,1,2.75,-0.48,0.48,32.5
SL,2023-06-29,92.4,-1.78,5.29,"Kelly, Joe",519058,523260,,swinging_strike,,,,,13,"Mike Moustakas grounds into a double play, second baseman Zach Remillard to shortstop Tim Anderson to first baseman Andrew Vaughn.   Shohei Ohtani out at 2nd.    Mike Moustakas out at 1st.",R,L,R,LAA,CWS,S,,,0,0,2023,0.3,0.0,-0.18,1.02,,545361,660271,1,7,Bot,,,,,,,3.40783039273,-134.57809780422164,-5.0981066554783965,2.929871092326821,28.002265109104783,-31.26268100639976,3.47,1.64,,,,92.1,2766,6.0,717560,664874,683734,621545,669394,641313,640449,673357,650391,54.51,,,,,,,,65,1,Slider,5,7,5,7,7,5,5,7,Standard,Standard,41,0.0,-0.04,,,,0.04,,-2,-2,0.283,0.283,35,34,35,35,1,3,3,1,2,1,2.65,-0.3,0.3,27.1
SL,2023-06-29,92.3,-1.8,5.36,"Kelly, Joe",592273,523260,field_out,hit_into_play,,,,,9,Brandon Drury flies out to right fielder Eloy Jimenez.,R,R,R,LAA,CWS,X,9,fly_ball,0,1,2023,0.71,0.2,0.47,2.18,,545361,660271,0,7,Bot,177.74,100.77,,,,,4.228883461630449,-134.50537553358143,-2.7927412231883393,7.825757557642072,25.846481470115663,-29.4152579398757,3.63,1.77,276,86.1,43,92.9,,6.3,717560,664874,683734,621545,669394,641313,640449,673357,650391,54.19,0.006,0.005,0.0,1,0,0,3,64,2,Slider,5,7,5,7,7,5,5,7,Standard,Standard,,-0.093,-0.184,,,0.008,0.184,88.0,-2,-2,0.376,0.376,35,30,35,31,1,3,3,1,2,36,2.45,-0.71,-0.71,35.5
SI,2023-06-29,98.3,-1.78,5.01,"Kelly, Joe",592273,523260,,foul,,,,,5,Brandon Drury flies out to right fielder Eloy Jimenez.,R,R,R,LAA,CWS,S,,,0,0,2023,-1.37,0.42,0.25,2.88,,545361,660271,0,7,Bot,,,,,,,8.66250395547849,-142.85294037129756,-1.2353143067584071,-20.75341494014342,34.81608820858871,-26.31052265607828,3.63,1.77,282,87.2,36,98.0,1847,6.3,717560,664874,683734,621545,669394,641313,640449,673357,650391,54.16,,,,,,,,64,1,Sinker,5,7,5,7,7,5,5,7,Standard,Standard,280,0.0,-0.048,,,,0.048,88.0,-2,-2,0.376,0.376,35,30,35,31,1,3,3,1,2,36,1.95,1.37,1.37,26.5
SI,2023-06-29,98.4,-1.61,4.99,"Kelly, Joe",660271,523260,walk,ball,,,,,14,Shohei Ohtani walks.,R,L,R,LAA,CWS,B,,,3,1,2023,-1.35,0.45,0.37,1.33,,545361,,0,7,Bot,,,,,,,8.492104041095319,-142.97467411396266,-5.496327432041082,-20.459946302795306,33.530159166218304,-24.940294711179032,3.35,1.51,,,,98.2,,6.3,717560,664874,683734,621545,669394,641313,640449,673357,650391,54.22,,0.695903,0.7,1,0,0,,63,5,Sinker,5,7,5,7,7,5,5,7,Standard,Standard,,0.068,0.161,,,,-0.161,,-2,-2,0.308,0.308,35,28,35,29,1,3,3,1,2,1,1.92,1.35,-1.35,23.8
SL,2023-06-29,93.3,-1.89,5.07,"Kelly, Joe",660271,523260,,ball,,,,,14,Shohei Ohtani walks.,R,L,R,LAA,CWS,B,,,2,1,2023,0.38,-0.17,2.75,0.0,,,545361,0,7,Bot,,,,,,,11.043331428668663,-135.374478127036,-6.900130209964728,2.425432629863356,27.345690191035175,-33.047100967972725,3.35,1.53,,,,93.2,,6.2,717560,664874,683734,621545,669394,641313,640449,673357,650391,54.28,,,,,,,,63,4,Slider,5,7,5,7,7,5,5,7,Standard,Standard,,0.032,0.101,,,,-0.101,,-2,-2,0.276,0.276,35,28,35,29,1,3,3,1,2,1,2.79,-0.38,0.38,28.2
FF,2023-06-29,99.2,-1.59,5.47,"Kelly, Joe",660271,523260,,ball,,,,,11,Shohei Ohtani walks.,R,L,R,LAA,CWS,B,,,1,1,2023,-1.07,0.93,-0.05,3.78,,,545361,0,7,Bot,,,,,,,6.715457754585857,-144.21603505957685,-1.2696764086454857,-16.571152372851188,38.01994273959642,-19.29370456408873,3.35,1.46,,,,98.6,2218,6.3,717560,664874,683734,621545,669394,641313,640449,673357,650391,54.19,,,,,,,,63,3,4-Seam Fastball,5,7,5,7,7,5,5,7,Standard,Standard,225,0.0,0.042,,,,-0.042,,-2,-2,0.276,0.276,35,28,35,29,1,3,3,1,2,1,1.42,1.07,-1.07,30.0
SI,2023-06-29,98.7,-1.66,5.07,"Kelly, Joe",660271,523260,,foul,,,,,5,Shohei Ohtani walks.,R,L,R,LAA,CWS,S,,,1,0,2023,-1.26,0.54,-0.21,2.25,,,545361,0,7,Bot,,,,,,,6.860856375862129,-143.59284419308537,-3.512840963594498,-19.00411729890456,31.84307406418092,-24.024580469635268,3.54,1.65,,,,98.7,1974,6.2,717560,664874,683734,621545,669394,641313,640449,673357,650391,54.29,,,,,,,,63,2,Sinker,5,7,5,7,7,5,5,7,Standard,Standard,327,0.0,-0.042,,,,0.042,,-2,-2,0.276,0.276,35,28,35,29,1,3,3,1,2,1,1.79,1.26,-1.26,25.8
SI,2023-06-29,98.6,-1.8,5.04,"Kelly, Joe",660271,523260,,ball,,,,,11,Shohei Ohtani walks.,R,L,R,LAA,CWS,B,,,0,0,2023,-1.35,0.58,-1.11,2.9,,,545361,0,7,Bot,,,,,,,4.969930578005904,-143.50540724154027,-1.6857384583025072,-19.782066411110005,33.785472046969055,-24.009779455185697,3.42,1.53,,,,98.3,1953,6.1,717560,664874,683734,621545,669394,641313,640449,673357,650391,54.36,,,,,,,,63,1,Sinker,5,7,5,7,7,5,5,7,Standard,Standard,230,0.0,0.03,,,,-0.03,,-2,-2,0.276,0.276,35,28,35,29,1,3,3,1,2,1,1.77,1.35,-1.35,20.1
FF,2023-06-29,99.1,-1.63,5.18,"Kelly, Joe",545361,523260,single,hit_into_play,,,,,5,Mike Trout singles on a line drive to right fielder Eloy Jimenez.,R,R,R,LAA,CWS,X,9,line_drive,2,2,2023,-1.0,0.79,-0.08,2.45,,,,0,7,Bot,179.05,94.25,,,,,6.53981682787898,-144.25201939720475,-3.913305245163604,-15.395870034355069,30.108080451523783,-20.47580708817053,3.55,1.68,226,99.9,12,99.4,1992,6.2,717560,664874,683734,621545,669394,641313,640449,673357,650391,54.28,0.957,0.925,0.9,1,1,0,4,62,6,4-Seam Fastball,5,7,5,7,7,5,5,7,Standard,Standard,234,0.067,0.459,,,1.151,-0.459,99.9,-2,-2,0.209,0.209,35,31,35,32,1,3,3,1,2,1,1.51,1.0,1.0,24.8
FF,2023-06-29,99.2,-1.53,5.41,"Kelly, Joe",545361,523260,,foul,,,,,5,Mike Trout singles on a line drive to right fielder Eloy Jimenez.,R,R,R,LAA,CWS,S,,,2,2,2023,-0.98,1.02,0.02,2.62,,,,0,7,Bot,,,,,,,6.5338065258936595,-144.31702439452994,-4.630712432273745,-15.145368993621911,32.91416198148288,-16.99342360413297,3.55,1.68,204,74.2,50,99.3,2236,6.3,717560,664874,683734,621545,669394,641313,640449,673357,650391,54.18,,,,,,,,62,5,4-Seam Fastball,5,7,5,7,7,5,5,7,Standard,Standard,226,0.0,0.0,,,,0.0,88.0,-2,-2,0.209,0.209,35,31,35,32,1,3,3,1,2,1,1.29,0.98,0.98,32.4
SL,2023-06-29,93.1,-1.96,5.1,"Kelly, Joe",545361,523260,,ball,,,,,14,Mike Trout singles on a line drive to right fielder Eloy Jimenez.,R,R,R,LAA,CWS,B,,,1,2,2023,0.22,0.24,1.21,0.54,,,,0,7,Bot,,,,,,,7.579064717790287,-135.2284676302944,-6.342142805395427,0.90343833914082,32.01498962650788,-27.961584277013863,3.43,1.54,,,,92.0,,5.9,717560,664874,683734,621545,669394,641313,640449,673357,650391,54.56,,,,,,,,62,4,Slider,5,7,5,7,7,5,5,7,Standard,Standard,,0.0,0.046,,,,-0.046,,-2,-2,0.209,0.209,35,31,35,32,1,3,3,1,2,1,2.42,-0.22,-0.22,22.2
FF,2023-06-29,99.9,-1.38,5.5,"Kelly, Joe",545361,523260,,ball,,,,,12,Mike Trout singles on a line drive to right fielder Eloy Jimenez.,R,R,R,LAA,CWS,B,,,0,2,2023,-1.08,1.07,0.87,3.33,,,,0,7,Bot,,,,,,,8.7361455123865,-145.22911667891117,-3.1089681496460977,-17.367370340312043,35.06140230195404,-16.48309349081857,3.5,1.58,,,,99.9,2170,6.4,717560,664874,683734,621545,669394,641313,640449,673357,650391,54.1,,,,,,,,62,3,4-Seam Fastball,5,7,5,7,7,5,5,7,Standard,Standard,214,0.0,0.024,,,,-0.024,,-2,-2,0.209,0.209,35,31,35,32,1,3,3,1,2,1,1.22,1.08,1.08,36.0
FF,2023-06-29,99.0,-1.78,5.05,"Kelly, Joe",545361,523260,,called_strike,,,,,2,Mike Trout singles on a line drive to right fielder Eloy Jimenez.,R,R,R,LAA,CWS,S,,,0,1,2023,-1.5,0.31,0.09,2.97,,,,0,7,Bot,,,,,,,8.573941824138291,-143.9701917447373,-0.9739955520605018,-22.846760606003073,31.3281391261538,-27.88254114380339,3.54,1.63,,,,99.0,2401,6.2,717560,664874,683734,621545,669394,641313,640449,673357,650391,54.31,,,,,,,,62,2,4-Seam Fastball,5,7,5,7,7,5,5,7,Standard,Standard,192,0.0,-0.054,,,,0.054,,-2,-2,0.209,0.209,35,31,35,32,1,3,3,1,2,1,2.01,1.5,1.5,19.6
KC,2023-06-29,89.0,-1.79,5.64,"Kelly, Joe",545361,523260,,called_strike,,,,,5,Mike Trout singles on a line drive to right fielder Eloy Jimenez.,R,R,R,LAA,CWS,S,,,0,0,2023,0.18,-0.53,0.09,2.84,,,,0,7,Bot,,,,,,,4.197050678447091,-129.74279372565485,0.1830975028485109,1.2663433838544331,24.72055989995257,-38.38607955474883,3.57,1.58,,,,88.7,2798,5.8,717560,664874,683734,621545,669394,641313,640449,673357,650391,54.68,,,,,,,,62,1,Knuckle Curve,5,7,5,7,7,5,5,7,Standard,Standard,50,0.0,-0.042,,,,0.042,,-2,-2,0.209,0.209,35,31,35,32,1,3,3,1,2,1,3.37,-0.18,-0.18,34.5
CH,2023-06-26,89.7,-1.67,5.45,"Kelly, Joe",642136,523260,grounded_into_double_play,hit_into_play,,,,,7,"Matt Thaiss grounds into a double play, second baseman Elvis Andrus to shortstop Tim Anderson to first baseman Andrew Vaughn.   Mike Moustakas out at 2nd.    Matt Thaiss out at 1st.",R,L,R,LAA,CWS,X,4,ground_ball,1,0,2023,-1.58,0.62,-0.43,1.62,,592273,519058,1,7,Bot,137.23,147.89,,,,,6.416190019340081,-130.35017030855167,-4.70734963816906,-19.41587508899148,31.32162317256147,-24.27213767919005,3.38,1.61,32,75.8,0,89.2,2125,6.4,717608,664874,683734,462101,669394,641313,643217,673357,640449,54.13,0.12,0.086,0.0,1,0,0,2,50,2,Changeup,1,1,1,1,1,1,1,1,Standard,Standard,242,-0.143,-0.367,,,0.129,0.367,88.0,0,0,0.643,0.643,35,28,35,28,1,2,2,1,3,2,2.25,1.58,-1.58,33.0
CH,2023-06-26,88.7,-1.87,5.27,"Kelly, Joe",642136,523260,,ball,,,,,11,"Matt Thaiss grounds into a double play, second baseman Elvis Andrus to shortstop Tim Anderson to first baseman Andrew Vaughn.   Mike Moustakas out at 2nd.    Matt Thaiss out at 1st.",R,L,R,LAA,CWS,B,,,0,0,2023,-1.59,0.28,-1.94,2.81,,592273,519058,1,7,Bot,,,,,,,3.1838755976477127,-129.03013370224744,-0.4230192891127277,-18.317068566711427,31.281190570310947,-29.22034719462875,3.41,1.61,,,,88.2,2019,6.4,717608,664874,683734,462101,669394,641313,643217,673357,640449,54.13,,,,,,,,50,1,Changeup,1,1,1,1,1,1,1,1,Standard,Standard,251,0.0,0.042,,,,-0.042,,0,0,0.643,0.643,35,28,35,28,1,2,2,1,3,2,2.66,1.59,-1.59,25.8
FF,2023-06-26,97.2,-1.68,5.44,"Kelly, Joe",621493,523260,strikeout,swinging_strike,,,,,11,Taylor Ward strikes out swinging.,R,R,R,LAA,CWS,S,2,,2,2,2023,-1.2,1.23,-0.93,3.85,,592273,519058,0,7,Bot,,,,,,,4.7383215380656045,-141.4163513875084,-1.4872440038281651,-17.11449161515868,36.42152758984909,-15.725590082833534,3.4,1.65,,,,96.6,2209,6.2,717608,664874,683734,462101,669394,641313,643217,673357,640449,54.26,,0.0,0.0,1,0,0,,49,5,4-Seam Fastball,1,1,1,1,1,1,1,1,Standard,Standard,224,-0.077,-0.202,,,,0.202,,0,0,0.72,0.72,35,29,35,30,1,2,2,1,3,1,1.21,1.2,1.2,35.4
FF,2023-06-26,97.0,-1.52,5.54,"Kelly, Joe",621493,523260,,ball,,,,,11,Taylor Ward strikes out swinging.,R,R,R,LAA,CWS,B,,,1,2,2023,-1.01,1.25,-1.24,4.91,,592273,519058,0,7,Bot,,,,,,,3.0768471254915077,-141.07504826696984,1.068443790907161,-14.152672781244172,36.64054015460004,-16.1890206908204,3.4,1.69,,,,96.1,2234,6.1,717608,664874,683734,462101,669394,641313,643217,673357,640449,54.35,,,,,,,,49,4,4-Seam Fastball,1,1,1,1,1,1,1,1,Standard,Standard,216,0.0,0.034,,,,-0.034,,0,0,0.72,0.72,35,29,35,30,1,2,2,1,3,1,1.2,1.01,1.01,33.8
SL,2023-06-26,91.7,-1.87,5.42,"Kelly, Joe",621493,523260,,foul,,,,,8,Taylor Ward strikes out swinging.,R,R,R,LAA,CWS,S,,,1,1,2023,0.21,0.0,0.22,1.6,,592273,519058,0,7,Bot,,,,,,,4.816981490339617,-133.38662978208586,-3.6894714834532496,1.2612820956094597,32.980552838788014,-31.515640127288407,3.4,1.65,6,61.3,-13,90.7,2727,6.1,717608,664874,683734,462101,669394,641313,643217,673357,640449,54.44,,,,,,,,49,3,Slider,1,1,1,1,1,1,1,1,Standard,Standard,45,0.0,-0.076,,,,0.076,88.0,0,0,0.72,0.72,35,29,35,30,1,2,2,1,3,1,2.75,-0.21,-0.21,30.1
CH,2023-06-26,85.6,-1.54,5.46,"Kelly, Joe",621493,523260,,ball,,,,,11,Taylor Ward strikes out swinging.,R,R,R,LAA,CWS,B,,,0,1,2023,-1.46,0.25,-1.3,3.1,,592273,519058,0,7,Bot,,,,,,,3.492513681964181,-124.63833218561568,0.225870505383211,-15.849142793693703,26.39279206336651,-29.838150780816832,3.46,1.77,,,,85.3,1952,6.2,717608,664874,683734,462101,669394,641313,643217,673357,640449,54.29,,,,,,,,49,2,Changeup,1,1,1,1,1,1,1,1,Standard,Standard,249,0.0,0.034,,,,-0.034,,0,0,0.72,0.72,35,29,35,30,1,2,2,1,3,1,2.87,1.46,1.46,32.1
FF,2023-06-26,96.8,-1.74,5.51,"Kelly, Joe",621493,523260,,called_strike,,,,,3,Taylor Ward strikes out swinging.,R,R,R,LAA,CWS,S,,,0,0,2023,-0.89,1.45,0.42,3.29,,592273,519058,0,7,Bot,,,,,,,7.762845913288752,-140.76649859795796,-3.624672895307705,-13.64758397903218,33.41920106896888,-12.33644754353153,3.58,1.77,,,,96.2,2293,6.1,717608,664874,683734,462101,669394,641313,643217,673357,640449,54.4,,,,,,,,49,1,4-Seam Fastball,1,1,1,1,1,1,1,1,Standard,Standard,224,0.0,-0.048,,,,0.048,,0,0,0.72,0.72,35,29,35,30,1,2,2,1,3,1,1.0,0.89,0.89,32.8
SI,2023-06-24,98.9,-1.64,5.25,"Kelly, Joe",624414,523260,field_out,hit_into_play,,,,,1,"Christian Arroyo grounds out, first baseman Andrew Vaughn to pitcher Joe Kelly.",R,R,R,CWS,BOS,X,3,ground_ball,0,0,2023,-1.52,0.63,-0.65,2.97,,594807,,2,8,Top,141.96,162.98,,,,,6.235828330436076,-143.87499778483755,-2.254411598380196,-22.543136061281363,32.99361607292619,-23.089605955869253,3.36,1.54,106,57.1,15,98.9,2074,6.3,717629,518735,683734,641313,669394,462101,643217,673357,640449,54.21,0.197,0.19,0.0,1,0,0,1,63,1,Sinker,4,3,3,4,3,4,3,4,Standard,Standard,228,0.083,-0.294,,,0.209,0.294,88.0,1,-1,0.788,0.212,35,28,35,28,1,3,5,1,2,1,1.7,1.52,1.52,26.1
KC,2023-06-24,89.9,-2.04,5.58,"Kelly, Joe",671213,523260,strikeout,called_strike,,,,,9,Triston Casas called out on strikes.  Adam Duvall steals (2) 2nd base.,R,L,R,CWS,BOS,S,2,,3,2,2023,0.19,-0.74,0.3,2.15,,,594807,1,8,Top,,,,,,,5.361014088057176,-130.91608024054378,-0.9762081950740809,1.1131111951423749,27.361106112143773,-40.73885943532658,3.58,1.67,,,,89.6,2770,6.1,717629,518735,683734,641313,669394,462101,643217,673357,640449,54.44,,0.0,0.0,1,0,0,,62,6,Knuckle Curve,4,3,3,4,3,4,3,4,Infield shade,Standard,43,0.043,-0.314,,,,0.314,,1,-1,0.745,0.255,35,23,35,23,1,3,5,2,2,1,3.56,-0.19,0.19,36.0
SI,2023-06-24,98.1,-1.9,5.31,"Kelly, Joe",671213,523260,,foul,,,,,4,Triston Casas called out on strikes.  Adam Duvall steals (2) 2nd base.,R,L,R,CWS,BOS,S,,,3,1,2023,-1.46,0.6,-0.76,3.01,,,594807,1,8,Top,,,,,,,6.489419712550484,-142.72194150497066,-2.0984044116491463,-21.509728123720237,34.28356401675462,-23.771514112311163,3.66,1.74,242,80.8,26,98.3,2060,6.5,717629,518735,683734,641313,669394,462101,643217,673357,640449,54.01,,,,,,,,62,5,Sinker,4,3,3,4,3,4,3,4,Infield shade,Standard,232,0.0,-0.069,,,,0.069,88.0,1,-1,0.745,0.255,35,23,35,23,1,3,5,2,2,1,1.78,1.46,-1.46,26.1
SI,2023-06-24,98.4,-1.84,5.31,"Kelly, Joe",671213,523260,,ball,,,,,11,Triston Casas called out on strikes.  Adam Duvall steals (2) 2nd base.,R,L,R,CWS,BOS,B,,,2,1,2023,-1.49,0.67,-1.25,3.67,,,594807,1,8,Top,,,,,,,5.083941571134813,-143.22927859894426,-0.5026427635245422,-21.626505564322727,36.227292311914006,-23.118118151545985,3.62,1.78,,,,98.1,2073,6.3,717629,518735,683734,641313,669394,462101,643217,673357,640449,54.18,,,,,,,,62,4,Sinker,4,3,3,4,3,4,3,4,Infield shade,Standard,235,0.0,0.1,,,,-0.1,,1,-1,0.745,0.255,35,23,35,23,1,3,5,2,2,1,1.7,1.49,-1.49,26.8
SI,2023-06-24,98.2,-1.8,5.18,"Kelly, Joe",671213,523260,,foul,,,,,1,Triston Casas called out on strikes.  Adam Duvall steals (2) 2nd base.,R,L,R,CWS,BOS,S,,,2,0,2023,-1.51,0.62,-0.52,3.69,,,594807,1,8,Top,,,,,,,6.945870811510937,-142.9083155253772,-0.0189615544158026,-22.272570027581036,30.948668658233466,-23.90665754029988,3.66,1.74,269,80.0,47,98.4,2135,6.3,717629,518735,683734,641313,669394,462101,643217,673357,640449,54.23,,,,,,,,62,3,Sinker,4,3,3,4,3,4,3,4,Infield shade,Standard,237,0.0,-0.061,,,,0.061,88.0,1,-1,0.745,0.255,35,23,35,23,1,3,5,2,2,1,1.74,1.51,-1.51,22.9
CH,2023-06-24,90.2,-1.84,5.39,"Kelly, Joe",671213,523260,,blocked_ball,,,,,14,Triston Casas called out on strikes.  Adam Duvall steals (2) 2nd base.,R,L,R,CWS,BOS,B,,,1,0,2023,-1.61,0.5,1.06,0.13,,,594807,1,8,Top,,,,,,,10.55886026263212,-130.72513736475003,-8.146604245148314,-20.617392275793293,26.008812685859848,-24.8500473876401,3.69,1.78,,,,89.9,2134,6.2,717629,518735,683734,641313,669394,462101,643217,673357,640449,54.32,,,,,,,,62,2,Changeup,4,3,3,4,3,4,3,4,Infield shade,Standard,251,0.0,0.054,,,,-0.054,,1,-1,0.745,0.255,35,23,35,23,1,3,5,2,2,1,2.31,1.61,-1.61,29.0
CH,2023-06-24,88.7,-1.98,5.48,"Kelly, Joe",671213,523260,,ball,,,,,11,Triston Casas called out on strikes.  Adam Duvall steals (2) 2nd base.,R,L,R,CWS,BOS,B,,,0,0,2023,-1.46,0.54,-1.51,3.72,,,594807,1,8,Top,,,,,,,4.176056535676485,-129.13778050128198,0.6550649415725212,-17.13952032810437,28.3760512444214,-26.557466520100743,3.6,1.65,,,,88.2,1939,6.1,717629,518735,683734,641313,669394,462101,643217,673357,640449,54.44,,,,,,,,62,1,Changeup,4,3,3,4,3,4,3,4,Infield shade,Standard,257,0.0,0.036,,,,-0.036,,1,-1,0.745,0.255,35,23,35,23,1,3,5,2,2,1,2.37,1.46,-1.46,26.9
SI,2023-06-24,99.5,-1.88,5.16,"Kelly, Joe",594807,523260,hit_by_pitch,hit_by_pitch,,,,,11,Adam Duvall hit by pitch.,R,R,R,CWS,BOS,B,,,0,0,2023,-1.51,0.74,-2.07,3.86,,,,1,8,Top,,,,,,,3.031140271921145,-144.89915944698484,0.0985580725884074,-21.9975639633541,33.46207287346623,-22.023186958689397,3.31,1.54,,,,99.8,2140,6.4,717629,518735,683734,641313,669394,462101,643217,673357,640449,54.12,,0.726005,0.7,1,0,0,,61,1,Sinker,4,3,3,4,3,4,3,4,Standard,Standard,233,-0.062,0.42,,,,-0.42,,1,-1,0.807,0.193,35,34,35,35,1,3,5,1,2,1,1.56,1.51,1.51,22.5
FF,2023-06-24,97.7,-1.8,5.48,"Kelly, Joe",646240,523260,field_out,hit_into_play,,,,,11,Rafael Devers lines out to left fielder Andrew Benintendi.,R,L,R,CWS,BOS,X,7,line_drive,1,1,2023,-0.9,1.05,-1.16,2.5,,,,0,8,Top,70.82,105.64,,,,,3.812554954050968,-142.17235754710558,-4.956357236021938,-13.115381517821378,32.9720799337544,-16.944385515884843,3.41,1.56,269,80.6,24,97.7,1981,6.3,717629,518735,683734,641313,669394,462101,643217,673357,640449,54.2,0.44,0.402,0.0,1,0,0,3,60,3,4-Seam Fastball,4,3,3,4,3,4,3,4,Infield shade,Standard,230,0.054,-0.254,,,0.502,0.254,88.0,1,-1,0.753,0.247,35,26,35,27,1,3,5,1,2,1,1.34,0.9,-0.9,31.4
FF,2023-06-24,99.3,-1.79,5.51,"Kelly, Joe",646240,523260,,foul,,,,,5,Rafael Devers lines out to left fielder Andrew Benintendi.,R,L,R,CWS,BOS,S,,,1,0,2023,-0.89,1.34,-0.12,2.68,,,,0,8,Top,,,,,,,6.59797568928091,-144.45320591901452,-5.469550644344568,-13.96072064539098,34.63312645363343,-12.269147904483168,3.41,1.56,251,78.2,32,98.8,2256,6.1,717629,518735,683734,641313,669394,462101,643217,673357,640449,54.43,,,,,,,,60,2,4-Seam Fastball,4,3,3,4,3,4,3,4,Standard,Standard,226,0.0,-0.052,,,,0.052,88.0,1,-1,0.753,0.247,35,26,35,27,1,3,5,1,2,1,0.97,0.89,-0.89,31.1
CH,2023-06-24,87.8,-1.93,5.62,"Kelly, Joe",646240,523260,,ball,,,,,11,Rafael Devers lines out to left fielder Andrew Benintendi.,R,L,R,CWS,BOS,B,,,0,0,2023,-1.77,0.73,-1.98,3.63,,,,0,8,Top,,,,,,,3.533822866946147,-127.8276124258822,-0.1529550757963602,-20.05808829181264,28.848176567231917,-24.47340550756035,3.38,1.61,,,,87.2,2136,6.1,717629,518735,683734,641313,669394,462101,643217,673357,640449,54.39,,,,,,,,60,1,Changeup,4,3,3,4,3,4,3,4,Standard,Standard,254,0.0,0.04,,,,-0.04,,1,-1,0.753,0.247,35,26,35,27,1,3,5,1,2,1,2.25,1.77,-1.77,29.9
SL,2023-06-24,90.6,-1.89,5.65,"Kelly, Joe",807799,523260,field_out,hit_into_play,,,,,6,"Masataka Yoshida grounds out, second baseman Tim Anderson to first baseman Andrew Vaughn.",R,L,R,CWS,BOS,X,4,ground_ball,1,2,2023,0.34,-0.25,0.34,2.05,,680776,,2,7,Top,148.33,153.52,,,,,4.848167138859321,-131.8748581425699,-2.5315119071109713,2.9105864635929577,27.98399648770986,-34.79398132486425,3.27,1.47,28,64.9,0,90.6,2942,6.3,717629,518735,683734,641313,669394,462101,643217,673357,640449,54.21,0.071,0.056,0.0,1,0,0,2,55,5,Slider,4,3,3,4,3,4,3,4,Standard,Standard,41,0.065,-0.204,,,0.071,0.204,88.0,1,-1,0.729,0.271,35,29,35,30,1,3,5,1,2,1,3.03,-0.34,0.34,37.9
KC,2023-06-24,89.5,-1.78,5.61,"Kelly, Joe",807799,523260,,foul,,,,,4,"Masataka Yoshida grounds out, second baseman Tim Anderson to first baseman Andrew Vaughn.",R,L,R,CWS,BOS,S,,,1,2,2023,0.32,-0.63,-0.65,2.28,,680776,,2,7,Top,,,,,,,2.1054688438676936,-130.47373428734377,-0.986630180690274,3.3221591739776173,23.363742837161368,-39.41520077716222,3.27,1.47,220,90.1,14,89.9,2845,6.1,717629,518735,683734,641313,669394,462101,643217,673357,640449,54.42,,,,,,,,55,4,Knuckle Curve,4,3,3,4,3,4,3,4,Standard,Standard,40,0.0,0.0,,,,0.0,90.1,1,-1,0.729,0.271,35,29,35,30,1,3,5,1,2,1,3.43,-0.32,0.32,38.1
KC,2023-06-24,90.5,-1.88,5.64,"Kelly, Joe",807799,523260,,foul,,,,,9,"Masataka Yoshida grounds out, second baseman Tim Anderson to first baseman Andrew Vaughn.",R,L,R,CWS,BOS,S,,,1,1,2023,-0.03,-0.69,0.55,1.66,,680776,,2,7,Top,,,,,,,6.066683756100412,-131.66840085518643,-2.414788474405894,-1.7639879914406469,31.570390800304683,-39.76005988957256,3.27,1.47,4,101.5,-24,89.2,2958,5.8,717629,518735,683734,641313,669394,462101,643217,673357,640449,54.72,,,,,,,,55,3,Knuckle Curve,4,3,3,4,3,4,3,4,Standard,Standard,41,0.0,-0.064,,,,0.064,101.5,1,-1,0.729,0.271,35,29,35,30,1,3,5,1,2,1,3.5,0.03,-0.03,37.3
KC,2023-06-24,89.2,-1.88,5.75,"Kelly, Joe",807799,523260,,called_strike,,,,,5,"Masataka Yoshida grounds out, second baseman Tim Anderson to first baseman Andrew Vaughn.",R,L,R,CWS,BOS,S,,,1,0,2023,0.1,-0.78,0.01,2.37,,680776,,2,7,Top,,,,,,,4.394233773829903,-129.91824323711754,-0.6742601317551841,0.2114534812353498,27.144652530673245,-41.04405297908846,3.13,1.37,,,,88.4,2878,5.7,717629,518735,683734,641313,669394,462101,643217,673357,640449,54.78,,,,,,,,55,2,Knuckle Curve,4,3,3,4,3,4,3,4,Standard,Standard,43,0.0,-0.046,,,,0.046,,1,-1,0.729,0.271,35,29,35,30,1,3,5,1,2,1,3.64,-0.1,0.1,37.7
KC,2023-06-24,88.5,-1.92,5.74,"Kelly, Joe",807799,523260,,ball,,,,,1,"Masataka Yoshida grounds out, second baseman Tim Anderson to first baseman Andrew Vaughn.",R,L,R,CWS,BOS,B,,,0,0,2023,0.16,-0.76,-0.78,3.2,,680776,,2,7,Top,,,,,,,2.4063676947924564,-128.82781141921345,1.4631448448752638,1.17336822926222,29.374187154334187,-41.104397107981576,3.15,1.37,,,,86.9,2823,5.5,717629,518735,683734,641313,669394,462101,643217,673357,640449,55.04,,,,,,,,55,1,Knuckle Curve,4,3,3,4,3,4,3,4,Standard,Standard,41,0.0,0.02,,,,-0.02,,1,-1,0.729,0.271,35,29,35,30,1,3,5,1,2,1,3.69,-0.16,0.16,36.6
SL,2023-06-19,90.2,-2.1,5.07,"Kelly, Joe",608369,523260,strikeout,swinging_strike,,,,,14,Corey Seager strikes out swinging.,R,L,R,CWS,TEX,S,2,,1,2,2023,0.68,0.15,1.24,1.3,,,665750,2,8,Top,,,,,,,6.807309592693598,-131.1408927540177,-3.682977928248442,6.2717512693743585,29.37605545211892,-29.785923185726464,3.42,1.52,,,,89.1,2688,5.8,717695,518735,683734,621545,669394,462101,643217,673357,640449,54.71,,0.0,0.0,1,0,0,,65,4,Slider,2,5,5,2,5,2,5,2,Infield shade,Standard,43,0.006,-0.206,,,,0.206,,-3,3,0.073,0.927,35,29,35,29,1,4,4,1,5,1,2.67,-0.68,0.68,21.4
SI,2023-06-19,100.6,-1.72,5.07,"Kelly, Joe",608369,523260,,called_strike,,,,,6,Corey Seager strikes out swinging.,R,L,R,CWS,TEX,S,,,1,1,2023,-1.44,0.71,0.57,2.32,,,665750,2,8,Top,,,,,,,9.771266511111174,-146.23611380975942,-4.026146048657463,-22.90513076772882,31.1837494578922,-21.13179308711183,3.38,1.5,,,,101.1,2315,6.4,717695,518735,683734,621545,669394,462101,643217,673357,640449,54.1,,,,,,,,65,3,Sinker,2,5,5,2,5,2,5,2,Infield shade,Standard,240,0.0,-0.06,,,,0.06,,-3,3,0.073,0.927,35,29,35,29,1,4,4,1,5,1,1.52,1.44,-1.44,20.8
FF,2023-06-19,99.5,-1.61,5.49,"Kelly, Joe",608369,523260,,called_strike,,,,,7,Corey Seager strikes out swinging.,R,L,R,CWS,TEX,S,,,1,0,2023,-1.24,1.06,-0.4,1.88,,,665750,2,8,Top,,,,,,,6.208244805892694,-144.80443838641617,-7.030764299348786,-18.885470908619823,31.499014230491237,-15.871814054232654,3.45,1.5,,,,99.8,2296,6.3,717695,518735,683734,621545,669394,462101,643217,673357,640449,54.21,,,,,,,,65,2,4-Seam Fastball,2,5,5,2,5,2,5,2,Infield shade,Standard,226,0.0,-0.05,,,,0.05,,-3,3,0.073,0.927,35,29,35,29,1,4,4,1,5,1,1.23,1.24,-1.24,32.1
FF,2023-06-19,99.4,-1.54,5.58,"Kelly, Joe",608369,523260,,ball,,,,,14,Corey Seager strikes out swinging.,R,L,R,CWS,TEX,B,,,0,0,2023,-1.18,1.06,0.48,1.34,,,665750,2,8,Top,,,,,,,8.27789944919947,-144.42885244063174,-8.670814927079512,-18.48081678818047,32.08742665197542,-15.417124411932871,3.49,1.48,,,,99.0,2309,6.1,717695,518735,683734,621545,669394,462101,643217,673357,640449,54.44,,,,,,,,65,1,4-Seam Fastball,2,5,5,2,5,2,5,2,Infield shade,Standard,224,0.0,0.03,,,,-0.03,,-3,3,0.073,0.927,35,29,35,29,1,4,4,1,5,1,1.24,1.18,-1.18,33.6
CH,2023-06-19,87.4,-1.56,5.52,"Kelly, Joe",543760,523260,field_out,hit_into_play,,,,,2,Marcus Semien flies out to left fielder Andrew Benintendi.,R,R,R,CWS,TEX,X,7,fly_ball,1,2,2023,-1.54,0.68,-0.02,2.92,,,665750,1,8,Top,56.49,85.97,,,,,6.880964941616206,-127.25483320723556,-1.597348396139454,-18.099965521820415,23.59031132257197,-24.57364234487867,3.29,1.59,327,96.3,41,88.0,2233,6.4,717695,518735,683734,621545,669394,462101,643217,673357,640449,54.11,0.054,0.091,0.0,1,0,0,3,64,5,Changeup,2,5,5,2,5,2,5,2,Standard,Standard,252,0.008,-0.185,,,0.175,0.185,96.3,-3,3,0.065,0.935,35,32,35,33,1,4,4,1,5,1,2.27,1.54,1.54,35.9
FF,2023-06-19,98.6,-1.67,5.53,"Kelly, Joe",543760,523260,,foul,,,,,11,Marcus Semien flies out to left fielder Andrew Benintendi.,R,R,R,CWS,TEX,S,,,1,2,2023,-0.95,1.08,-0.13,3.71,,,665750,1,8,Top,,,,,,,6.349605858130711,-143.52865505426325,-2.034054020861234,-14.611935529232928,30.419093267320378,-16.902365533365238,3.29,1.59,214,74.2,47,98.4,2283,6.0,717695,518735,683734,621545,669394,462101,643217,673357,640449,54.53,,,,,,,,64,4,4-Seam Fastball,2,5,5,2,5,2,5,2,Standard,Standard,225,0.0,0.0,,,,0.0,88.0,-3,3,0.065,0.935,35,32,35,33,1,4,4,1,5,1,1.25,0.95,0.95,31.1
FF,2023-06-19,98.8,-1.62,5.57,"Kelly, Joe",543760,523260,,ball,,,,,12,Marcus Semien flies out to left fielder Andrew Benintendi.,R,R,R,CWS,TEX,B,,,0,2,2023,-1.05,1.01,0.5,3.99,,,665750,1,8,Top,,,,,,,8.184609202789323,-143.70038446838524,-1.2501600919069384,-16.434854856960005,30.94139165765268,-17.980161312267068,3.25,1.52,,,,98.7,2196,6.1,717695,518735,683734,621545,669394,462101,643217,673357,640449,54.41,,,,,,,,64,3,4-Seam Fastball,2,5,5,2,5,2,5,2,Standard,Standard,228,0.0,0.023,,,,-0.023,,-3,3,0.065,0.935,35,32,35,33,1,4,4,1,5,1,1.31,1.05,1.05,32.2
SL,2023-06-19,91.9,-1.63,5.71,"Kelly, Joe",543760,523260,,foul,,,,,9,Marcus Semien flies out to left fielder Andrew Benintendi.,R,R,R,CWS,TEX,S,,,0,1,2023,0.01,0.28,0.58,1.7,,,665750,1,8,Top,,,,,,,5.562681386032279,-133.6980774484471,-4.847721857357191,-1.1777006350867851,31.799354126426568,-27.87834928535146,3.29,1.59,60,55.6,8,91.4,2798,6.3,717695,518735,683734,621545,669394,462101,643217,673357,640449,54.24,,,,,,,,64,2,Slider,2,5,5,2,5,2,5,2,Standard,Standard,94,0.0,-0.053,,,,0.053,88.0,-3,3,0.065,0.935,35,32,35,33,1,4,4,1,5,1,2.44,-0.01,-0.01,37.6
SL,2023-06-19,90.6,-1.79,5.75,"Kelly, Joe",543760,523260,,called_strike,,,,,2,Marcus Semien flies out to left fielder Andrew Benintendi.,R,R,R,CWS,TEX,S,,,0,0,2023,-0.03,0.34,0.01,2.85,,,665750,1,8,Top,,,,,,,4.510732514954261,-131.87972938759827,-2.0540959477470166,-1.2431175620609276,27.677508194693775,-27.958501574086135,3.25,1.52,,,,90.1,2701,5.9,717695,518735,683734,621545,669394,462101,643217,673357,640449,54.56,,,,,,,,64,1,Slider,2,5,5,2,5,2,5,2,Standard,Standard,269,0.0,-0.042,,,,0.042,,-3,3,0.065,0.935,35,32,35,33,1,4,4,1,5,1,2.43,0.03,0.03,34.8
CH,2023-06-19,88.3,-1.63,5.66,"Kelly, Joe",665750,523260,single,hit_into_play,,,,,5,Leody Taveras singles on a ground ball to right fielder Clint Frazier.,R,L,R,CWS,TEX,X,9,ground_ball,1,2,2023,-1.8,0.83,0.27,2.8,,,,1,8,Top,170.11,122.65,,,,,8.344261738457826,-128.20590467099186,-2.539761425192042,-21.555767889828157,28.29019881751671,-22.678397496743862,3.63,1.78,49,93.6,0,87.8,2209,6.2,717695,518735,683734,621545,669394,462101,643217,673357,640449,54.28,0.349,0.362,0.9,1,1,0,2,63,4,Changeup,2,5,5,2,5,2,5,2,Standard,Standard,244,-0.007,0.495,,,0.379,-0.495,93.6,-3,3,0.072,0.928,35,24,35,25,1,3,4,1,5,1,2.12,1.8,-1.8,36.3
FF,2023-06-19,99.3,-1.57,5.64,"Kelly, Joe",665750,523260,,ball,,,,,12,Leody Taveras singles on a ground ball to right fielder Clint Frazier.,R,L,R,CWS,TEX,B,,,0,2,2023,-1.17,1.38,0.88,3.31,,,,1,8,Top,,,,,,,9.422161067719165,-144.2898220577865,-4.12700163714342,-18.635796340778537,35.69354049550153,-12.162310072732598,3.59,1.8,,,,98.7,2270,6.2,717695,518735,683734,621545,669394,462101,643217,673357,640449,54.33,,,,,,,,63,3,4-Seam Fastball,2,5,5,2,5,2,5,2,Standard,Standard,226,0.0,0.019,,,,-0.019,,-3,3,0.072,0.928,35,24,35,25,1,3,4,1,5,1,0.95,1.17,-1.17,32.2
CH,2023-06-19,87.8,-1.77,5.58,"Kelly, Joe",665750,523260,,called_strike,,,,,2,Leody Taveras singles on a ground ball to right fielder Clint Frazier.,R,L,R,CWS,TEX,S,,,0,1,2023,-1.78,0.59,-0.14,3.1,,,,1,8,Top,,,,,,,7.590120639462671,-127.62806643302598,-1.0668117364510226,-21.00866043076242,27.595351421003496,-25.73013376957733,3.59,1.65,,,,87.3,2142,6.1,717695,518735,683734,621545,669394,462101,643217,673357,640449,54.38,,,,,,,,63,2,Changeup,2,5,5,2,5,2,5,2,Standard,Standard,253,0.0,-0.057,,,,0.057,,-3,3,0.072,0.928,35,24,35,25,1,3,4,1,5,1,2.38,1.78,-1.78,30.6
FF,2023-06-19,97.7,-1.79,5.6,"Kelly, Joe",665750,523260,,called_strike,,,,,6,Leody Taveras singles on a ground ball to right fielder Clint Frazier.,R,L,R,CWS,TEX,S,,,0,0,2023,-1.1,1.24,0.74,2.4,,,,1,8,Top,,,,,,,9.25283795517356,-141.95526911719358,-5.914142780714443,-17.007382119332114,33.230569994249876,-14.14305096684678,3.56,1.82,,,,96.7,2274,5.8,717695,518735,683734,621545,669394,462101,643217,673357,640449,54.66,,,,,,,,63,1,4-Seam Fastball,2,5,5,2,5,2,5,2,Standard,Standard,225,0.0,-0.041,,,,0.041,,-3,3,0.072,0.928,35,24,35,25,1,3,4,1,5,1,1.15,1.1,-1.1,29.4
KC,2023-06-19,89.6,-1.85,5.64,"Kelly, Joe",641598,523260,strikeout,swinging_strike,,,,,14,Mitch Garver strikes out swinging.,R,R,R,CWS,TEX,S,2,,2,2,2023,0.19,-0.37,0.96,1.09,,,,0,8,Top,,,,,,,6.545272016639039,-130.44766240504003,-4.547831535238588,0.9752527570504508,23.535767426324625,-35.808234935352466,3.47,1.61,,,,90.0,2933,6.2,717695,518735,683734,621545,669394,462101,643217,673357,640449,54.32,,0.0,0.0,1,0,0,,62,5,Knuckle Curve,2,5,5,2,5,2,5,2,Standard,Standard,44,0.007,-0.239,,,,0.239,,-3,3,0.065,0.935,35,32,35,32,1,3,4,1,5,4,3.18,-0.19,-0.19,31.3
KC,2023-06-19,87.1,-1.75,5.94,"Kelly, Joe",641598,523260,,ball,,,,,13,Mitch Garver strikes out swinging.,R,R,R,CWS,TEX,B,,,1,2,2023,0.31,-0.72,-0.72,1.39,,,,0,8,Top,,,,,,,1.8149557063811608,-126.95802027205625,-3.2941045908961275,2.964037039807856,25.109025566801307,-39.5473217667716,3.32,1.52,,,,86.5,2927,5.7,717695,518735,683734,621545,669394,462101,643217,673357,640449,54.79,,,,,,,,62,4,Knuckle Curve,2,5,5,2,5,2,5,2,Standard,Standard,41,0.0,0.046,,,,-0.046,,-3,3,0.065,0.935,35,32,35,32,1,3,4,1,5,4,3.71,-0.31,-0.31,39.2
FF,2023-06-19,96.8,-1.54,5.66,"Kelly, Joe",641598,523260,,ball,,,,,14,Mitch Garver strikes out swinging.,R,R,R,CWS,TEX,B,,,0,2,2023,-1.15,1.3,1.35,2.37,,,,0,8,Top,,,,,,,10.345356067174375,-140.4831434629174,-6.131233926950757,-17.6857277019023,33.59629770165464,-13.758111201578926,3.43,1.58,,,,96.4,2260,6.3,717695,518735,683734,621545,669394,462101,643217,673357,640449,54.16,,,,,,,,62,3,4-Seam Fastball,2,5,5,2,5,2,5,2,Standard,Standard,222,0.0,0.024,,,,-0.024,,-3,3,0.065,0.935,35,32,35,32,1,3,4,1,5,4,1.16,1.15,1.15,35.1
KC,2023-06-19,86.8,-1.88,5.98,"Kelly, Joe",641598,523260,,called_strike,,,,,1,Mitch Garver strikes out swinging.,R,R,R,CWS,TEX,S,,,0,1,2023,0.33,-0.77,-0.51,3.26,,,,0,8,Top,,,,,,,2.567281491250734,-126.4886390981044,1.1724600909917813,3.0395243647144774,24.216602829155487,-40.903733161310775,3.43,1.54,,,,85.9,2901,5.5,717695,518735,683734,621545,669394,462101,643217,673357,640449,54.99,,,,,,,,62,2,Knuckle Curve,2,5,5,2,5,2,5,2,Standard,Standard,39,0.0,-0.054,,,,0.054,,-3,3,0.065,0.935,35,32,35,32,1,3,4,1,5,4,3.77,-0.33,-0.33,35.2
KC,2023-06-19,86.1,-1.7,5.92,"Kelly, Joe",641598,523260,,called_strike,,,,,5,Mitch Garver strikes out swinging.,R,R,R,CWS,TEX,S,,,0,0,2023,-0.01,-0.28,0.2,2.39,,,,0,8,Top,,,,,,,4.506015345535127,-125.55084514476356,-1.6841498648083495,-0.92708221158505,21.4333759781863,-35.07427025157347,3.34,1.54,,,,86.1,2630,5.8,717695,518735,683734,621545,669394,462101,643217,673357,640449,54.7,,,,,,,,62,1,Knuckle Curve,2,5,5,2,5,2,5,2,Standard,Standard,41,0.0,-0.042,,,,0.042,,-3,3,0.065,0.935,35,32,35,32,1,3,4,1,5,4,3.3,0.01,0.01,40.8
SI,2023-06-15,97.2,-1.85,5.1,"Kelly, Joe",444482,523260,field_out,hit_into_play,,,,,4,David Peralta lines out sharply to center fielder Luis Robert Jr.,R,L,R,LAD,CWS,X,8,line_drive,0,0,2023,-1.38,0.73,-0.36,2.39,,,669257,2,7,Bot,91.9,70.79,,,,,7.159726654616937,-141.4742273325729,-3.451385615234601,-20.21817424873236,29.946771289121635,-21.81010803475012,3.53,1.7,329,104.0,15,97.4,2109,6.2,717748,518735,683734,462101,669394,641313,640449,673357,657757,54.29,0.663,0.724,0.0,1,0,0,5,63,1,Sinker,4,4,4,4,4,4,4,4,Strategic,Standard,237,-0.041,-0.286,,,1.053,0.286,104.0,0,0,0.541,0.541,35,35,35,36,1,3,1,1,4,1,1.67,1.38,-1.38,24.4
SL,2023-06-15,89.6,-1.71,5.66,"Kelly, Joe",518792,523260,strikeout,swinging_strike_blocked,,,,,14,Jason Heyward strikes out swinging.,R,L,R,LAD,CWS,S,2,,1,2,2023,0.25,0.02,0.26,0.54,,,669257,1,7,Bot,,,,,,,4.336008381131713,-130.41068934084035,-6.7285846686445785,1.9955570270254168,24.893508558532737,-30.79719676479156,3.44,1.65,,,,89.5,2705,6.0,717748,518735,683734,462101,669394,641313,640449,673357,657757,54.5,,0.0,0.0,1,0,0,,62,4,Slider,4,4,4,4,4,4,4,4,Standard,Standard,15,-0.048,-0.183,,,,0.183,,0,0,0.589,0.589,35,33,35,34,1,3,1,1,4,1,2.79,-0.25,0.25,37.0
SL,2023-06-15,89.5,-1.65,5.62,"Kelly, Joe",518792,523260,,foul_tip,,,,,9,Jason Heyward strikes out swinging.,R,L,R,LAD,CWS,S,,,1,1,2023,0.51,-0.29,0.43,1.7,,,669257,1,7,Bot,,,,,,,4.044910693409796,-130.34227034790518,-3.075556912459956,4.981094733046479,26.205729233286732,-35.02399868115066,3.44,1.65,,,,89.5,2621,6.1,717748,518735,683734,462101,669394,641313,640449,673357,657757,54.38,,,,,,,,62,3,Slider,4,4,4,4,4,4,4,4,Standard,Standard,43,0.0,-0.055,,,,0.055,,0,0,0.589,0.589,35,33,35,34,1,3,1,1,4,1,3.12,-0.51,0.51,41.1
SL,2023-06-15,91.0,-1.86,5.6,"Kelly, Joe",518792,523260,,foul,,,,,14,Jason Heyward strikes out swinging.,R,L,R,LAD,CWS,S,,,1,0,2023,0.36,0.07,0.49,1.45,,,669257,1,7,Bot,,,,,,,5.090536831175364,-132.36696673613224,-4.595476546623228,3.069590276680002,29.70745547686804,-30.57304584192071,3.44,1.65,4,99.3,-20,90.4,2605,6.1,717748,518735,683734,462101,669394,641313,640449,673357,657757,54.42,,,,,,,,62,2,Slider,4,4,4,4,4,4,4,4,Standard,Standard,36,0.0,-0.053,,,,0.053,99.3,0,0,0.589,0.589,35,33,35,34,1,3,1,1,4,1,2.7,-0.36,0.36,36.4
SI,2023-06-15,97.7,-1.86,5.07,"Kelly, Joe",518792,523260,,ball,,,,,14,Jason Heyward strikes out swinging.,R,L,R,LAD,CWS,B,,,0,0,2023,-1.57,0.61,0.92,1.04,,,669257,1,7,Bot,,,,,,,11.081599173623236,-141.83634817093838,-6.765466089337426,-23.706875613057967,30.499462245908784,-22.56380094255751,3.41,1.58,,,,97.7,2261,6.3,717748,518735,683734,462101,669394,641313,640449,673357,657757,54.22,,,,,,,,62,1,Sinker,4,4,4,4,4,4,4,4,Standard,Standard,235,0.0,0.036,,,,-0.036,,0,0,0.589,0.589,35,33,35,34,1,3,1,1,4,1,1.78,1.57,-1.57,26.8
FF,2023-06-15,97.9,-1.65,5.37,"Kelly, Joe",669257,523260,walk,ball,,,,,14,Will Smith walks.,R,R,R,LAD,CWS,B,,,3,2,2023,-1.25,1.1,0.07,1.08,,,,1,7,Bot,,,,,,,7.49220379821044,-142.25488613215808,-8.632170911485078,-18.676512565516234,31.011823034789415,-15.447466832424643,3.34,1.62,,,,97.9,2220,6.3,717748,518735,683734,462101,669394,641313,640449,673357,657757,54.23,,0.695903,0.7,1,0,0,,61,6,4-Seam Fastball,4,4,4,4,4,4,4,4,Standard,Standard,228,0.041,0.36,,,,-0.36,,0,0,0.548,0.548,35,28,35,28,1,3,1,2,4,1,1.28,1.25,1.25,31.9
FF,2023-06-15,96.8,-1.67,5.4,"Kelly, Joe",669257,523260,,ball,,,,,14,Will Smith walks.,R,R,R,LAD,CWS,B,,,2,2,2023,-0.86,1.2,1.42,2.04,,,,1,7,Bot,,,,,,,10.138088279861584,-140.62296579373114,-6.180068728745376,-13.510635325535723,28.59312757204994,-14.967039431475916,3.38,1.62,,,,96.8,2234,6.1,717748,518735,683734,462101,669394,641313,640449,673357,657757,54.35,,,,,,,,61,5,4-Seam Fastball,4,4,4,4,4,4,4,4,Standard,Standard,231,0.0,0.094,,,,-0.094,,0,0,0.548,0.548,35,28,35,28,1,3,1,2,4,1,1.22,0.86,0.86,32.4
SL,2023-06-15,90.5,-1.8,5.58,"Kelly, Joe",669257,523260,,foul,,,,,2,Will Smith walks.,R,R,R,LAD,CWS,S,,,2,1,2023,0.47,-0.03,-0.19,3.28,,,,1,7,Bot,,,,,,,2.979811348955444,-131.81211232643338,0.2547320712359058,4.856644453594107,27.797345508490825,-32.845246671585905,3.31,1.55,255,77.3,33,89.9,2819,5.9,717748,518735,683734,462101,669394,641313,640449,673357,657757,54.64,,,,,,,,61,4,Slider,4,4,4,4,4,4,4,4,Standard,Standard,54,0.0,-0.076,,,,0.076,88.0,0,0,0.548,0.548,35,28,35,28,1,3,1,2,4,1,2.81,-0.47,-0.47,35.1
SL,2023-06-15,91.2,-1.84,5.59,"Kelly, Joe",669257,523260,,ball,,,,,12,Will Smith walks.,R,R,R,LAD,CWS,B,,,1,1,2023,0.5,-0.11,0.05,4.37,,,,1,7,Bot,,,,,,,3.663219445272176,-132.73426926960693,3.0403929267792544,5.061706797189903,29.474564746980327,-34.352742121059734,3.31,1.58,,,,90.7,2835,6.0,717748,518735,683734,462101,669394,641313,640449,673357,657757,54.47,,,,,,,,61,3,Slider,4,4,4,4,4,4,4,4,Standard,Standard,60,0.0,0.054,,,,-0.054,,0,0,0.548,0.548,35,28,35,28,1,3,1,2,4,1,2.86,-0.5,-0.5,38.0
SL,2023-06-15,93.4,-1.8,5.51,"Kelly, Joe",669257,523260,,ball,,,,,14,Will Smith walks.,R,R,R,LAD,CWS,B,,,0,1,2023,0.16,-0.1,0.58,0.31,,,,1,7,Bot,,,,,,,5.728297911481441,-135.72806012553335,-7.267187966735663,0.5454196349777599,33.63193466927679,-31.82640902029135,3.38,1.65,,,,92.2,2847,6.0,717748,518735,683734,462101,669394,641313,640449,673357,657757,54.53,,,,,,,,61,2,Slider,4,4,4,4,4,4,4,4,Standard,Standard,7,0.0,0.03,,,,-0.03,,0,0,0.548,0.548,35,28,35,28,1,3,1,2,4,1,2.75,-0.16,-0.16,35.6
FF,2023-06-15,98.8,-1.72,5.26,"Kelly, Joe",669257,523260,,called_strike,,,,,9,Will Smith walks.,R,R,R,LAD,CWS,S,,,0,0,2023,-1.17,1.02,0.53,1.66,,,,1,7,Bot,,,,,,,8.82351019619058,-143.43052360852522,-6.722292519855239,-18.194399766630276,33.86631250104215,-16.66317887851998,3.44,1.62,,,,98.6,2184,6.3,717748,518735,683734,462101,669394,641313,640449,673357,657757,54.17,,,,,,,,61,1,4-Seam Fastball,4,4,4,4,4,4,4,4,Standard,Standard,225,0.0,-0.041,,,,0.041,,0,0,0.548,0.548,35,28,35,28,1,3,1,2,4,1,1.33,1.17,1.17,31.2
FF,2023-06-15,99.2,-1.87,5.17,"Kelly, Joe",518692,523260,field_out,hit_into_play,,,,,5,Freddie Freeman flies out to left fielder Clint Frazier.,R,L,R,LAD,CWS,X,7,fly_ball,3,2,2023,-1.2,0.93,0.09,2.52,,,,0,7,Bot,85.27,94.27,,,,,8.169598829376248,-144.261014903374,-3.995625578749209,-18.708672781038754,34.81033134797678,-18.42842017580248,3.57,1.76,280,80.3,31,99.0,2289,6.3,717748,518735,683734,462101,669394,641313,640449,673357,657757,54.23,0.094,0.107,0.0,1,0,0,3,60,6,4-Seam Fastball,4,4,4,4,4,4,4,4,Strategic,Standard,228,-0.038,-0.353,,,0.164,0.353,88.0,0,0,0.586,0.586,35,33,35,34,1,3,1,1,4,1,1.39,1.2,-1.2,26.0
FF,2023-06-15,98.9,-1.78,5.24,"Kelly, Joe",518692,523260,,foul,,,,,9,Freddie Freeman flies out to left fielder Clint Frazier.,R,L,R,LAD,CWS,S,,,3,1,2023,-1.15,1.22,0.5,2.05,,,,0,7,Bot,,,,,,,8.91327187732212,-143.66224960908434,-6.114316111217612,-18.003052366725157,32.36955256363356,-14.025519527063018,3.57,1.76,169,66.6,19,99.0,2289,6.4,717748,518735,683734,462101,669394,641313,640449,673357,657757,54.13,,,,,,,,60,5,4-Seam Fastball,4,4,4,4,4,4,4,4,Strategic,Standard,230,0.0,-0.088,,,,0.088,88.0,0,0,0.586,0.586,35,33,35,34,1,3,1,1,4,1,1.11,1.15,-1.15,28.8
SI,2023-06-15,99.0,-1.98,5.02,"Kelly, Joe",518692,523260,,ball,,,,,14,Freddie Freeman flies out to left fielder Clint Frazier.,R,L,R,LAD,CWS,B,,,2,1,2023,-1.44,0.65,0.71,1.64,,,,0,7,Bot,,,,,,,10.700529021418427,-143.7703276445198,-5.349714205313347,-22.409466650954982,31.068553198474465,-22.113077824074413,3.6,1.86,,,,99.4,2229,6.5,717748,518735,683734,462101,669394,641313,640449,673357,657757,54.04,,,,,,,,60,4,Sinker,4,4,4,4,4,4,4,4,Strategic,Standard,237,0.0,0.129,,,,-0.129,,0,0,0.586,0.586,35,33,35,34,1,3,1,1,4,1,1.67,1.44,-1.44,27.4
CH,2023-06-15,91.0,-2.03,5.3,"Kelly, Joe",518692,523260,,ball,,,,,13,Freddie Freeman flies out to left fielder Clint Frazier.,R,L,R,LAD,CWS,B,,,1,1,2023,-1.67,0.51,-1.25,2.57,,,,0,7,Bot,,,,,,,5.545539328718563,-132.38581637077473,-2.0573332608000747,-20.835276553272283,28.489229020941913,-25.912437959514374,3.57,1.83,,,,90.8,2203,6.2,717748,518735,683734,462101,669394,641313,640449,673357,657757,54.3,,,,,,,,60,3,Changeup,4,4,4,4,4,4,4,4,Strategic,Standard,253,0.0,0.059,,,,-0.059,,0,0,0.586,0.586,35,33,35,34,1,3,1,1,4,1,2.24,1.67,-1.67,29.2
SI,2023-06-15,100.5,-1.87,5.14,"Kelly, Joe",518692,523260,,called_strike,,,,,9,Freddie Freeman flies out to left fielder Clint Frazier.,R,L,R,LAD,CWS,S,,,1,0,2023,-1.48,0.73,0.37,2.13,,,,0,7,Bot,,,,,,,9.688031101230164,-146.04461621833565,-4.714559508573063,-23.38824919352774,33.89319315425986,-20.811250126884005,3.64,1.86,,,,100.4,2346,6.3,717748,518735,683734,462101,669394,641313,640449,673357,657757,54.23,,,,,,,,60,2,Sinker,4,4,4,4,4,4,4,4,Strategic,Standard,231,0.0,-0.052,,,,0.052,,0,0,0.586,0.586,35,33,35,34,1,3,1,1,4,1,1.53,1.48,-1.48,26.6
SI,2023-06-15,98.9,-1.86,5.2,"Kelly, Joe",518692,523260,,ball,,,,,14,Freddie Freeman flies out to left fielder Clint Frazier.,R,L,R,LAD,CWS,B,,,0,0,2023,-1.37,0.75,1.3,2.06,,,,0,7,Bot,,,,,,,11.77772636168994,-143.52836616155372,-4.911669081831793,-21.567324229379615,30.56459891530231,-20.75213756955337,3.64,1.83,,,,99.1,2331,6.3,717748,518735,683734,462101,669394,641313,640449,673357,657757,54.15,,,,,,,,60,1,Sinker,4,4,4,4,4,4,4,4,Strategic,Standard,233,0.0,0.04,,,,-0.04,,0,0,0.586,0.586,35,33,35,34,1,3,1,1,4,1,1.57,1.37,-1.37,25.8
CH,2023-06-14,92.1,-1.66,5.3,"Kelly, Joe",444482,523260,field_out,hit_into_play,,,,,13,"David Peralta grounds out, shortstop Tim Anderson to first baseman Andrew Vaughn.",R,L,R,LAD,CWS,X,6,ground_ball,1,1,2023,-1.67,0.57,-1.04,2.41,605131,605141,518692,2,6,Bot,112.44,132.66,,,,,5.208920156328299,-134.01056176263427,-2.7338277796836885,-21.298845913371515,29.599827000534212,-24.96184922452051,3.53,1.7,121,96.7,4,92.1,2226,6.3,717760,518735,683734,462101,669394,641313,643217,673357,640449,54.17,0.557,0.546,0.0,1,0,0,4,58,3,Changeup,4,2,4,2,2,4,4,2,Standard,Standard,251,-0.039,-0.254,,,0.658,0.254,96.7,2,2,0.863,0.863,35,35,35,36,1,3,4,1,1,1,2.13,1.67,-1.67,26.3
CH,2023-06-14,90.2,-1.63,5.36,"Kelly, Joe",444482,523260,,swinging_strike,,,,,7,"David Peralta grounds out, shortstop Tim Anderson to first baseman Andrew Vaughn.",R,L,R,LAD,CWS,S,,,1,0,2023,-1.52,0.59,-0.82,2.23,605131,605141,518692,2,6,Bot,,,,,,,5.206967829702125,-131.313659413714,-3.0683584153922108,-18.651457478229215,28.53095497951477,-24.94046265100947,3.53,1.7,,,,89.9,2038,6.1,717760,518735,683734,462101,669394,641313,643217,673357,640449,54.36,,,,,,,,58,2,Changeup,4,2,4,2,2,4,4,2,Standard,Standard,248,0.0,-0.048,,,,0.048,,2,2,0.863,0.863,35,35,35,36,1,3,4,1,1,1,2.22,1.52,-1.52,28.1
FF,2023-06-14,99.3,-1.58,5.29,"Kelly, Joe",444482,523260,,ball,,,,,13,"David Peralta grounds out, shortstop Tim Anderson to first baseman Andrew Vaughn.",R,L,R,LAD,CWS,B,,,0,0,2023,-1.12,1.17,-0.1,1.48,605131,605141,518692,2,6,Bot,,,,,,,6.647973676226965,-144.3867109905828,-7.738535521165625,-17.219521102265016,33.06963856055441,-14.194225961809437,3.55,1.75,,,,99.0,2309,6.1,717760,518735,683734,462101,669394,641313,643217,673357,640449,54.36,,,,,,,,58,1,4-Seam Fastball,4,2,4,2,2,4,4,2,Standard,Standard,230,0.0,0.035,,,,-0.035,,2,2,0.863,0.863,35,35,35,36,1,3,4,1,1,1,1.14,1.12,-1.12,31.8
FF,2023-06-14,99.4,-1.49,5.4,"Kelly, Joe",502110,523260,strikeout,swinging_strike,,,,,11,J.D. Martinez strikes out swinging.,R,R,R,LAD,CWS,S,2,,2,2,2023,-1.0,1.22,-1.23,4.26,605131,605141,518692,1,6,Bot,,,,,,,3.039935993322402,-144.84260245568206,-0.5710777026725727,-14.84615847306107,34.24518821559997,-15.100926573309136,3.58,1.67,,,,99.4,2308,6.2,717760,518735,683734,462101,669394,641313,643217,673357,640449,54.29,,0.0,0.0,1,0,0,,57,5,4-Seam Fastball,4,2,4,2,2,4,4,2,Standard,Standard,227,-0.039,-0.237,,,,0.237,,2,2,0.902,0.902,35,35,35,36,1,3,4,1,1,1,1.08,1.0,1.0,37.9
SL,2023-06-14,94.7,-1.8,5.47,"Kelly, Joe",502110,523260,,swinging_strike,,,,,14,J.D. Martinez strikes out swinging.,R,R,R,LAD,CWS,S,,,2,1,2023,0.18,0.18,0.72,1.07,605131,605141,518692,1,6,Bot,,,,,,,6.1442917281515586,-137.5960464174329,-6.138666425783649,0.8412302617722442,33.09168293832024,-28.672251263531443,3.58,1.67,,,,94.2,2767,6.2,717760,518735,683734,462101,669394,641313,643217,673357,640449,54.25,,,,,,,,57,4,Slider,4,2,4,2,2,4,4,2,Standard,Standard,28,0.0,-0.055,,,,0.055,,2,2,0.902,0.902,35,35,35,36,1,3,4,1,1,1,2.39,-0.18,-0.18,34.4
SL,2023-06-14,95.0,-1.74,5.43,"Kelly, Joe",502110,523260,,ball,,,,,14,J.D. Martinez strikes out swinging.,R,R,R,LAD,CWS,B,,,1,1,2023,0.13,0.1,0.75,0.85,605131,605141,518692,1,6,Bot,,,,,,,6.21191283382563,-138.12118571316222,-6.492284258594443,0.1291903253172583,33.23914741076937,-29.55757306938935,3.6,1.73,,,,94.4,2718,6.1,717760,518735,683734,462101,669394,641313,643217,673357,640449,54.36,,,,,,,,57,3,Slider,4,2,4,2,2,4,4,2,Standard,Standard,0,0.0,0.022,,,,-0.022,,2,2,0.902,0.902,35,35,35,36,1,3,4,1,1,1,2.45,-0.13,-0.13,30.5
SL,2023-06-14,94.6,-1.77,5.42,"Kelly, Joe",502110,523260,,foul,,,,,6,J.D. Martinez strikes out swinging.,R,R,R,LAD,CWS,S,,,1,0,2023,0.12,0.16,0.74,2.32,605131,605141,518692,1,6,Bot,,,,,,,6.287433998704534,-137.66978377053286,-2.7420444881569574,0.0956055797589125,31.070846120999757,-29.73133522904522,3.58,1.67,5,69.1,-23,94.4,2716,6.2,717760,518735,683734,462101,669394,641313,643217,673357,640449,54.28,,,,,,,,57,2,Slider,4,2,4,2,2,4,4,2,Standard,Standard,46,0.0,-0.056,,,,0.056,88.0,2,2,0.902,0.902,35,35,35,36,1,3,4,1,1,1,2.39,-0.12,-0.12,31.2
SL,2023-06-14,94.0,-1.81,5.54,"Kelly, Joe",502110,523260,,ball,,,,,14,J.D. Martinez strikes out swinging.,R,R,R,LAD,CWS,B,,,0,0,2023,0.2,0.06,0.65,1.76,605131,605141,518692,1,6,Bot,,,,,,,5.913984033779992,-136.84524514972188,-4.233176883956061,1.2221334706969726,30.135313382468677,-30.626843612589937,3.55,1.98,,,,93.8,2798,6.1,717760,518735,683734,462101,669394,641313,643217,673357,640449,54.35,,,,,,,,57,1,Slider,4,2,4,2,2,4,4,2,Standard,Standard,21,0.0,0.032,,,,-0.032,,2,2,0.902,0.902,35,35,35,36,1,3,4,1,1,1,2.51,-0.2,-0.2,35.0
SI,2023-06-14,98.6,-1.75,5.24,"Kelly, Joe",518692,523260,walk,ball,,,,,11,Freddie Freeman walks.   Mookie Betts to 2nd.,R,L,R,LAD,CWS,B,,,3,0,2023,-1.48,0.63,-1.32,2.81,605131,,605141,1,6,Bot,,,,,,,4.620438077001761,-143.56306389623091,-2.6591756188562368,-21.605442684554212,32.37221474834903,-23.04872658005063,3.58,1.85,,,,98.6,2196,6.2,717760,518735,683734,462101,669394,641313,643217,673357,640449,54.32,,0.695903,0.7,1,0,0,,56,4,Sinker,4,2,4,2,2,4,4,2,Standard,Standard,237,0.012,0.042,,,,-0.042,,2,2,0.89,0.89,35,33,35,34,1,3,4,1,1,1,1.71,1.48,-1.48,28.6
SI,2023-06-14,99.2,-1.75,5.04,"Kelly, Joe",518692,523260,,ball,,,,,14,Freddie Freeman walks.   Mookie Betts to 2nd.,R,L,R,LAD,CWS,B,,,2,0,2023,-1.41,0.49,0.98,1.82,605131,,605141,1,6,Bot,,,,,,,10.74941109753768,-144.11012104712415,-4.54929876673756,-22.121852408404404,32.265001470015456,-24.438233587074496,3.63,1.87,,,,99.3,2228,6.4,717760,518735,683734,462101,669394,641313,643217,673357,640449,54.15,,,,,,,,56,3,Sinker,4,2,4,2,2,4,4,2,Standard,Standard,235,0.0,0.098,,,,-0.098,,2,2,0.89,0.89,35,33,35,34,1,3,4,1,1,1,1.83,1.41,-1.41,25.2
SL,2023-06-14,93.3,-1.78,5.55,"Kelly, Joe",518692,523260,,ball,,,,,14,Freddie Freeman walks.   Mookie Betts to 2nd.,R,L,R,LAD,CWS,B,,,1,0,2023,0.11,0.12,1.15,1.47,605131,,605141,1,6,Bot,,,,,,,7.251680695236571,-135.64493861049175,-4.9047063582080455,-0.3714108588487259,32.3345368867154,-29.708392903015863,3.63,1.85,,,,92.3,2712,5.9,717760,518735,683734,462101,669394,641313,643217,673357,640449,54.57,,,,,,,,56,2,Slider,4,2,4,2,2,4,4,2,Standard,Standard,10,0.0,0.064,,,,-0.064,,2,2,0.89,0.89,35,33,35,34,1,3,4,1,1,1,2.52,-0.11,0.11,31.9
SL,2023-06-14,92.5,-1.84,5.57,"Kelly, Joe",518692,523260,,ball,,,,,14,Freddie Freeman walks.   Mookie Betts to 2nd.,R,L,R,LAD,CWS,B,,,0,0,2023,0.24,0.02,0.35,1.43,605131,,605141,1,6,Bot,,,,,,,5.040760042407336,-134.59654149612138,-4.787193219107103,1.8025389733931567,29.587810053195422,-31.052160746948203,3.63,1.85,,,,91.9,2719,6.0,717760,518735,683734,462101,669394,641313,643217,673357,640449,54.54,,,,,,,,56,1,Slider,4,2,4,2,2,4,4,2,Standard,Standard,20,0.0,0.041,,,,-0.041,,2,2,0.89,0.89,35,33,35,34,1,3,4,1,1,1,2.64,-0.24,0.24,39.2
FF,2023-06-14,98.6,-1.69,5.38,"Kelly, Joe",605141,523260,single,hit_into_play,,,,,1,Mookie Betts singles on a ground ball to right fielder Clint Frazier.   Jason Heyward scores.    Miguel Vargas scores.    Austin Barnes to 3rd.,R,R,R,LAD,CWS,X,9,ground_ball,0,1,2023,-1.45,1.06,-0.42,3.05,518792,678246,605131,1,6,Bot,172.77,109.33,,,,,6.799092698118636,-143.34733113113455,-3.309063173500342,-21.53227992467288,34.72765902785642,-16.977893193698268,3.12,1.45,76,71.0,6,98.2,2428,6.2,717760,518735,683734,462101,669394,641313,643217,673357,640449,54.26,0.243,0.23,0.9,1,1,0,2,55,2,4-Seam Fastball,2,2,2,2,2,4,4,2,Standard,Standard,232,0.181,0.498,,,0.3,-0.498,88.0,0,0,0.709,0.709,35,30,35,31,1,3,4,1,1,1,1.3,1.45,1.45,31.0
FF,2023-06-14,98.5,-1.7,5.28,"Kelly, Joe",605141,523260,,called_strike,,,,,4,Mookie Betts singles on a ground ball to right fielder Clint Frazier.   Jason Heyward scores.    Miguel Vargas scores.    Austin Barnes to 3rd.,R,R,R,LAD,CWS,S,,,0,0,2023,-1.43,0.9,-0.3,2.62,518792,678246,605131,1,6,Bot,,,,,,,7.123572030049184,-143.2367570315287,-3.811980933112303,-21.39497197443959,36.36474263216561,-19.147500085605124,3.23,1.7,,,,98.0,2373,6.3,717760,518735,683734,462101,669394,641313,643217,673357,640449,54.23,,,,,,,,55,1,4-Seam Fastball,2,2,2,2,2,2,2,2,Standard,Standard,237,0.0,-0.05,,,,0.05,,0,0,0.709,0.709,35,30,35,31,1,3,4,1,1,1,1.47,1.43,1.43,30.8
SI,2023-06-10,99.2,-1.83,5.14,"Kelly, Joe",493329,523260,force_out,hit_into_play,,,,,1,"Yuli Gurriel grounds into a force out, fielded by shortstop Tim Anderson.   Jorge Soler scores.    Bryan De La Cruz out at 3rd.    Jesus Sanchez to 2nd.    Yuli Gurriel to 1st.",R,R,R,CWS,MIA,X,6,ground_ball,1,2,2023,-1.38,0.45,-0.47,3.22,624585,650559,660821,0,9,Top,107.12,161.57,,,,,6.939232145319309,-144.3878523094394,-0.9343625958278616,-20.92195762497969,31.16511823865369,-25.843481064164795,3.36,1.63,4,88.3,-42,99.5,2159,6.3,717820,518735,683734,462101,660162,641313,643217,673357,640449,54.2,0.06,0.054,0.0,1,0,0,2,70,4,Sinker,1,2,2,1,3,1,3,1,Strategic,Standard,233,-0.001,-0.19,,,0.06,0.19,88.3,-1,1,0.061,0.939,35,39,35,39,1,4,2,1,4,1,1.85,1.38,1.38,26.9
SI,2023-06-10,99.9,-1.73,5.1,"Kelly, Joe",493329,523260,,foul,,,,,5,"Yuli Gurriel grounds into a force out, fielded by shortstop Tim Anderson.   Jorge Soler scores.    Bryan De La Cruz out at 3rd.    Jesus Sanchez to 2nd.    Yuli Gurriel to 1st.",R,R,R,CWS,MIA,S,,,1,1,2023,-1.29,0.37,-0.13,2.22,624585,650559,660821,0,9,Top,,,,,,,7.438041025032218,-145.47866416583184,-3.51644472658971,-19.980615460818708,30.690476741260284,-26.255656857877742,3.36,1.63,,,,100.4,2303,6.3,717820,518735,683734,462101,660162,641313,643217,673357,640449,54.19,,,,,,,,70,3,Sinker,1,2,2,1,2,1,2,1,Strategic,Standard,233,0.0,-0.051,,,,0.051,,-1,1,0.061,0.939,35,39,35,39,1,4,2,1,4,1,1.89,1.29,1.29,26.5
SI,2023-06-10,99.4,-1.78,5.01,"Kelly, Joe",493329,523260,,called_strike,,,,,5,"Yuli Gurriel grounds into a force out, fielded by shortstop Tim Anderson.   Jorge Soler scores.    Bryan De La Cruz out at 3rd.    Jesus Sanchez to 2nd.    Yuli Gurriel to 1st.",R,R,R,CWS,MIA,S,,,1,0,2023,-1.2,0.39,-0.03,2.47,624585,650559,660821,0,9,Top,,,,,,,7.635800159760445,-144.6855866208738,-2.5378177501283083,-18.5955919747629,29.24344261166643,-26.248350559430673,3.21,1.59,,,,100.1,2246,6.4,717820,518735,683734,462101,660162,641313,643217,673357,640449,54.13,,,,,,,,70,2,Sinker,1,2,2,1,2,1,2,1,Strategic,Standard,238,0.0,-0.043,,,,0.043,,-1,1,0.061,0.939,35,39,35,39,1,4,2,1,4,1,1.89,1.2,1.2,23.8
SI,2023-06-10,100.5,-1.89,5.05,"Kelly, Joe",493329,523260,,ball,,,,,14,"Yuli Gurriel grounds into a force out, fielded by shortstop Tim Anderson.   Jorge Soler scores.    Bryan De La Cruz out at 3rd.    Jesus Sanchez to 2nd.    Yuli Gurriel to 1st.",R,R,R,CWS,MIA,B,,,0,0,2023,-1.21,0.44,0.36,1.32,624585,650559,660821,0,9,Top,,,,,,,9.11449090491711,-146.11187383843486,-6.13300927554603,-19.293971852200425,28.59452569122224,-24.662168657745653,3.26,1.59,,,,101.4,2187,6.5,717820,518735,683734,462101,660162,641313,643217,673357,640449,54.05,,,,,,,,70,1,Sinker,1,2,2,1,2,1,2,1,Strategic,Standard,233,0.0,0.037,,,,-0.037,,-1,1,0.061,0.939,35,39,35,39,1,4,2,1,4,1,1.79,1.21,1.21,23.3
KC,2023-06-10,88.5,-1.86,5.57,"Kelly, Joe",660821,523260,walk,ball,,,,,11,Jesus Sanchez walks.   Luis Arraez scores.    Jorge Soler to 3rd.    Bryan De La Cruz to 2nd.,R,L,R,CWS,MIA,B,,,3,2,2023,0.68,-0.71,-0.77,4.04,650333,624585,650559,0,9,Top,,,,,,,1.2416080301782988,-128.95585696075574,3.68749872435856,7.450600831153036,23.449365715281647,-41.074149898682826,3.52,1.71,,,,88.4,2985,5.9,717820,518735,683734,462101,660162,641313,643217,673357,640449,54.64,,0.695903,0.7,1,0,0,,69,10,Knuckle Curve,1,1,1,1,2,1,2,1,Strategic,Standard,48,-0.104,0.331,,,,-0.331,,0,0,0.165,0.835,35,25,35,26,1,4,2,1,4,1,3.59,-0.68,0.68,35.8
KC,2023-06-10,90.3,-1.85,5.46,"Kelly, Joe",660821,523260,,foul,,,,,7,Jesus Sanchez walks.   Luis Arraez scores.    Jorge Soler to 3rd.    Bryan De La Cruz to 2nd.,R,L,R,CWS,MIA,S,,,3,2,2023,0.66,-1.08,-0.68,2.16,650333,624585,650559,0,9,Top,,,,,,,1.504106231928141,-131.61028487528654,-0.0794446149560759,7.451053491301722,25.04336008649259,-44.99042419908125,3.52,1.71,101,93.5,5,90.2,3083,5.9,717820,518735,683734,462101,660162,641313,643217,673357,640449,54.6,,,,,,,,69,9,Knuckle Curve,1,1,1,1,1,1,1,1,Strategic,Standard,49,0.0,0.0,,,,0.0,93.5,0,0,0.165,0.835,35,25,35,26,1,4,2,1,4,1,3.84,-0.66,0.66,38.9
KC,2023-06-10,89.8,-1.87,5.38,"Kelly, Joe",660821,523260,,foul,,,,,2,Jesus Sanchez walks.   Luis Arraez scores.    Jorge Soler to 3rd.    Bryan De La Cruz to 2nd.,R,L,R,CWS,MIA,S,,,3,2,2023,0.63,-0.34,-0.21,3.25,650333,624585,650559,0,9,Top,,,,,,,2.798683153185811,-130.97692604058818,1.300692950410777,6.7849262266945995,23.50659937946192,-36.53926560696381,3.52,1.71,265,91.1,28,90.2,2962,6.1,717820,518735,683734,462101,660162,641313,643217,673357,640449,54.43,,,,,,,,69,8,Knuckle Curve,1,1,1,1,1,1,1,1,Strategic,Standard,48,0.0,0.0,,,,0.0,91.1,0,0,0.165,0.835,35,25,35,26,1,4,2,1,4,1,3.12,-0.63,0.63,31.7
SI,2023-06-10,99.2,-1.93,4.97,"Kelly, Joe",660821,523260,,foul,,,,,4,Jesus Sanchez walks.   Luis Arraez scores.    Jorge Soler to 3rd.    Bryan De La Cruz to 2nd.,R,L,R,CWS,MIA,S,,,3,2,2023,-1.33,0.26,-0.77,2.52,650333,624585,650559,0,9,Top,,,,,,,6.276928166155165,-144.4449245453972,-1.938086483231774,-20.094793387268115,31.05903200061698,-28.26623488705213,3.52,1.71,261,82.5,42,99.7,2151,6.3,717820,518735,683734,462101,660162,641313,643217,673357,640449,54.15,,,,,,,,69,7,Sinker,1,1,1,1,1,1,1,1,Strategic,Standard,238,0.0,0.0,,,,0.0,88.0,0,0,0.165,0.835,35,25,35,26,1,4,2,1,4,1,2.04,1.33,-1.33,26.3
CH,2023-06-10,90.5,-1.82,5.22,"Kelly, Joe",660821,523260,,ball,,,,,14,Jesus Sanchez walks.   Luis Arraez scores.    Jorge Soler to 3rd.    Bryan De La Cruz to 2nd.,R,L,R,CWS,MIA,B,,,2,2,2023,-1.13,-0.04,0.77,1.21,650333,624585,650559,0,9,Top,,,,,,,8.854355619291931,-131.5076714113671,-3.9831549304199503,-14.986542363908566,26.91460722575936,-31.990212887665123,3.26,1.67,,,,90.4,1876,6.3,717820,518735,683734,462101,660162,641313,643217,673357,640449,54.25,,,,,,,,69,6,Changeup,1,1,1,1,1,1,1,1,Strategic,Standard,262,0.0,0.08,,,,-0.08,,0,0,0.165,0.835,35,25,35,26,1,4,2,1,4,1,2.82,1.13,-1.13,24.5
CH,2023-06-10,91.6,-1.6,5.3,"Kelly, Joe",660821,523260,,blocked_ball,,,,,14,Jesus Sanchez walks.   Luis Arraez scores.    Jorge Soler to 3rd.    Bryan De La Cruz to 2nd.,R,L,R,CWS,MIA,B,,,1,2,2023,-1.18,0.2,0.53,0.64,650333,624585,650559,0,9,Top,,,,,,,7.912657735309556,-133.10154997925713,-6.315785775806805,-15.679543917285253,28.199709386847378,-28.628946472036944,3.18,1.67,,,,91.5,2034,6.3,717820,518735,683734,462101,660162,641313,643217,673357,640449,54.24,,,,,,,,69,5,Changeup,1,1,1,1,1,1,1,1,Strategic,Standard,249,0.0,0.04,,,,-0.04,,0,0,0.165,0.835,35,25,35,26,1,4,2,1,4,1,2.52,1.18,-1.18,27.1
KC,2023-06-10,89.0,-1.97,5.47,"Kelly, Joe",660821,523260,,foul,,,,,11,Jesus Sanchez walks.   Luis Arraez scores.    Jorge Soler to 3rd.    Bryan De La Cruz to 2nd.,R,L,R,CWS,MIA,S,,,1,2,2023,0.8,-0.84,-1.13,2.84,650333,624585,650559,0,9,Top,,,,,,,0.3808540698625076,-129.79061887477476,1.2440414986614785,9.083786585306656,24.419486493028472,-42.13928536920044,3.52,1.71,28,80.1,-3,88.8,3008,5.8,717820,518735,683734,462101,660162,641313,643217,673357,640449,54.68,,,,,,,,69,4,Knuckle Curve,1,1,1,1,1,1,1,1,Strategic,Standard,48,0.0,0.0,,,,0.0,88.0,0,0,0.165,0.835,35,25,35,26,1,4,2,1,4,1,3.68,-0.8,0.8,33.5
KC,2023-06-10,90.8,-1.85,5.41,"Kelly, Joe",660821,523260,,swinging_strike_blocked,,,,,14,Jesus Sanchez walks.   Luis Arraez scores.    Jorge Soler to 3rd.    Bryan De La Cruz to 2nd.,R,L,R,CWS,MIA,S,,,1,1,2023,0.66,-0.72,1.67,0.54,650333,624585,650559,0,9,Top,,,,,,,7.386550353149028,-132.0240130643768,-4.709288588136687,6.09252082685362,28.333760309094604,-39.777898589497816,3.52,1.71,,,,90.4,3061,6.1,717820,518735,683734,462101,660162,641313,643217,673357,640449,54.38,,,,,,,,69,3,Knuckle Curve,1,1,1,1,1,1,1,1,Strategic,Standard,38,0.0,-0.051,,,,0.051,,0,0,0.165,0.835,35,25,35,26,1,4,2,1,4,1,3.49,-0.66,0.66,31.0
SI,2023-06-10,100.5,-1.69,5.07,"Kelly, Joe",660821,523260,,ball,,,,,12,Jesus Sanchez walks.   Luis Arraez scores.    Jorge Soler to 3rd.    Bryan De La Cruz to 2nd.,R,L,R,CWS,MIA,B,,,0,1,2023,-1.48,0.72,1.39,2.52,650333,624585,650559,0,9,Top,,,,,,,12.078279037660277,-145.89514095257783,-3.407072741708775,-24.044254879972105,34.77674350531737,-21.29768363101384,3.29,1.67,,,,100.8,2309,6.6,717820,518735,683734,462101,660162,641313,643217,673357,640449,53.88,,,,,,,,69,2,Sinker,1,1,1,1,1,1,1,1,Strategic,Standard,232,0.0,0.035,,,,-0.035,,0,0,0.165,0.835,35,25,35,26,1,4,2,1,4,1,1.55,1.48,-1.48,32.9
KC,2023-06-10,90.3,-1.97,5.53,"Kelly, Joe",650559,523260,fielders_choice,hit_into_play,,,,,9,"Bryan De La Cruz reaches on a fielder's choice, fielded by shortstop Tim Anderson.   Jonathan Davis scores.    Luis Arraez to 3rd.    Jorge Soler to 2nd.  Fielding error by shortstop Tim Anderson.",R,R,R,CWS,MIA,X,6,ground_ball,0,2,2023,0.58,-0.7,0.45,2.09,641505,650333,624585,0,9,Top,114.22,157.0,,,,,4.755292381065722,-131.62409844972225,-1.1792815994535506,5.903017047112287,25.768312244469342,-40.37817393775899,3.35,1.65,4,68.2,-28,90.3,3118,6.0,717820,518735,683734,462101,660162,641313,643217,673357,640449,54.49,0.04,0.046,0.9,1,0,0,2,68,3,Knuckle Curve,1,0,0,1,1,1,1,1,Strategic,Standard,44,-0.2,0.525,,,0.045,-0.525,88.0,1,-1,0.365,0.635,35,26,35,27,1,4,2,1,4,1,3.47,-0.58,-0.58,34.7
KC,2023-06-10,89.9,-1.82,5.52,"Kelly, Joe",650559,523260,,swinging_strike,,,,,9,"Bryan De La Cruz reaches on a fielder's choice, fielded by shortstop Tim Anderson.   Jonathan Davis scores.    Luis Arraez to 3rd.    Jorge Soler to 2nd.  Fielding error by shortstop Tim Anderson.",R,R,R,CWS,MIA,S,,,0,1,2023,0.54,-0.68,0.5,1.88,641505,650333,624585,0,9,Top,,,,,,,4.589341508305227,-130.98834954531077,-1.6648143715890116,5.308905275730961,26.56897419844049,-39.87617625237293,3.35,1.65,,,,89.8,3070,6.1,717820,518735,683734,462101,660162,641313,643217,673357,640449,54.41,,,,,,,,68,2,Knuckle Curve,1,0,0,1,0,1,0,1,Strategic,Standard,41,0.0,-0.057,,,,0.057,,1,-1,0.365,0.635,35,26,35,27,1,4,2,1,4,1,3.48,-0.54,-0.54,33.6
KC,2023-06-10,91.2,-1.95,5.48,"Kelly, Joe",650559,523260,,called_strike,,,,,2,"Bryan De La Cruz reaches on a fielder's choice, fielded by shortstop Tim Anderson.   Jonathan Davis scores.    Luis Arraez to 3rd.    Jorge Soler to 2nd.  Fielding error by shortstop Tim Anderson.",R,R,R,CWS,MIA,S,,,0,0,2023,0.33,-0.49,-0.23,2.6,641505,650333,624585,0,9,Top,,,,,,,3.604317796373951,-132.90652863235204,-0.3759075817502428,3.1990829640871112,26.44753094818461,-38.08231973426697,2.76,1.13,,,,91.1,2941,6.0,717820,518735,683734,462101,660162,641313,643217,673357,640449,54.51,,,,,,,,68,1,Knuckle Curve,1,0,0,1,0,1,0,1,Strategic,Standard,44,0.0,-0.041,,,,0.041,,1,-1,0.365,0.635,35,26,35,27,1,4,2,1,4,1,3.2,-0.33,-0.33,34.5
KC,2023-06-10,90.2,-1.83,5.53,"Kelly, Joe",624585,523260,walk,ball,,,,,14,Jorge Soler walks.   Jonathan Davis to 3rd.    Luis Arraez to 2nd.,R,R,R,CWS,MIA,B,,,3,2,2023,0.44,-0.67,0.96,1.69,,641505,650333,0,9,Top,,,,,,,5.988355175601467,-131.28501342814894,-2.189888488453931,3.911527641221632,25.971895968521288,-39.71993775225541,3.33,1.69,,,,90.1,2987,6.1,717820,518735,683734,462101,660162,641313,643217,673357,640449,54.44,,0.695903,0.7,1,0,0,,67,6,Knuckle Curve,1,0,0,1,0,1,0,1,Standard,Standard,44,-0.208,0.328,,,,-0.328,,1,-1,0.573,0.427,35,31,35,31,1,4,2,1,4,1,3.45,-0.44,-0.44,35.2
CH,2023-06-10,88.4,-1.68,5.36,"Kelly, Joe",624585,523260,,ball,,,,,11,Jorge Soler walks.   Jonathan Davis to 3rd.    Luis Arraez to 2nd.,R,R,R,CWS,MIA,B,,,2,2,2023,-1.31,0.31,-2.22,3.21,,641505,650333,0,9,Top,,,,,,,1.422031841067109,-128.85763430930473,0.1766821910410765,-14.924226075810632,26.102296741301423,-28.977010408392,3.29,1.69,,,,88.5,1913,6.2,717820,518735,683734,462101,660162,641313,643217,673357,640449,54.29,,,,,,,,67,5,Changeup,1,0,0,1,0,1,0,1,Standard,Standard,258,0.0,0.113,,,,-0.113,,1,-1,0.573,0.427,35,31,35,31,1,4,2,1,4,1,2.59,1.31,1.31,29.1
CH,2023-06-10,89.9,-1.85,5.36,"Kelly, Joe",624585,523260,,ball,,,,,11,Jorge Soler walks.   Jonathan Davis to 3rd.    Luis Arraez to 2nd.,R,R,R,CWS,MIA,B,,,1,2,2023,-1.37,0.37,-1.87,2.59,,641505,650333,0,9,Top,,,,,,,2.8626435192012787,-130.91607648887637,-1.7297376163125964,-16.400445881461522,26.09444793082931,-27.794082499117582,3.33,1.69,,,,90.2,1958,6.3,717820,518735,683734,462101,660162,641313,643217,673357,640449,54.19,,,,,,,,67,4,Changeup,1,0,0,1,0,1,0,1,Standard,Standard,253,0.0,0.034,,,,-0.034,,1,-1,0.573,0.427,35,31,35,31,1,4,2,1,4,1,2.44,1.37,1.37,26.1
KC,2023-06-10,91.0,-1.58,5.58,"Kelly, Joe",624585,523260,,foul,,,,,14,Jorge Soler walks.   Jonathan Davis to 3rd.    Luis Arraez to 2nd.,R,R,R,CWS,MIA,S,,,1,1,2023,0.1,-0.77,0.6,1.52,,641505,650333,0,9,Top,,,,,,,5.245736168702261,-132.6128801811707,-2.7188198207740175,0.1908973543109162,24.328681351496815,-41.01163281495916,3.48,1.73,,,,91.3,2933,6.1,717820,518735,683734,462101,660162,641313,643217,673357,640449,54.41,,,,,,,,67,3,Knuckle Curve,1,0,0,1,0,1,0,1,Standard,Standard,54,0.0,-0.076,,,,0.076,,1,-1,0.573,0.427,35,31,35,31,1,4,2,1,4,1,3.48,-0.1,-0.1,40.5
KC,2023-06-10,90.7,-1.84,5.52,"Kelly, Joe",624585,523260,,called_strike,,,,,11,Jorge Soler walks.   Jonathan Davis to 3rd.    Luis Arraez to 2nd.,R,R,R,CWS,MIA,S,,,1,0,2023,0.0,-0.53,-0.85,2.67,,641505,650333,0,9,Top,,,,,,,2.445696139412592,-132.30610600298465,-0.192043773513179,-0.4022038283287638,23.73297982540105,-38.64157649854669,3.47,1.58,,,,91.0,2804,6.0,717820,518735,683734,462101,660162,641313,643217,673357,640449,54.52,,,,,,,,67,2,Knuckle Curve,1,0,0,1,0,1,0,1,Standard,Standard,40,0.0,-0.055,,,,0.055,,1,-1,0.573,0.427,35,31,35,31,1,4,2,1,4,1,3.25,0.0,0.0,33.7
SI,2023-06-10,98.6,-1.83,5.18,"Kelly, Joe",624585,523260,,ball,,,,,11,Jorge Soler walks.   Jonathan Davis to 3rd.    Luis Arraez to 2nd.,R,R,R,CWS,MIA,B,,,0,0,2023,-1.3,0.59,-1.27,2.79,,641505,650333,0,9,Top,,,,,,,4.540794329365586,-143.58806267883244,-2.5076344884830974,-19.080567179652007,29.742967777947147,-23.54286464081505,3.35,1.69,,,,99.2,2236,6.4,717820,518735,683734,462101,660162,641313,643217,673357,640449,54.13,,,,,,,,67,1,Sinker,1,0,0,1,0,1,0,1,Standard,Standard,232,0.0,0.042,,,,-0.042,,1,-1,0.573,0.427,35,31,35,31,1,4,2,1,4,1,1.73,1.3,1.3,24.8
SI,2023-06-10,99.7,-1.9,5.24,"Kelly, Joe",650333,523260,single,hit_into_play,,,,,4,Luis Arraez singles on a line drive to left fielder Andrew Benintendi.   Jonathan Davis to 2nd.,R,L,R,CWS,MIA,X,7,line_drive,0,0,2023,-1.26,0.44,-0.77,2.52,,,641505,0,9,Top,55.41,116.74,,,,,6.064706601626129,-145.27661851235308,-3.20181147264696,-19.21921168824251,29.89528780516862,-25.33251801095843,3.1,1.49,182,88.3,12,100.3,2243,6.3,717820,518735,683734,462101,660162,641313,643217,673357,640449,54.22,0.783,0.712,0.9,1,1,0,4,66,1,Sinker,1,0,0,1,0,1,0,1,Standard,Standard,233,-0.154,0.453,,,0.85,-0.453,88.3,1,-1,0.727,0.273,35,26,35,26,1,4,2,1,4,1,1.82,1.26,-1.26,25.3
KC,2023-06-10,90.4,-1.93,5.54,"Kelly, Joe",643265,523260,single,hit_into_play,,,,,8,Garrett Cooper singles on a ground ball to center fielder Luis Robert Jr.,R,R,R,CWS,MIA,X,8,ground_ball,0,2,2023,0.1,-0.51,0.18,1.66,,,,0,9,Top,110.78,93.28,,,,,5.035047508701482,-131.81471879761528,-2.7503505324765714,0.2878426892068787,23.04811625694271,-37.92876274727337,3.52,1.76,26,107.6,-2,91.0,2925,6.1,717820,518735,683734,462101,660162,641313,643217,673357,640449,54.37,0.44,0.396,0.9,1,1,0,4,65,3,Knuckle Curve,1,0,0,1,0,1,0,1,Standard,Standard,39,-0.115,0.528,,,0.465,-0.528,107.6,1,-1,0.842,0.158,35,32,35,33,1,0,2,1,4,1,3.25,-0.1,-0.1,32.2
SI,2023-06-10,100.8,-1.95,5.1,"Kelly, Joe",643265,523260,,foul,,,,,11,Garrett Cooper singles on a ground ball to center fielder Luis Robert Jr.,R,R,R,CWS,MIA,S,,,0,1,2023,-1.37,0.43,-0.93,3.06,,,,0,9,Top,,,,,,,6.081693320666578,-146.76372300892643,-1.3928168888741776,-21.20041814964164,33.224966266167684,-25.76832331309154,3.52,1.76,2,71.1,-57,101.1,2360,6.3,717820,518735,683734,462101,660162,641313,643217,673357,640449,54.19,,,,,,,,65,2,Sinker,1,0,0,1,0,1,0,1,Standard,Standard,237,0.0,-0.054,,,,0.054,88.0,1,-1,0.842,0.158,35,32,35,33,1,0,2,1,4,1,1.8,1.37,1.37,25.2
SI,2023-06-10,99.5,-1.79,5.25,"Kelly, Joe",643265,523260,,called_strike,,,,,3,Garrett Cooper singles on a ground ball to center fielder Luis Robert Jr.,R,R,R,CWS,MIA,S,,,0,0,2023,-1.26,0.95,0.34,3.2,,,,0,9,Top,,,,,,,8.819357634998703,-144.73062749656077,-2.493572326790632,-19.77660628079028,30.976616075507888,-18.32648065801769,3.37,1.72,,,,99.9,2316,6.3,717820,518735,683734,462101,660162,641313,643217,673357,640449,54.15,,,,,,,,65,1,Sinker,1,0,0,1,0,1,0,1,Standard,Standard,234,0.0,-0.042,,,,0.042,,1,-1,0.842,0.158,35,32,35,33,1,0,2,1,4,1,1.33,1.26,1.26,26.0
CH,2023-06-08,90.7,-1.83,5.34,"Kelly, Joe",641343,523260,field_out,hit_into_play,,,,,7,"Jake Bauers grounds out, shortstop Tim Anderson to first baseman Andrew Vaughn.",R,L,R,NYY,CWS,X,6,ground_ball,2,2,2023,-1.36,0.36,-0.39,1.66,,,,2,7,Bot,112.06,153.89,,,,,6.494918126461822,-131.93795844059102,-4.056589724974218,-17.320442877301623,27.459036362142697,-27.26948198524121,3.44,1.65,28,100.4,-2,90.5,1996,6.1,717848,664874,683734,663853,660162,641313,643217,673357,650391,54.39,0.391,0.368,0.0,1,0,0,2,66,9,Changeup,5,6,5,6,6,5,5,6,Standard,Standard,250,-0.023,-0.233,,,0.439,0.233,100.4,-1,-1,0.27,0.27,35,27,35,28,1,3,2,2,2,0,2.4,1.36,-1.36,27.1
CH,2023-06-08,91.3,-1.83,5.22,"Kelly, Joe",641343,523260,,foul,,,,,8,"Jake Bauers grounds out, shortstop Tim Anderson to first baseman Andrew Vaughn.",R,L,R,NYY,CWS,S,,,2,2,2023,-1.42,0.45,-0.07,1.85,,,,2,7,Bot,,,,,,,7.492874648744941,-132.72356061077593,-3.541032096811092,-18.362194455508696,29.022300094982064,-26.277552207739184,3.44,1.65,,,,91.3,1985,6.4,717848,664874,683734,663853,660162,641313,643217,673357,650391,54.11,,,,,,,,66,8,Changeup,5,6,5,6,6,5,5,6,Standard,Standard,256,0.0,0.0,,,,0.0,,-1,-1,0.27,0.27,35,27,35,28,1,3,2,2,2,0,2.29,1.42,-1.42,26.2
FF,2023-06-08,100.0,-1.76,5.28,"Kelly, Joe",641343,523260,,ball,,,,,12,"Jake Bauers grounds out, shortstop Tim Anderson to first baseman Andrew Vaughn.",R,L,R,NYY,CWS,B,,,1,2,2023,-0.68,1.26,1.53,2.64,,,,2,7,Bot,,,,,,,10.597681801979784,-145.17549767579692,-4.806568972166801,-12.25457399126886,37.60710580618942,-13.362515655500376,3.41,1.68,,,,98.9,2362,6.1,717848,664874,683734,663853,660162,641313,643217,673357,650391,54.43,,,,,,,,66,7,4-Seam Fastball,5,6,5,6,6,5,5,6,Standard,Standard,227,0.0,0.041,,,,-0.041,,-1,-1,0.27,0.27,35,27,35,28,1,3,2,2,2,0,1.05,0.68,-0.68,29.1
CH,2023-06-08,90.1,-1.93,5.22,"Kelly, Joe",641343,523260,,foul,,,,,4,"Jake Bauers grounds out, shortstop Tim Anderson to first baseman Andrew Vaughn.",R,L,R,NYY,CWS,S,,,1,2,2023,-1.53,0.45,-0.34,2.28,,,,2,7,Bot,,,,,,,7.174679317512242,-131.06165607704315,-2.2597626985896384,-19.114665305621404,29.23624472941245,-26.729858697753464,3.44,1.65,,,,89.7,2032,6.2,717848,664874,683734,663853,660162,641313,643217,673357,650391,54.29,,,,,,,,66,6,Changeup,5,6,5,6,6,5,5,6,Standard,Standard,253,0.0,0.0,,,,0.0,,-1,-1,0.27,0.27,35,27,35,28,1,3,2,2,2,0,2.37,1.53,-1.53,26.9
KC,2023-06-08,91.4,-1.86,5.59,"Kelly, Joe",641343,523260,,ball,,,,,14,"Jake Bauers grounds out, shortstop Tim Anderson to first baseman Andrew Vaughn.",R,L,R,NYY,CWS,B,,,0,2,2023,0.27,-0.53,1.61,0.69,,,,2,7,Bot,,,,,,,8.087622891816538,-132.85980422477402,-5.291434422163541,1.4984190675776152,28.01383337100355,-37.48619189937287,3.41,1.68,,,,90.9,2970,6.0,717848,664874,683734,663853,660162,641313,643217,673357,650391,54.5,,,,,,,,66,5,Knuckle Curve,5,6,5,6,6,5,5,6,Standard,Standard,43,0.0,0.022,,,,-0.022,,-1,-1,0.27,0.27,35,27,35,28,1,3,2,2,2,0,3.26,-0.27,0.27,33.5
SI,2023-06-08,99.0,-1.98,5.09,"Kelly, Joe",641343,523260,,foul,,,,,6,"Jake Bauers grounds out, shortstop Tim Anderson to first baseman Andrew Vaughn.",R,L,R,NYY,CWS,S,,,0,2,2023,-1.59,0.65,0.33,2.44,,,,2,7,Bot,,,,,,,9.99832820249786,-143.80292942519011,-3.295927515746745,-24.440133409364773,33.87813975732064,-22.563059074167317,3.44,1.65,183,67.4,32,98.7,2261,6.3,717848,664874,683734,663853,660162,641313,643217,673357,650391,54.23,,,,,,,,66,4,Sinker,5,6,5,6,6,5,5,6,Standard,Standard,233,0.0,0.0,,,,0.0,88.0,-1,-1,0.27,0.27,35,27,35,28,1,3,2,2,2,0,1.69,1.59,-1.59,21.8
SI,2023-06-08,99.5,-2.0,5.06,"Kelly, Joe",641343,523260,,foul,,,,,8,"Jake Bauers grounds out, shortstop Tim Anderson to first baseman Andrew Vaughn.",R,L,R,NYY,CWS,S,,,0,2,2023,-1.64,0.62,-0.09,2.02,,,,2,7,Bot,,,,,,,9.055808715472349,-144.64265757994193,-4.375190522495013,-25.131477592809595,33.84580672527684,-22.639235287589976,3.44,1.65,285,88.6,39,99.2,2224,6.2,717848,664874,683734,663853,660162,641313,643217,673357,650391,54.32,,,,,,,,66,3,Sinker,5,6,5,6,6,5,5,6,Standard,Standard,234,0.0,0.0,,,,0.0,88.6,-1,-1,0.27,0.27,35,27,35,28,1,3,2,2,2,0,1.69,1.64,-1.64,19.5
SI,2023-06-08,99.6,-2.11,5.17,"Kelly, Joe",641343,523260,,swinging_strike,,,,,1,"Jake Bauers grounds out, shortstop Tim Anderson to first baseman Andrew Vaughn.",R,L,R,NYY,CWS,S,,,0,1,2023,-1.66,0.38,-0.34,3.03,,,,2,7,Bot,,,,,,,8.715399625901975,-144.80327946239882,-1.3402781668614412,-25.39590891833148,34.46350331064758,-26.776558857361685,3.44,1.65,,,,99.1,2249,6.1,717848,664874,683734,663853,660162,641313,643217,673357,650391,54.37,,,,,,,,66,2,Sinker,5,6,5,6,6,5,5,6,Standard,Standard,237,0.0,-0.061,,,,0.061,,-1,-1,0.27,0.27,35,27,35,28,1,3,2,2,2,0,1.93,1.66,-1.66,23.7
CH,2023-06-08,90.7,-1.91,5.43,"Kelly, Joe",641343,523260,,called_strike,,,,,14,"Jake Bauers grounds out, shortstop Tim Anderson to first baseman Andrew Vaughn.",R,L,R,NYY,CWS,S,,,0,0,2023,-1.58,0.69,0.28,1.48,,,,2,7,Bot,,,,,,,8.757549120608493,-131.74499101977682,-5.389187416095214,-20.210573347809657,28.04737507371437,-23.192291792279256,3.52,1.65,,,,90.0,2230,6.0,717848,664874,683734,663853,660162,641313,643217,673357,650391,54.53,,,,,,,,66,1,Changeup,5,6,5,6,6,5,5,6,Standard,Standard,247,0.0,-0.045,,,,0.045,,-1,-1,0.27,0.27,35,27,35,28,1,3,2,2,2,0,2.09,1.58,-1.58,27.6
CH,2023-06-08,89.3,-2.02,5.36,"Kelly, Joe",519317,523260,field_out,hit_into_play,,,,,13,"Giancarlo Stanton grounds out, third baseman Yoan Moncada to first baseman Andrew Vaughn.",R,R,R,NYY,CWS,X,5,ground_ball,2,2,2023,-1.56,0.38,-0.48,1.69,,,,1,7,Bot,104.79,176.32,,,,,7.03201293803464,-129.87057962969513,-3.8072799512959,-19.17246864355374,26.95951757409787,-27.255769985512405,3.76,1.86,3,87.5,-27,89.0,2128,6.1,717848,664874,683734,663853,660162,641313,643217,673357,650391,54.4,0.066,0.059,0.0,1,0,0,2,65,6,Changeup,5,6,5,6,6,5,5,6,Standard,Standard,255,-0.035,-0.234,,,0.067,0.234,88.0,-1,-1,0.305,0.305,35,33,35,34,1,3,2,2,2,1,2.48,1.56,1.56,29.3
KC,2023-06-08,91.9,-1.77,5.66,"Kelly, Joe",519317,523260,,ball,,,,,14,"Giancarlo Stanton grounds out, third baseman Yoan Moncada to first baseman Andrew Vaughn.",R,R,R,NYY,CWS,B,,,1,2,2023,-0.02,-0.74,1.03,-0.17,,,,1,7,Bot,,,,,,,7.098628786247874,-133.5405777638958,-7.277473330143849,-1.7750958609043028,28.579249976885823,-39.64504560492107,3.65,1.78,,,,91.4,2966,6.0,717848,664874,683734,663853,660162,641313,643217,673357,650391,54.45,,,,,,,,65,5,Knuckle Curve,5,6,5,6,6,5,5,6,Standard,Standard,42,0.0,0.045,,,,-0.045,,-1,-1,0.305,0.305,35,33,35,34,1,3,2,2,2,1,3.44,0.02,0.02,38.6
KC,2023-06-08,91.8,-1.92,5.59,"Kelly, Joe",519317,523260,,foul,,,,,9,"Giancarlo Stanton grounds out, third baseman Yoan Moncada to first baseman Andrew Vaughn.",R,R,R,NYY,CWS,S,,,1,2,2023,0.2,-0.36,0.29,2.22,,,,1,7,Bot,,,,,,,5.130732818690039,-133.74054568203204,-1.940772034514457,1.384561231950127,27.061148719367452,-36.35615195700798,3.76,1.86,4,71.7,-28,91.7,2769,6.1,717848,664874,683734,663853,660162,641313,643217,673357,650391,54.45,,,,,,,,65,4,Knuckle Curve,5,6,5,6,6,5,5,6,Standard,Standard,32,0.0,0.0,,,,0.0,88.0,-1,-1,0.305,0.305,35,33,35,34,1,3,2,2,2,1,3.05,-0.2,-0.2,34.2
KC,2023-06-08,89.7,-2.09,5.65,"Kelly, Joe",519317,523260,,foul,,,,,5,"Giancarlo Stanton grounds out, third baseman Yoan Moncada to first baseman Andrew Vaughn.",R,R,R,NYY,CWS,S,,,1,1,2023,0.49,-0.48,-0.09,2.88,,,,1,7,Bot,,,,,,,3.919470936860893,-130.70982151494377,0.1125324413976387,4.81180330881167,26.137179136635663,-37.94454661807073,3.76,1.86,186,70.2,46,89.6,2851,6.0,717848,664874,683734,663853,660162,641313,643217,673357,650391,54.49,,,,,,,,65,3,Knuckle Curve,5,6,5,6,6,5,5,6,Standard,Standard,44,0.0,-0.068,,,,0.068,88.0,-1,-1,0.305,0.305,35,33,35,34,1,3,2,2,2,1,3.29,-0.49,-0.49,37.2
KC,2023-06-08,91.3,-2.01,5.56,"Kelly, Joe",519317,523260,,ball,,,,,14,"Giancarlo Stanton grounds out, third baseman Yoan Moncada to first baseman Andrew Vaughn.",R,R,R,NYY,CWS,B,,,0,1,2023,0.47,-0.49,1.95,0.74,,,,1,7,Bot,,,,,,,8.930249672593982,-132.77074244806576,-5.204477520493908,3.7391713431755496,27.25677912386256,-37.02658377377187,3.76,1.83,,,,91.1,2979,6.1,717848,664874,683734,663853,660162,641313,643217,673357,650391,54.38,,,,,,,,65,2,Knuckle Curve,5,6,5,6,6,5,5,6,Standard,Standard,33,0.0,0.03,,,,-0.03,,-1,-1,0.305,0.305,35,33,35,34,1,3,2,2,2,1,3.21,-0.47,-0.47,37.4
KC,2023-06-08,91.4,-2.12,5.57,"Kelly, Joe",519317,523260,,called_strike,,,,,8,"Giancarlo Stanton grounds out, third baseman Yoan Moncada to first baseman Andrew Vaughn.",R,R,R,NYY,CWS,S,,,0,0,2023,0.24,-0.35,0.13,1.83,,,,1,7,Bot,,,,,,,5.128972867403964,-133.1561686645355,-2.849936392364853,1.8166687483935495,26.796976657357117,-36.01174319012372,3.79,1.83,,,,91.3,2868,6.0,717848,664874,683734,663853,660162,641313,643217,673357,650391,54.5,,,,,,,,65,1,Knuckle Curve,5,6,5,6,6,5,5,6,Standard,Standard,47,0.0,-0.041,,,,0.041,,-1,-1,0.305,0.305,35,33,35,34,1,3,2,2,2,1,3.06,-0.24,-0.24,36.5
FF,2023-06-08,99.9,-1.93,5.34,"Kelly, Joe",519203,523260,field_out,hit_into_play,,,,,5,Anthony Rizzo flies out to left fielder Andrew Benintendi.,R,L,R,NYY,CWS,X,7,fly_ball,1,1,2023,-1.04,0.99,0.01,2.84,,,,0,7,Bot,104.83,92.03,,,,,7.760155254143986,-145.3157862864044,-3.840849118796635,-16.60211877333551,33.3269675551118,-17.45202467157634,3.73,1.74,273,87.5,42,99.7,2350,6.2,717848,664874,683734,663853,660162,641313,643217,673357,650391,54.34,0.006,0.007,0.0,1,0,0,3,64,3,4-Seam Fastball,5,6,5,6,6,5,5,6,Standard,Standard,234,-0.049,-0.254,,,0.011,0.254,88.0,-1,-1,0.354,0.354,35,33,35,34,1,3,2,2,2,0,1.29,1.04,-1.04,28.1
CH,2023-06-08,88.8,-2.0,5.5,"Kelly, Joe",519203,523260,,foul,,,,,4,Anthony Rizzo flies out to left fielder Andrew Benintendi.,R,L,R,NYY,CWS,S,,,1,0,2023,-1.67,0.44,-0.83,2.48,,,,0,7,Bot,,,,,,,6.315704038736028,-129.16987818201136,-2.2375345150892634,-20.0318158998474,27.14228990837096,-27.018566817544745,3.73,1.74,143,80.4,78,88.3,2228,6.0,717848,664874,683734,663853,660162,641313,643217,673357,650391,54.51,,,,,,,,64,2,Changeup,5,6,5,6,6,5,5,6,Standard,Standard,251,0.0,-0.052,,,,0.052,88.0,-1,-1,0.354,0.354,35,33,35,34,1,3,2,2,2,0,2.46,1.67,-1.67,30.2
SL,2023-06-08,90.1,-1.91,5.72,"Kelly, Joe",519203,523260,,ball,,,,,14,Anthony Rizzo flies out to left fielder Andrew Benintendi.,R,L,R,NYY,CWS,B,,,0,0,2023,0.13,-0.21,1.02,0.57,,,,0,7,Bot,,,,,,,6.949118410764092,-131.07237501332733,-6.384965248167026,0.1134442793132473,26.786655271461346,-33.47010512674813,3.7,1.71,,,,89.7,2904,6.0,717848,664874,683734,663853,660162,641313,643217,673357,650391,54.51,,,,,,,,64,1,Slider,5,6,5,6,6,5,5,6,Standard,Standard,33,0.0,0.04,,,,-0.04,,-1,-1,0.354,0.354,35,33,35,34,1,3,2,2,2,0,3.01,-0.13,0.13,38.7
KC,2023-06-06,89.4,-1.85,5.41,"Kelly, Joe",641343,523260,field_out,hit_into_play,,,,,4,"Jake Bauers grounds out, shortstop Tim Anderson to first baseman Andrew Vaughn.",R,L,R,NYY,CWS,X,6,ground_ball,3,2,2023,0.68,-0.53,-0.47,2.23,643396,,624431,2,7,Bot,122.04,171.87,,,,,1.9827784366835033,-130.26709204197795,-0.7147006951256556,7.26373368432651,28.655530487635257,-38.21130760705832,3.43,1.65,4,97.4,-28,89.2,3133,6.2,717877,664874,683734,663853,660162,641313,643217,673357,640449,54.29,0.117,0.111,0.0,1,0,0,2,53,6,Knuckle Curve,1,3,1,3,3,1,1,3,Standard,Standard,44,-0.08,-0.331,,,0.142,0.331,97.4,-2,-2,0.21,0.21,35,27,35,28,1,2,2,2,2,2,3.38,-0.68,0.68,31.5
KC,2023-06-06,88.4,-1.85,5.48,"Kelly, Joe",641343,523260,,called_strike,,,,,13,"Jake Bauers grounds out, shortstop Tim Anderson to first baseman Andrew Vaughn.",R,L,R,NYY,CWS,S,,,3,1,2023,0.41,-0.55,-0.97,2.53,643396,,624431,2,7,Bot,,,,,,,1.2731133359018951,-128.7674563530657,0.045591956447359,4.3238894230025675,27.624826389694157,-38.51912260775122,3.47,1.65,,,,87.7,2946,5.9,717877,664874,683734,663853,660162,641313,643217,673357,640449,54.61,,,,,,,,53,5,Knuckle Curve,1,3,1,3,3,1,1,3,Standard,Standard,54,0.0,-0.063,,,,0.063,,-2,-2,0.21,0.21,35,27,35,28,1,2,2,2,2,2,3.47,-0.41,0.41,32.4
KC,2023-06-06,88.4,-1.76,5.45,"Kelly, Joe",641343,523260,,ball,,,,,11,"Jake Bauers grounds out, shortstop Tim Anderson to first baseman Andrew Vaughn.",R,L,R,NYY,CWS,B,,,2,1,2023,0.61,-0.44,-1.11,3.19,643396,,624431,2,7,Bot,,,,,,,0.3261434709700033,-128.73363090271872,1.4614990251425626,6.665450615860126,26.66529951747773,-37.56585193562631,3.45,1.65,,,,88.3,2907,6.2,717877,664874,683734,663853,660162,641313,643217,673357,640449,54.32,,,,,,,,53,4,Knuckle Curve,1,3,1,3,3,1,1,3,Standard,Standard,56,0.0,0.062,,,,-0.062,,-2,-2,0.21,0.21,35,27,35,28,1,2,2,2,2,2,3.35,-0.61,0.61,30.9
SL,2023-06-06,90.3,-1.7,5.5,"Kelly, Joe",641343,523260,,blocked_ball,,,,,14,"Jake Bauers grounds out, shortstop Tim Anderson to first baseman Andrew Vaughn.",R,L,R,NYY,CWS,B,,,1,1,2023,0.82,-0.18,1.48,0.45,643396,,624431,2,7,Bot,,,,,,,6.137184214507266,-131.3943316663615,-6.245674095841859,8.297145130935428,26.59375813492342,-33.20051532487726,3.5,1.65,,,,90.1,2952,6.1,717877,664874,683734,663853,660162,641313,643217,673357,640449,54.42,,,,,,,,53,3,Slider,1,3,1,3,3,1,1,3,Standard,Standard,33,0.0,0.031,,,,-0.031,,-2,-2,0.21,0.21,35,27,35,28,1,2,2,2,2,2,2.97,-0.82,0.82,32.7
SL,2023-06-06,89.3,-1.86,5.54,"Kelly, Joe",641343,523260,,called_strike,,,,,9,"Jake Bauers grounds out, shortstop Tim Anderson to first baseman Andrew Vaughn.",R,L,R,NYY,CWS,S,,,1,0,2023,0.78,-0.21,0.29,2.13,643396,,624431,2,7,Bot,,,,,,,3.626301152332934,-130.0760703031542,-1.9854332828355323,8.109248200953221,26.262953617919308,-34.34394480299073,3.42,1.65,,,,88.7,2797,5.8,717877,664874,683734,663853,660162,641313,643217,673357,640449,54.72,,,,,,,,53,2,Slider,1,3,1,3,3,1,1,3,Standard,Standard,49,0.0,-0.055,,,,0.055,,-2,-2,0.21,0.21,35,27,35,28,1,2,2,2,2,2,3.05,-0.78,0.78,30.6
KC,2023-06-06,90.8,-1.88,5.45,"Kelly, Joe",641343,523260,,blocked_ball,,,,,14,"Jake Bauers grounds out, shortstop Tim Anderson to first baseman Andrew Vaughn.",R,L,R,NYY,CWS,B,,,0,0,2023,0.33,-0.62,0.25,0.22,643396,,624431,2,7,Bot,,,,,,,4.617141571443792,-132.04841441388896,-5.810896809294394,2.791347538933429,28.86800975171482,-38.367117388800125,3.5,1.65,,,,90.4,3013,6.1,717877,664874,683734,663853,660162,641313,643217,673357,640449,54.38,,,,,,,,53,1,Knuckle Curve,1,3,1,3,3,1,1,3,Standard,Standard,45,0.0,0.042,,,,-0.042,,-2,-2,0.21,0.21,35,27,35,28,1,2,2,2,2,2,3.4,-0.33,0.33,28.4
SI,2023-06-06,100.2,-1.74,5.03,"Kelly, Joe",624431,523260,single,hit_into_play,,,,,2,Jose Trevino singles on a line drive to right fielder Clint Frazier.   Isiah Kiner-Falefa to 3rd.,R,R,R,NYY,CWS,X,9,line_drive,0,0,2023,-1.48,0.67,-0.2,2.86,,643396,,2,7,Bot,189.7,101.58,,,,,7.792033654310737,-145.66331278235737,-2.22044589053927,-22.93809205152415,34.58892898227832,-22.28360976760122,2.94,1.33,245,96.6,14,100.4,2283,6.5,717877,664874,683734,663853,660162,641313,643217,673357,640449,54.0,0.886,0.881,0.9,1,1,0,4,52,1,Sinker,1,3,1,3,3,1,1,3,Standard,Standard,233,0.031,0.675,,,1.124,-0.675,96.6,-2,-2,0.179,0.179,35,30,35,31,1,2,2,3,2,2,1.6,1.48,1.48,24.0
CH,2023-06-06,91.0,-1.75,5.31,"Kelly, Joe",643396,523260,double,hit_into_play,,,,,2,Isiah Kiner-Falefa doubles (5) on a fly ball to center fielder Luis Robert Jr.  Willie Calhoun scores.,R,R,R,NYY,CWS,X,8,fly_ball,2,2,2023,-1.51,0.55,0.12,2.76,,,641432,2,7,Bot,94.83,58.36,,,,,7.942768155628434,-132.3161199571148,-1.6578399875177292,-19.470224902441768,28.69216340601819,-25.569879830071155,3.17,1.47,356,95.4,27,90.9,2038,6.3,717877,664874,683734,663853,660162,641313,643217,673357,640449,54.2,0.18,0.241,1.25,1,1,1,5,51,5,Changeup,0,3,0,3,3,1,1,3,Standard,Standard,254,0.09,0.927,,,0.439,-0.927,95.4,-3,-3,0.089,0.089,35,28,35,28,1,2,2,2,2,2,2.21,1.51,1.51,27.6
SI,2023-06-06,98.9,-1.67,5.24,"Kelly, Joe",643396,523260,,foul,,,,,11,Isiah Kiner-Falefa doubles (5) on a fly ball to center fielder Luis Robert Jr.  Willie Calhoun scores.,R,R,R,NYY,CWS,S,,,2,1,2023,-1.48,0.66,-0.27,3.46,,,641432,2,7,Bot,,,,,,,7.258273092055791,-144.0044541938622,-1.0050268354326035,-22.309956507230787,30.345843930191094,-22.932106497867252,3.17,1.47,13,91.5,-14,99.0,2165,6.1,717877,664874,683734,663853,660162,641313,643217,673357,640449,54.37,,,,,,,,51,4,Sinker,0,3,0,3,3,0,0,3,Standard,Standard,230,0.0,-0.063,,,,0.063,91.5,-3,-3,0.089,0.089,35,28,35,28,1,2,2,2,2,2,1.65,1.48,1.48,27.3
SI,2023-06-06,99.1,-1.62,5.04,"Kelly, Joe",643396,523260,,ball,,,,,14,Isiah Kiner-Falefa doubles (5) on a fly ball to center fielder Luis Robert Jr.  Willie Calhoun scores.,R,R,R,NYY,CWS,B,,,1,1,2023,-1.51,0.47,0.92,1.34,,,641432,2,7,Bot,,,,,,,10.500975578911213,-143.93342481320255,-5.8204848741003525,-23.2853981365487,29.47873925559625,-24.5560799412382,3.37,1.59,,,,99.9,2239,6.6,717877,664874,683734,663853,660162,641313,643217,673357,640449,53.92,,,,,,,,51,3,Sinker,0,3,0,3,3,0,0,3,Standard,Standard,238,0.0,0.036,,,,-0.036,,-3,-3,0.089,0.089,35,28,35,28,1,2,2,2,2,2,1.84,1.51,1.51,23.9
SI,2023-06-06,99.0,-1.79,5.17,"Kelly, Joe",643396,523260,,ball,,,,,9,Isiah Kiner-Falefa doubles (5) on a fly ball to center fielder Luis Robert Jr.  Willie Calhoun scores.,R,R,R,NYY,CWS,B,,,0,1,2023,-1.47,0.62,0.56,1.75,,,641432,2,7,Bot,,,,,,,9.81181864439754,-143.7810615373102,-5.371712037095867,-22.65885881742139,31.43231203881069,-22.466129043543315,3.37,1.46,,,,98.9,2347,6.2,717877,664874,683734,663853,660162,641313,643217,673357,640449,54.29,,,,,,,,51,2,Sinker,0,3,0,3,3,0,0,3,Standard,Standard,229,0.0,0.025,,,,-0.025,,-3,-3,0.089,0.089,35,28,35,28,1,2,2,2,2,2,1.7,1.47,1.47,27.1
SI,2023-06-06,98.9,-1.85,4.96,"Kelly, Joe",643396,523260,,called_strike,,,,,8,Isiah Kiner-Falefa doubles (5) on a fly ball to center fielder Luis Robert Jr.  Willie Calhoun scores.,R,R,R,NYY,CWS,S,,,0,0,2023,-1.42,0.54,-0.18,1.67,,,641432,2,7,Bot,,,,,,,7.8934939448301344,-143.92708655236234,-4.86285075320122,-21.61356063505259,30.773569030460767,-23.703084590931777,3.37,1.51,,,,99.5,2257,6.5,717877,664874,683734,663853,660162,641313,643217,673357,640449,54.03,,,,,,,,51,1,Sinker,0,3,0,3,3,0,0,3,Standard,Standard,233,0.0,-0.045,,,,0.045,,-3,-3,0.089,0.089,35,28,35,28,1,2,2,2,2,2,1.77,1.42,1.42,21.0
SI,2023-06-06,99.0,-1.85,4.89,"Kelly, Joe",641432,523260,walk,ball,,,,,14,Willie Calhoun walks.,R,L,R,NYY,CWS,B,,,3,1,2023,-1.51,0.46,1.33,2.11,,,,2,7,Bot,,,,,,,12.21313765871168,-143.7398291789176,-3.233460036034857,-23.671186039828044,31.931386007703413,-25.27697727968323,3.18,1.49,,,,99.2,2162,6.4,717877,664874,683734,663853,660162,641313,643217,673357,640449,54.07,,0.695903,0.7,1,0,0,,50,5,Sinker,0,3,0,3,3,0,0,3,Standard,Standard,239,0.014,0.193,,,,-0.193,,-3,-3,0.075,0.075,35,28,35,29,1,2,2,2,2,2,1.87,1.51,-1.51,20.3
CH,2023-06-06,91.7,-1.82,5.32,"Kelly, Joe",641432,523260,,ball,,,,,14,Willie Calhoun walks.,R,L,R,NYY,CWS,B,,,2,1,2023,-1.53,0.7,0.98,0.78,,,,2,7,Bot,,,,,,,10.32405425218364,-133.0731803475141,-7.088686496175217,-20.36469796861436,27.862203111415145,-22.44996365296908,3.21,1.38,,,,91.2,2241,6.1,717877,664874,683734,663853,660162,641313,643217,673357,640449,54.4,,,,,,,,50,4,Changeup,0,3,0,3,3,0,0,3,Standard,Standard,251,0.0,0.116,,,,-0.116,,-3,-3,0.075,0.075,35,28,35,29,1,2,2,2,2,2,2.02,1.53,-1.53,28.1
SI,2023-06-06,98.5,-2.11,4.81,"Kelly, Joe",641432,523260,,called_strike,,,,,5,Willie Calhoun walks.,R,L,R,NYY,CWS,S,,,2,0,2023,-1.4,0.36,0.26,2.24,,,,2,7,Bot,,,,,,,9.670524228849343,-143.1650803067162,-2.3897589152728,-21.351315758642137,30.13623392569933,-26.82117235246462,3.1,1.46,,,,99.1,2137,6.5,717877,664874,683734,663853,660162,641313,643217,673357,640449,54.04,,,,,,,,50,3,Sinker,0,3,0,3,3,0,0,3,Standard,Standard,236,0.0,-0.06,,,,0.06,,-3,-3,0.075,0.075,35,28,35,29,1,2,2,2,2,2,1.98,1.4,-1.4,18.2
KC,2023-06-06,90.7,-1.97,5.33,"Kelly, Joe",641432,523260,,ball,,,,,13,Willie Calhoun walks.,R,L,R,NYY,CWS,B,,,1,0,2023,0.29,-0.39,-0.29,1.06,,,,2,7,Bot,,,,,,,3.5727134461538874,-132.14548174080502,-4.001322010020036,2.7881302732707187,25.45058809432266,-36.21638756496213,3.18,1.46,,,,91.1,2993,6.2,717877,664874,683734,663853,660162,641313,643217,673357,640449,54.27,,,,,,,,50,2,Knuckle Curve,0,3,0,3,3,0,0,3,Standard,Standard,47,0.0,0.056,,,,-0.056,,-3,-3,0.075,0.075,35,28,35,29,1,2,2,2,2,2,3.13,-0.29,0.29,31.9
KC,2023-06-06,91.0,-1.94,5.5,"Kelly, Joe",641432,523260,,ball,,,,,11,Willie Calhoun walks.,R,L,R,NYY,CWS,B,,,0,0,2023,0.47,-0.34,-0.93,3.02,,,,2,7,Bot,,,,,,,1.5222102150881045,-132.60619171600715,0.3229414804983426,5.281881670831591,25.14291031095387,-36.4702423417762,3.1,1.46,,,,91.1,3059,6.0,717877,664874,683734,663853,660162,641313,643217,673357,640449,54.46,,,,,,,,50,1,Knuckle Curve,0,3,0,3,3,0,0,3,Standard,Standard,52,0.0,0.043,,,,-0.043,,-3,-3,0.075,0.075,35,28,35,29,1,2,2,2,2,2,3.06,-0.47,0.47,32.3
CH,2023-06-06,91.9,-1.77,5.25,"Kelly, Joe",683011,523260,strikeout,swinging_strike,,,,,13,Anthony Volpe strikes out swinging.,R,R,R,NYY,CWS,S,2,,3,2,2023,-1.61,0.72,-0.53,1.31,,,,1,7,Bot,,,,,,,6.632373035914604,-133.62175903530056,-5.715289991328615,-20.770468415164743,27.634504691399115,-22.522144666537685,3.14,1.49,,,,91.9,2269,6.2,717877,664874,683734,663853,660162,641313,643217,673357,640449,54.28,,0.0,0.0,1,0,0,,49,7,Changeup,0,3,0,3,3,0,0,3,Standard,Standard,249,-0.016,-0.328,,,,0.328,,-3,-3,0.091,0.091,35,22,35,22,1,2,2,2,2,2,1.98,1.61,1.61,25.8
SL,2023-06-06,91.9,-1.82,5.58,"Kelly, Joe",683011,523260,,foul,,,,,5,Anthony Volpe strikes out swinging.,R,R,R,NYY,CWS,S,,,3,2,2023,0.65,-0.05,-0.1,2.52,,,,1,7,Bot,,,,,,,2.9310783718904654,-133.89440546245336,-1.8158196498828103,7.223419673300356,28.91475653173891,-32.581412148913365,3.14,1.49,143,90.2,69,91.8,2890,6.1,717877,664874,683734,663853,660162,641313,643217,673357,640449,54.36,,,,,,,,49,6,Slider,0,3,0,3,3,0,0,3,Standard,Standard,36,0.0,0.0,,,,0.0,90.2,-3,-3,0.091,0.091,35,22,35,22,1,2,2,2,2,2,2.74,-0.65,-0.65,35.8
SL,2023-06-06,92.6,-1.88,5.48,"Kelly, Joe",683011,523260,,ball,,,,,14,Anthony Volpe strikes out swinging.,R,R,R,NYY,CWS,B,,,2,2,2023,1.09,-0.12,1.46,0.06,,,,1,7,Bot,,,,,,,6.137804707267962,-134.66199545076924,-7.750262330841391,11.901130271715909,29.4983161564252,-32.110196639872186,3.18,1.49,,,,92.4,3042,6.2,717877,664874,683734,663853,660162,641313,643217,673357,640449,54.26,,,,,,,,49,5,Slider,0,3,0,3,3,0,0,3,Standard,Standard,5,0.0,0.094,,,,-0.094,,-3,-3,0.091,0.091,35,22,35,22,1,2,2,2,2,2,2.78,-1.09,-1.09,32.7
KC,2023-06-06,91.7,-1.87,5.52,"Kelly, Joe",683011,523260,,ball,,,,,14,Anthony Volpe strikes out swinging.,R,R,R,NYY,CWS,B,,,1,2,2023,0.5,-0.47,0.08,0.98,,,,1,7,Bot,,,,,,,3.821150609785,-133.5207962164565,-4.626637820688659,5.249088412799819,27.630778616867875,-37.06779874813391,3.21,1.49,,,,91.6,3128,6.1,717877,664874,683734,663853,660162,641313,643217,673357,640449,54.37,,,,,,,,49,4,Knuckle Curve,0,3,0,3,3,0,0,3,Standard,Standard,45,0.0,0.045,,,,-0.045,,-3,-3,0.091,0.091,35,22,35,22,1,2,2,2,2,2,3.17,-0.5,-0.5,35.3
KC,2023-06-06,90.8,-1.92,5.49,"Kelly, Joe",683011,523260,,swinging_strike,,,,,14,Anthony Volpe strikes out swinging.,R,R,R,NYY,CWS,S,,,1,1,2023,0.29,-0.41,0.21,1.16,,,,1,7,Bot,,,,,,,4.693950145375865,-132.30295569535087,-4.072398791574888,2.47480645893237,26.643239274682077,-36.37210313965528,3.14,1.49,,,,90.7,3079,6.0,717877,664874,683734,663853,660162,641313,643217,673357,640449,54.48,,,,,,,,49,3,Knuckle Curve,0,3,0,3,3,0,0,3,Standard,Standard,55,0.0,-0.068,,,,0.068,,-3,-3,0.091,0.091,35,22,35,22,1,2,2,2,2,2,3.15,-0.29,-0.29,29.3
SI,2023-06-06,99.7,-1.92,5.2,"Kelly, Joe",683011,523260,,foul_tip,,,,,7,Anthony Volpe strikes out swinging.,R,R,R,NYY,CWS,S,,,1,0,2023,-1.62,0.52,-0.45,1.71,,,,1,7,Bot,,,,,,,7.787801020840064,-145.02011880576688,-5.407674878260188,-24.64793861840486,32.08726457837344,-23.83805794419492,3.14,1.49,,,,99.4,2262,6.0,717877,664874,683734,663853,660162,641313,643217,673357,640449,54.48,,,,,,,,49,2,Sinker,0,3,0,3,3,0,0,3,Standard,Standard,229,0.0,-0.05,,,,0.05,,-3,-3,0.091,0.091,35,22,35,22,1,2,2,2,2,2,1.77,1.62,1.62,22.4
KC,2023-06-06,90.9,-1.99,5.48,"Kelly, Joe",683011,523260,,ball,,,,,13,Anthony Volpe strikes out swinging.,R,R,R,NYY,CWS,B,,,0,0,2023,0.39,-0.37,-0.73,1.01,,,,1,7,Bot,,,,,,,2.306273347524387,-132.39968748254148,-4.551023637173415,4.194294263578544,25.788732183227346,-35.85833849190333,3.18,1.49,,,,90.7,3156,5.9,717877,664874,683734,663853,660162,641313,643217,673357,640449,54.59,,,,,,,,49,1,Knuckle Curve,0,3,0,3,3,0,0,3,Standard,Standard,44,0.0,0.039,,,,-0.039,,-3,-3,0.091,0.091,35,22,35,22,1,2,2,2,2,2,3.1,-0.39,-0.39,32.3
KC,2023-06-06,90.9,-2.03,5.49,"Kelly, Joe",518626,523260,strikeout,called_strike,,,,,8,Josh Donaldson called out on strikes.,R,R,R,NYY,CWS,S,2,,0,2,2023,0.54,-0.72,0.23,1.96,,,,0,7,Bot,,,,,,,4.52088012043196,-132.39015458478545,-1.449857388750722,5.428563586294347,26.379249324099284,-40.567973109776446,3.37,1.62,,,,91.0,2992,6.2,717877,664874,683734,663853,660162,641313,643217,673357,640449,54.33,,0.0,0.0,1,0,0,,48,4,Knuckle Curve,0,3,0,3,3,0,0,3,Standard,Standard,54,-0.027,-0.169,,,,0.169,,-3,-3,0.118,0.118,35,37,35,38,1,2,2,3,2,2,3.46,-0.54,-0.54,30.6
SI,2023-06-06,100.1,-1.91,5.12,"Kelly, Joe",518626,523260,,foul,,,,,13,Josh Donaldson called out on strikes.,R,R,R,NYY,CWS,S,,,0,2,2023,-1.6,0.6,-1.02,2.2,,,,0,7,Bot,,,,,,,6.237815619711855,-145.71783341091935,-4.145527168186347,-24.285520420697573,31.58357172317573,-22.92399375904824,3.34,1.62,193,66.4,34,100.5,2254,6.3,717877,664874,683734,663853,660162,641313,643217,673357,640449,54.16,,,,,,,,48,3,Sinker,0,3,0,3,3,0,0,3,Standard,Standard,232,0.0,0.0,,,,0.0,88.0,-3,-3,0.118,0.118,35,37,35,38,1,2,2,3,2,2,1.66,1.6,1.6,23.7
FF,2023-06-06,99.5,-1.83,5.25,"Kelly, Joe",518626,523260,,foul,,,,,8,Josh Donaldson called out on strikes.,R,R,R,NYY,CWS,S,,,0,1,2023,-1.23,1.04,-0.03,2.02,,,,0,7,Bot,,,,,,,7.777902909212104,-144.6952770401988,-5.857011508250249,-19.123308473858906,33.70418165471347,-16.39418685664433,3.34,1.62,266,106.0,15,99.0,2320,6.1,717877,664874,683734,663853,660162,641313,643217,673357,640449,54.44,,,,,,,,48,2,4-Seam Fastball,0,3,0,3,3,0,0,3,Standard,Standard,233,0.0,-0.054,,,,0.054,106.0,-3,-3,0.118,0.118,35,37,35,38,1,2,2,3,2,2,1.27,1.23,1.23,25.9
SI,2023-06-06,98.3,-1.94,5.17,"Kelly, Joe",518626,523260,,called_strike,,,,,7,Josh Donaldson called out on strikes.,R,R,R,NYY,CWS,S,,,0,0,2023,-1.45,0.72,-0.3,1.58,,,,0,7,Bot,,,,,,,7.756947415139823,-142.95090938641766,-5.934213162421761,-21.610952151854704,31.25742992649228,-21.151406451938023,3.47,1.62,,,,98.3,2258,6.2,717877,664874,683734,663853,660162,641313,643217,673357,640449,54.31,,,,,,,,48,1,Sinker,0,3,0,3,3,0,0,3,Standard,Standard,236,0.0,-0.042,,,,0.042,,-3,-3,0.118,0.118,35,37,35,38,1,2,2,3,2,2,1.63,1.45,1.45,22.2
SL,2023-06-04,91.4,-2.04,5.56,"Kelly, Joe",595879,523260,field_out,hit_into_play,,,,,11,Javier Baez flies out to center fielder Luis Robert Jr.,R,R,R,CWS,DET,X,8,fly_ball,1,2,2023,0.53,0.07,-1.12,3.95,,656716,,2,8,Top,107.83,49.22,,,,,1.1864354450479733,-133.17967030282708,1.5708650616724031,6.166885099838351,25.44531950314918,-31.852382802336436,3.56,1.64,382,96.4,32,91.6,2835,6.1,717891,518735,683734,663853,462101,641313,640449,673357,650391,54.42,0.211,0.367,0.0,1,0,0,5,59,4,Slider,2,2,2,2,2,2,2,2,Standard,Strategic,53,0.079,-0.205,,,0.686,0.205,96.4,0,0,0.526,0.474,35,30,35,31,1,3,2,1,2,1,2.63,-0.53,-0.53,32.6
SL,2023-06-04,92.3,-2.16,5.47,"Kelly, Joe",595879,523260,,ball,,,,,14,Javier Baez flies out to center fielder Luis Robert Jr.,R,R,R,CWS,DET,B,,,0,2,2023,0.64,0.38,0.75,0.45,,,656716,2,8,Top,,,,,,,5.9851400736660905,-134.18707159787192,-7.788154180441221,6.490246834885511,27.286254777753417,-26.164265596088885,3.49,1.65,,,,92.1,2948,6.1,717891,518735,683734,663853,462101,641313,640449,673357,650391,54.4,,,,,,,,59,3,Slider,2,2,2,2,2,2,2,2,Standard,Strategic,39,-0.028,0.02,,,,-0.02,,0,0,0.554,0.446,35,30,35,31,1,3,2,1,2,1,2.29,-0.64,-0.64,32.1
KC,2023-06-04,90.3,-2.15,5.57,"Kelly, Joe",595879,523260,,swinging_strike,,,,,14,Javier Baez flies out to center fielder Luis Robert Jr.,R,R,R,CWS,DET,S,,,0,1,2023,0.16,-0.4,0.31,1.47,,,656716,2,8,Top,,,,,,,5.761980927595849,-131.5661361389893,-3.467535744899221,0.7459316642372318,25.39274020044944,-36.31901213676728,3.52,1.6,,,,90.3,2844,6.0,717891,518735,683734,663853,462101,641313,640449,673357,650391,54.48,,,,,,,,59,2,Knuckle Curve,2,2,2,2,2,2,2,2,Standard,Strategic,45,0.0,-0.055,,,,0.055,,0,0,0.554,0.446,35,30,35,31,1,3,2,1,2,1,3.16,-0.16,-0.16,34.9
SI,2023-06-04,97.6,-1.97,5.2,"Kelly, Joe",595879,523260,,foul,,,,,11,Javier Baez flies out to center fielder Luis Robert Jr.,R,R,R,CWS,DET,S,,,0,0,2023,-1.53,0.9,-0.98,3.05,,,656716,2,8,Top,,,,,,,6.183469468011945,-142.0883268388766,-2.3807232933827747,-22.16238496882048,31.33754448737211,-19.59731141887665,3.56,1.64,277,87.4,30,97.9,2204,6.3,717891,518735,683734,663853,462101,641313,640449,673357,650391,54.18,,,,,,,,59,1,Sinker,2,2,2,2,2,2,2,2,Standard,Standard,232,0.0,-0.045,,,,0.045,88.0,0,0,0.554,0.446,35,30,35,31,1,3,2,1,2,1,1.48,1.53,1.53,23.3
FF,2023-06-04,99.9,-2.07,5.14,"Kelly, Joe",656716,523260,single,hit_into_play,,,,,4,Zach McKinstry singles on a ground ball to right fielder Eloy Jimenez.,R,L,R,CWS,DET,X,9,ground_ball,1,2,2023,-0.98,1.04,-0.37,2.5,,,,2,8,Top,181.4,104.63,,,,,7.010378553275238,-145.3334755206926,-4.396292639812723,-15.449177175459472,31.72271723123777,-16.556526910462182,3.23,1.52,88,100.3,4,100.5,2302,6.5,717891,518735,683734,663853,462101,641313,640449,673357,650391,54.0,0.534,0.497,0.9,1,1,0,4,58,4,4-Seam Fastball,2,2,2,2,2,2,2,2,Infield shade,Standard,235,-0.026,0.427,,,0.612,-0.427,100.3,0,0,0.58,0.42,35,28,35,28,1,3,2,1,2,1,1.23,0.98,-0.98,24.7
KC,2023-06-04,90.5,-2.1,5.53,"Kelly, Joe",656716,523260,,swinging_strike,,,,,14,Zach McKinstry singles on a ground ball to right fielder Eloy Jimenez.,R,L,R,CWS,DET,S,,,1,1,2023,0.53,-0.49,0.23,0.62,,,,2,8,Top,,,,,,,4.683072597251223,-131.790460003701,-5.326057526428816,5.25593705237805,25.886702474993648,-37.037732880828806,3.23,1.52,,,,90.5,3029,6.1,717891,518735,683734,663853,462101,641313,640449,673357,650391,54.4,,,,,,,,58,3,Knuckle Curve,2,2,2,2,2,2,2,2,Infield shade,Standard,51,0.0,-0.069,,,,0.069,,0,0,0.58,0.42,35,28,35,28,1,3,2,1,2,1,3.25,-0.53,0.53,33.4
FF,2023-06-04,99.5,-2.12,5.37,"Kelly, Joe",656716,523260,,ball,,,,,11,Zach McKinstry singles on a ground ball to right fielder Eloy Jimenez.,R,L,R,CWS,DET,B,,,0,1,2023,-0.99,1.05,-1.75,2.64,,,,2,8,Top,,,,,,,3.3228496965853846,-144.9744971445387,-4.62291089743199,-14.779121752103578,30.986127047490974,-16.45626438576036,3.12,1.54,,,,99.8,2465,6.2,717891,518735,683734,663853,462101,641313,640449,673357,650391,54.3,,,,,,,,58,2,4-Seam Fastball,2,2,2,2,2,2,2,2,Infield shade,Standard,224,0.0,0.031,,,,-0.031,,0,0,0.58,0.42,35,28,35,28,1,3,2,1,2,1,1.23,0.99,-0.99,29.1
SL,2023-06-04,89.9,-2.13,5.63,"Kelly, Joe",656716,523260,,called_strike,,,,,5,Zach McKinstry singles on a ground ball to right fielder Eloy Jimenez.,R,L,R,CWS,DET,S,,,0,0,2023,0.33,-0.21,0.0,2.44,,,,2,8,Top,,,,,,,4.55322514416324,-131.00953765756572,-1.5649254980206193,2.924426263700474,24.746880311588484,-34.44856845702397,3.15,1.45,,,,89.9,2968,6.0,717891,518735,683734,663853,462101,641313,640449,673357,650391,54.51,,,,,,,,58,1,Slider,2,2,2,2,2,2,2,2,Infield shade,Standard,53,0.0,-0.045,,,,0.045,,0,0,0.58,0.42,35,28,35,28,1,3,2,1,2,1,2.99,-0.33,0.33,32.1
KC,2023-06-04,90.1,-2.03,5.48,"Kelly, Joe",545350,523260,field_out,hit_into_play,,,,,9,"Jake Marisnick grounds out, second baseman Romy Gonzalez to first baseman Andrew Vaughn.",R,R,R,CWS,DET,X,4,ground_ball,2,2,2023,0.45,-0.45,0.53,1.47,,,,1,8,Top,140.3,147.34,,,,,5.40330351072081,-131.33946590131484,-3.1270275767282145,4.268750841929357,23.989642496502064,-37.050369636794194,3.48,1.59,14,82.1,-5,90.5,2950,6.1,717891,518735,683734,663853,462101,641313,640449,673357,650391,54.37,0.16,0.168,0.0,1,0,0,2,57,6,Knuckle Curve,2,2,2,2,2,2,2,2,Standard,Standard,48,0.034,-0.234,,,0.184,0.234,88.0,0,0,0.546,0.454,35,32,35,32,1,2,2,1,2,1,3.22,-0.45,-0.45,30.7
SI,2023-06-04,99.0,-1.84,5.38,"Kelly, Joe",545350,523260,,foul,,,,,5,"Jake Marisnick grounds out, second baseman Romy Gonzalez to first baseman Andrew Vaughn.",R,R,R,CWS,DET,S,,,2,2,2023,-1.71,0.5,-0.16,2.64,,,,1,8,Top,,,,,,,8.542666805859405,-143.94592988629387,-3.2136769701118615,-25.73222049970222,32.24475463754026,-24.69125438872238,3.48,1.59,175,67.2,29,98.9,2196,6.2,717891,518735,683734,663853,462101,641313,640449,673357,650391,54.3,,,,,,,,57,5,Sinker,2,2,2,2,2,2,2,2,Standard,Standard,231,0.0,0.0,,,,0.0,88.0,0,0,0.546,0.454,35,32,35,32,1,2,2,1,2,1,1.82,1.71,1.71,27.0
KC,2023-06-04,88.3,-1.89,5.36,"Kelly, Joe",545350,523260,,ball,,,,,14,"Jake Marisnick grounds out, second baseman Romy Gonzalez to first baseman Andrew Vaughn.",R,R,R,CWS,DET,B,,,1,2,2023,0.08,-0.28,1.29,0.58,,,,1,8,Top,,,,,,,7.568320973407817,-128.3794183088122,-4.9422149001908355,-0.6560489720934779,27.035753908653973,-34.38577310210326,3.34,1.43,,,,88.2,2710,6.3,717891,518735,683734,663853,462101,641313,640449,673357,650391,54.21,,,,,,,,57,4,Knuckle Curve,2,2,2,2,2,2,2,2,Standard,Standard,43,0.0,0.045,,,,-0.045,,0,0,0.546,0.454,35,32,35,32,1,2,2,1,2,1,3.21,-0.08,-0.08,33.0
KC,2023-06-04,89.7,-2.19,5.5,"Kelly, Joe",545350,523260,,swinging_strike,,,,,14,"Jake Marisnick grounds out, second baseman Romy Gonzalez to first baseman Andrew Vaughn.",R,R,R,CWS,DET,S,,,1,1,2023,0.43,-0.53,0.66,1.43,,,,1,8,Top,,,,,,,6.10459792468995,-130.6240367704574,-2.9887286048668535,3.6852382416364327,26.82825099323203,-37.804353816973176,3.48,1.59,,,,89.4,2935,6.0,717891,518735,683734,663853,462101,641313,640449,673357,650391,54.5,,,,,,,,57,3,Knuckle Curve,2,2,2,2,2,2,2,2,Standard,Standard,49,0.0,-0.068,,,,0.068,,0,0,0.546,0.454,35,32,35,32,1,2,2,1,2,1,3.35,-0.43,-0.43,33.2
KC,2023-06-04,89.1,-2.26,5.49,"Kelly, Joe",545350,523260,,called_strike,,,,,8,"Jake Marisnick grounds out, second baseman Romy Gonzalez to first baseman Andrew Vaughn.",R,R,R,CWS,DET,S,,,1,0,2023,0.22,-0.44,0.25,1.78,,,,1,8,Top,,,,,,,5.661008276165114,-129.5930508921028,-2.1429183455201373,1.2468391916042263,28.03118235727686,-36.92068885200763,3.36,1.43,,,,88.7,2792,6.1,717891,518735,683734,663853,462101,641313,640449,673357,650391,54.36,,,,,,,,57,2,Knuckle Curve,2,2,2,2,2,2,2,2,Standard,Standard,45,0.0,-0.05,,,,0.05,,0,0,0.546,0.454,35,32,35,32,1,2,2,1,2,1,3.33,-0.22,-0.22,30.6
SI,2023-06-04,100.3,-2.18,5.06,"Kelly, Joe",545350,523260,,ball,,,,,12,"Jake Marisnick grounds out, second baseman Romy Gonzalez to first baseman Andrew Vaughn.",R,R,R,CWS,DET,B,,,0,0,2023,-1.57,0.9,0.36,3.92,,,,1,8,Top,,,,,,,10.711854868920057,-145.65287655899868,0.1517768310050112,-24.970831622915455,37.431463741918066,-19.712722123843765,3.41,1.63,,,,99.7,2313,6.3,717891,518735,683734,663853,462101,641313,640449,673357,650391,54.22,,,,,,,,57,1,Sinker,2,2,2,2,2,2,2,2,Standard,Standard,237,0.0,0.039,,,,-0.039,,0,0,0.546,0.454,35,32,35,32,1,2,2,1,2,1,1.39,1.57,1.57,23.0
SI,2023-06-04,98.3,-1.77,5.41,"Kelly, Joe",668670,523260,strikeout,called_strike,,,,,5,Jake Rogers called out on strikes.,R,R,R,CWS,DET,S,2,,0,2,2023,-1.29,1.1,0.23,3.02,,,,0,8,Top,,,,,,,8.371411707712548,-142.90675646724375,-3.5617174201722066,-19.5986240093865,33.74944007098192,-16.41181046084076,3.71,1.69,,,,97.9,2292,6.2,717891,518735,683734,663853,462101,641313,640449,673357,650391,54.31,,0.0,0.0,1,0,0,,56,3,Sinker,2,2,2,2,2,2,2,2,Standard,Standard,235,0.046,-0.169,,,,0.169,,0,0,0.5,0.5,35,28,35,28,1,2,2,4,2,2,1.26,1.29,1.29,28.1
SI,2023-06-04,98.9,-1.95,5.21,"Kelly, Joe",668670,523260,,swinging_strike,,,,,3,Jake Rogers called out on strikes.,R,R,R,CWS,DET,S,,,0,1,2023,-1.29,0.96,0.34,3.18,,,,0,8,Top,,,,,,,9.222680638051894,-143.79879823621167,-2.3145477614737207,-20.009347026302624,32.17750776264146,-18.55103797248154,3.35,1.57,,,,98.9,2236,6.2,717891,518735,683734,663853,462101,641313,640449,673357,650391,54.26,,,,,,,,56,2,Sinker,2,2,2,2,2,2,2,2,Standard,Standard,232,0.0,-0.054,,,,0.054,,0,0,0.5,0.5,35,28,35,28,1,2,2,4,2,2,1.37,1.29,1.29,30.2
SI,2023-06-04,98.0,-1.77,5.3,"Kelly, Joe",668670,523260,,called_strike,,,,,12,Jake Rogers called out on strikes.,R,R,R,CWS,DET,S,,,0,0,2023,-1.28,0.95,0.96,2.94,,,,0,8,Top,,,,,,,10.326974603971198,-142.4820433089123,-3.1282379016533257,-19.74704529025564,29.37689560525472,-18.685981958283072,3.25,1.48,,,,98.4,2233,6.3,717891,518735,683734,663853,462101,641313,640449,673357,650391,54.19,,,,,,,,56,1,Sinker,2,2,2,2,2,2,2,2,Standard,Standard,230,0.0,-0.042,,,,0.042,,0,0,0.5,0.5,35,28,35,28,1,2,2,4,2,2,1.41,1.28,1.28,27.1
SI,2023-06-02,99.1,-1.75,5.22,"Kelly, Joe",606992,523260,field_out,hit_into_play,,,,,11,"Eric Haase grounds out softly, pitcher Joe Kelly to first baseman Andrew Vaughn.",R,R,R,CWS,DET,X,1,ground_ball,1,1,2023,-1.56,0.56,-1.42,2.76,,668731,595879,2,8,Top,125.06,167.13,,,,,4.535713213477673,-144.31687872062128,-2.6385463494292667,-22.859119610408673,31.15507807453949,-23.95483883653032,3.27,1.48,5,46.8,-27,99.4,2247,6.2,717925,664874,683734,663853,660162,641313,643217,673357,650391,54.27,0.134,0.131,0.0,1,0,0,1,62,3,Sinker,3,0,0,3,0,3,0,3,Standard,Standard,229,0.039,-0.281,,,0.134,0.281,88.0,3,-3,0.936,0.064,35,30,35,31,1,3,5,2,2,1,1.75,1.56,1.56,25.6
SI,2023-06-02,98.7,-1.61,5.28,"Kelly, Joe",606992,523260,,ball,,,,,9,"Eric Haase grounds out softly, pitcher Joe Kelly to first baseman Andrew Vaughn.",R,R,R,CWS,DET,B,,,0,1,2023,-1.5,0.67,0.46,1.57,,668731,595879,2,8,Top,,,,,,,9.108484662626172,-143.49933109641208,-6.254751533724475,-22.757393651429176,30.756570494173253,-21.606830134130824,3.18,1.37,,,,98.9,2238,6.3,717925,664874,683734,663853,660162,641313,643217,673357,650391,54.19,,,,,,,,62,2,Sinker,3,0,0,3,0,3,0,3,Standard,Standard,228,0.0,0.025,,,,-0.025,,3,-3,0.936,0.064,35,30,35,31,1,3,5,2,2,1,1.66,1.5,1.5,24.8
KC,2023-06-02,89.5,-1.92,5.53,"Kelly, Joe",606992,523260,,called_strike,,,,,1,"Eric Haase grounds out softly, pitcher Joe Kelly to first baseman Andrew Vaughn.",R,R,R,CWS,DET,S,,,0,0,2023,0.37,-0.59,-0.61,2.81,,668731,595879,2,8,Top,,,,,,,2.457486726876159,-130.37857685652375,0.4749159863891219,3.78423995374535,25.00192796053178,-39.29311609175513,3.16,1.38,,,,89.5,2938,6.0,717925,664874,683734,663853,660162,641313,643217,673357,650391,54.47,,,,,,,,62,1,Knuckle Curve,3,0,0,3,0,3,0,3,Standard,Standard,56,0.0,-0.04,,,,0.04,,3,-3,0.936,0.064,35,30,35,31,1,3,5,2,2,1,3.41,-0.37,-0.37,34.9
SI,2023-06-02,99.8,-1.8,5.25,"Kelly, Joe",665155,523260,strikeout,swinging_strike,,,,,11,Nick Maton strikes out swinging.,R,L,R,CWS,DET,S,2,,0,2,2023,-1.36,0.41,-0.68,4.04,,668731,595879,1,8,Top,,,,,,,6.245730260749096,-145.3422067104675,1.0140418006086171,-20.709345411489014,29.16063334650695,-26.70091907312604,3.26,1.55,,,,100.1,2251,6.1,717925,664874,683734,663853,660162,641313,643217,673357,650391,54.39,,0.0,0.0,1,0,0,,61,3,Sinker,3,0,0,3,0,3,0,3,Standard,Standard,228,0.05,-0.151,,,,0.151,,3,-3,0.886,0.114,35,26,35,26,1,3,5,2,2,1,1.85,1.36,-1.36,30.5
SI,2023-06-02,99.4,-1.78,5.3,"Kelly, Joe",665155,523260,,swinging_strike,,,,,1,Nick Maton strikes out swinging.,R,L,R,CWS,DET,S,,,0,1,2023,-1.55,0.69,-0.29,3.07,,668731,595879,1,8,Top,,,,,,,7.701422542886172,-144.59274313786173,-2.332897194769349,-23.55374201936073,32.331064261853264,-22.152780770498136,3.26,1.55,,,,99.4,2296,6.2,717925,664874,683734,663853,660162,641313,643217,673357,650391,54.27,,,,,,,,61,2,Sinker,3,0,0,3,0,3,0,3,Standard,Standard,233,0.0,-0.05,,,,0.05,,3,-3,0.886,0.114,35,26,35,26,1,3,5,2,2,1,1.61,1.55,-1.55,30.7
SL,2023-06-02,92.0,-1.75,5.54,"Kelly, Joe",665155,523260,,foul,,,,,2,Nick Maton strikes out swinging.,R,L,R,CWS,DET,S,,,0,0,2023,0.52,-0.14,0.23,3.09,,668731,595879,1,8,Top,,,,,,,3.8762851608222433,-133.97895368537587,-0.1077258491400027,5.532909314069221,26.94263340713072,-34.09480252983828,3.26,1.55,178,69.5,22,91.9,2787,6.0,717925,664874,683734,663853,660162,641313,643217,673357,650391,54.48,,,,,,,,61,1,Slider,3,0,0,3,0,3,0,3,Standard,Standard,50,0.0,-0.04,,,,0.04,88.0,3,-3,0.886,0.114,35,26,35,26,1,3,5,2,2,1,2.82,-0.52,0.52,32.2
KC,2023-06-02,89.8,-1.66,5.6,"Kelly, Joe",679529,523260,strikeout,swinging_strike,,,,,5,Spencer Torkelson strikes out swinging.,R,R,R,CWS,DET,S,2,,3,2,2023,0.37,-0.71,0.2,2.73,,668731,595879,0,8,Top,,,,,,,3.7895166229280166,-130.81333607874492,0.3040043423232921,3.5506575720555538,25.433856844654738,-40.64868069875415,3.46,1.59,,,,89.7,2965,6.0,717925,664874,683734,663853,660162,641313,643217,673357,650391,54.5,,0.0,0.0,1,0,0,,60,7,Knuckle Curve,3,0,0,3,0,3,0,3,Standard,Standard,43,0.065,-0.316,,,,0.316,,3,-3,0.821,0.179,35,23,35,24,1,3,5,2,2,1,3.51,-0.37,-0.37,38.1
KC,2023-06-02,89.2,-1.82,5.41,"Kelly, Joe",679529,523260,,foul,,,,,8,Spencer Torkelson strikes out swinging.,R,R,R,CWS,DET,S,,,3,2,2023,0.53,-0.88,-0.23,1.49,,668731,595879,0,8,Top,,,,,,,2.7857882532643226,-129.93857444156924,-1.831879483144451,5.537649151900059,24.904993260398992,-42.06778822364517,3.46,1.59,2,72.2,-37,89.2,2852,6.1,717925,664874,683734,663853,660162,641313,643217,673357,650391,54.44,,,,,,,,60,6,Knuckle Curve,3,0,0,3,0,3,0,3,Standard,Standard,42,0.0,0.0,,,,0.0,88.0,3,-3,0.821,0.179,35,23,35,24,1,3,5,2,2,1,3.72,-0.53,-0.53,33.4
SI,2023-06-02,98.4,-1.64,5.32,"Kelly, Joe",679529,523260,,ball,,,,,11,Spencer Torkelson strikes out swinging.,R,R,R,CWS,DET,B,,,2,2,2023,-1.5,0.56,-0.62,4.32,,668731,595879,0,8,Top,,,,,,,6.221927854478617,-143.3359069129068,1.3660508516083836,-22.081985509855727,29.583876866885326,-24.82833406759208,3.42,1.64,,,,98.7,2170,6.2,717925,664874,683734,663853,660162,641313,643217,673357,650391,54.33,,,,,,,,60,5,Sinker,3,0,0,3,0,3,0,3,Standard,Standard,226,0.0,0.113,,,,-0.113,,3,-3,0.821,0.179,35,23,35,24,1,3,5,2,2,1,1.77,1.5,1.5,34.7
KC,2023-06-02,90.5,-1.79,5.5,"Kelly, Joe",679529,523260,,foul,,,,,8,Spencer Torkelson strikes out swinging.,R,R,R,CWS,DET,S,,,2,1,2023,0.02,-0.56,-0.19,1.88,,668731,595879,0,8,Top,,,,,,,3.933272587672438,-131.8439898380605,-1.9440681923521512,-0.5701618756246883,27.323315366095137,-38.4998067675507,3.46,1.59,37,99.8,-1,90.3,2935,6.0,717925,664874,683734,663853,660162,641313,643217,673357,650391,54.48,,,,,,,,60,4,Knuckle Curve,3,0,0,3,0,3,0,3,Standard,Standard,45,0.0,-0.094,,,,0.094,99.8,3,-3,0.821,0.179,35,23,35,24,1,3,5,2,2,1,3.33,-0.02,-0.02,32.7
SL,2023-06-02,93.2,-1.8,5.4,"Kelly, Joe",679529,523260,,blocked_ball,,,,,14,Spencer Torkelson strikes out swinging.,R,R,R,CWS,DET,B,,,1,1,2023,0.13,0.08,2.13,-0.03,,668731,595879,0,8,Top,,,,,,,9.747615804969437,-135.2126121196215,-8.289573077027832,-0.5358233744333957,30.28403882117828,-29.516971795794124,3.33,1.53,,,,92.5,2849,6.1,717925,664874,683734,663853,660162,641313,643217,673357,650391,54.38,,,,,,,,60,3,Slider,3,0,0,3,0,3,0,3,Standard,Standard,36,0.0,0.052,,,,-0.052,,3,-3,0.821,0.179,35,23,35,24,1,3,5,2,2,1,2.57,-0.13,-0.13,30.0
SI,2023-06-02,99.8,-1.67,5.22,"Kelly, Joe",679529,523260,,called_strike,,,,,9,Spencer Torkelson strikes out swinging.,R,R,R,CWS,DET,S,,,1,0,2023,-1.28,0.78,0.46,1.58,,668731,595879,0,8,Top,,,,,,,8.87678083093023,-145.0574079606804,-6.494054326117738,-20.07335167980707,31.15865714259778,-19.802944444429087,3.42,1.57,,,,100.2,2257,6.4,717925,664874,683734,663853,660162,641313,643217,673357,650391,54.12,,,,,,,,60,2,Sinker,3,0,0,3,0,3,0,3,Standard,Standard,233,0.0,-0.055,,,,0.055,,3,-3,0.821,0.179,35,23,35,24,1,3,5,2,2,1,1.5,1.28,1.28,29.5
CH,2023-06-02,91.0,-1.62,5.47,"Kelly, Joe",679529,523260,,ball,,,,,13,Spencer Torkelson strikes out swinging.,R,R,R,CWS,DET,B,,,0,0,2023,-1.33,0.55,-0.24,1.29,,668731,595879,0,8,Top,,,,,,,6.291245248242598,-132.3826768622617,-5.7918170564143825,-16.935543699761073,26.669891832301634,-24.706979275656543,3.39,1.53,,,,91.0,1977,6.2,717925,664874,683734,663853,660162,641313,643217,673357,650391,54.3,,,,,,,,60,1,Changeup,3,0,0,3,0,3,0,3,Standard,Standard,250,0.0,0.042,,,,-0.042,,3,-3,0.821,0.179,35,23,35,24,1,3,5,2,2,1,2.19,1.33,1.33,31.5
SI,2023-06-02,98.3,-1.72,5.12,"Kelly, Joe",595879,523260,single,hit_into_play,,,,,7,Javier Baez singles on a line drive to right fielder Eloy Jimenez.   Akil Baddoo to 2nd.,R,R,R,CWS,DET,X,9,line_drive,2,2,2023,-1.37,0.68,-0.81,1.96,,,668731,0,8,Top,190.61,104.59,,,,,5.648898533000493,-143.17523696983042,-4.747572660212585,-20.211989921657928,29.872818867783085,-21.943226561095543,3.56,1.65,250,96.8,15,98.8,2254,6.3,717925,664874,683734,663853,660162,641313,643217,673357,650391,54.18,0.769,0.764,0.9,1,1,0,4,59,5,Sinker,3,0,0,3,0,3,0,3,Standard,Standard,235,-0.073,0.478,,,1.003,-0.478,96.8,3,-3,0.894,0.106,35,30,35,31,1,3,5,2,2,1,1.66,1.37,1.37,26.6
CH,2023-06-02,90.1,-1.78,5.41,"Kelly, Joe",595879,523260,,swinging_strike,,,,,4,Javier Baez singles on a line drive to right fielder Eloy Jimenez.   Akil Baddoo to 2nd.,R,R,R,CWS,DET,S,,,2,1,2023,-1.59,0.45,-0.42,2.75,,,668731,0,8,Top,,,,,,,6.730845387478385,-131.1363638455439,-1.6200491740080003,-19.785111100314698,25.739583531645604,-26.877211015919617,3.56,1.65,,,,90.1,1928,6.1,717925,664874,683734,663853,660162,641313,643217,673357,650391,54.39,,,,,,,,59,4,Changeup,3,0,0,3,0,3,0,3,Standard,Standard,256,0.0,-0.056,,,,0.056,,3,-3,0.894,0.106,35,30,35,31,1,3,5,2,2,1,2.34,1.59,1.59,31.0
SL,2023-06-02,93.6,-1.74,5.65,"Kelly, Joe",595879,523260,,ball,,,,,14,Javier Baez singles on a line drive to right fielder Eloy Jimenez.   Akil Baddoo to 2nd.,R,R,R,CWS,DET,B,,,1,1,2023,0.07,0.1,1.37,1.25,,,668731,0,8,Top,,,,,,,7.809011829280236,-136.01075414543783,-5.738401473372027,-0.9884190100132912,33.29511429317808,-29.68035333799997,3.52,1.66,,,,92.6,2852,6.0,717925,664874,683734,663853,660162,641313,643217,673357,650391,54.47,,,,,,,,59,3,Slider,3,0,0,3,0,3,0,3,Standard,Standard,10,0.0,0.042,,,,-0.042,,3,-3,0.894,0.106,35,30,35,31,1,3,5,2,2,1,2.53,-0.07,-0.07,37.9
CH,2023-06-02,89.9,-1.66,5.42,"Kelly, Joe",595879,523260,,called_strike,,,,,4,Javier Baez singles on a line drive to right fielder Eloy Jimenez.   Akil Baddoo to 2nd.,R,R,R,CWS,DET,S,,,1,0,2023,-1.28,0.39,-0.62,2.82,,,668731,0,8,Top,,,,,,,5.287513772067508,-130.9280707119154,-1.353183762340131,-15.884896568962956,25.037305812727535,-27.633164264891228,3.57,1.68,,,,90.1,1968,6.1,717925,664874,683734,663853,660162,641313,643217,673357,650391,54.35,,,,,,,,59,2,Changeup,3,0,0,3,0,3,0,3,Standard,Standard,252,0.0,-0.042,,,,0.042,,3,-3,0.894,0.106,35,30,35,31,1,3,5,2,2,1,2.41,1.28,1.28,26.8
SI,2023-06-02,99.2,-1.92,5.27,"Kelly, Joe",595879,523260,,ball,,,,,11,Javier Baez singles on a line drive to right fielder Eloy Jimenez.   Akil Baddoo to 2nd.,R,R,R,CWS,DET,B,,,0,0,2023,-1.54,0.39,-2.11,2.98,,,668731,0,8,Top,,,,,,,3.0523682158715895,-144.59973212484627,-1.8233892226710413,-22.353221055427788,30.688067539412803,-26.494084761599105,3.52,1.68,,,,99.4,2268,6.1,717925,664874,683734,663853,660162,641313,643217,673357,650391,54.37,,,,,,,,59,1,Sinker,3,0,0,3,0,3,0,3,Standard,Standard,234,0.0,0.03,,,,-0.03,,3,-3,0.894,0.106,35,30,35,31,1,3,5,2,2,1,1.9,1.54,1.54,23.7
SL,2023-06-02,91.8,-1.95,5.42,"Kelly, Joe",668731,523260,walk,blocked_ball,,,,,13,Akil Baddoo walks.,R,L,R,CWS,DET,B,,,3,2,2023,0.15,-0.23,-0.08,0.52,,,,0,8,Top,,,,,,,4.379853422991121,-133.58545180572995,-5.9820041915889135,0.8425522099538965,29.822614368763546,-33.85065767797641,3.24,1.59,,,,91.1,3001,6.0,717925,664874,683734,663853,660162,641313,643217,673357,650391,54.53,,0.695903,0.7,1,0,0,,58,6,Slider,3,0,0,3,0,3,0,3,Standard,Standard,49,-0.041,0.347,,,,-0.347,,3,-3,0.935,0.065,35,24,35,25,1,3,5,2,2,1,2.95,-0.15,0.15,34.9
SI,2023-06-02,99.3,-1.83,5.25,"Kelly, Joe",668731,523260,,ball,,,,,12,Akil Baddoo walks.,R,L,R,CWS,DET,B,,,2,2,2023,-1.44,0.57,0.93,3.19,,,,0,8,Top,,,,,,,10.863146985174495,-144.33650248945213,-1.5884488062205229,-22.510289827531704,30.742165078550357,-24.039482847534835,3.3,1.61,,,,99.4,2213,6.2,717925,664874,683734,663853,660162,641313,643217,673357,650391,54.26,,,,,,,,58,5,Sinker,3,0,0,3,0,3,0,3,Standard,Standard,229,0.0,0.115,,,,-0.115,,3,-3,0.935,0.065,35,24,35,25,1,3,5,2,2,1,1.73,1.44,-1.44,25.3
KC,2023-06-02,90.2,-1.84,5.67,"Kelly, Joe",668731,523260,,called_strike,,,,,14,Akil Baddoo walks.,R,L,R,CWS,DET,S,,,2,1,2023,0.04,-0.46,0.42,1.17,,,,0,8,Top,,,,,,,5.4843378533701825,-131.26234767251344,-4.219576311235389,-0.7056028833196667,27.803347907272705,-36.79240672981441,3.35,1.55,,,,89.6,2824,5.9,717925,664874,683734,663853,660162,641313,643217,673357,650391,54.6,,,,,,,,58,4,Knuckle Curve,3,0,0,3,0,3,0,3,Standard,Standard,42,0.0,-0.074,,,,0.074,,3,-3,0.935,0.065,35,24,35,25,1,3,5,2,2,1,3.26,-0.04,0.04,32.8
SL,2023-06-02,92.8,-1.88,5.62,"Kelly, Joe",668731,523260,,ball,,,,,14,Akil Baddoo walks.,R,L,R,CWS,DET,B,,,1,1,2023,0.2,0.22,1.37,1.75,,,,0,8,Top,,,,,,,7.835402012565528,-134.97043607036215,-4.5844722873285075,0.8389931280741003,28.496311427826573,-28.694540201389486,3.33,1.61,,,,92.4,2797,6.0,717925,664874,683734,663853,660162,641313,643217,673357,650391,54.47,,,,,,,,58,3,Slider,3,0,0,3,0,3,0,3,Standard,Standard,29,0.0,0.059,,,,-0.059,,3,-3,0.935,0.065,35,24,35,25,1,3,5,2,2,1,2.42,-0.2,0.2,32.4
SI,2023-06-02,100.0,-1.78,5.35,"Kelly, Joe",668731,523260,,called_strike,,,,,4,Akil Baddoo walks.,R,L,R,CWS,DET,S,,,1,0,2023,-1.31,0.46,-0.7,2.6,,,,0,8,Top,,,,,,,6.054786566962978,-145.56018272009672,-3.3254704289665256,-20.112140879538693,33.77969553228874,-24.98735065831097,3.52,1.68,,,,99.8,2167,6.1,717925,664874,683734,663853,660162,641313,643217,673357,650391,54.37,,,,,,,,58,2,Sinker,3,0,0,3,0,3,0,3,Standard,Standard,233,0.0,-0.052,,,,0.052,,3,-3,0.935,0.065,35,24,35,25,1,3,5,2,2,1,1.81,1.31,-1.31,28.5
SI,2023-06-02,99.6,-1.85,5.33,"Kelly, Joe",668731,523260,,ball,,,,,11,Akil Baddoo walks.,R,L,R,CWS,DET,B,,,0,0,2023,-1.33,0.44,-0.66,3.84,,,,0,8,Top,,,,,,,6.394808381543078,-144.91009710792684,0.2659266902366488,-20.28805902861185,33.42312432722221,-26.236040673047903,3.37,1.66,,,,99.4,2218,6.2,717925,664874,683734,663853,660162,641313,643217,673357,650391,54.33,,,,,,,,58,1,Sinker,3,0,0,3,0,3,0,3,Standard,Standard,244,0.0,0.04,,,,-0.04,,3,-3,0.935,0.065,35,24,35,25,1,3,5,2,2,1,1.86,1.33,-1.33,24.3
SL,2023-05-28,93.3,-1.89,5.22,"Kelly, Joe",679529,523260,strikeout,swinging_strike,,,,,14,Spencer Torkelson strikes out swinging.,R,R,R,DET,CWS,S,2,,3,2,2023,0.69,0.0,1.34,1.17,,,,2,9,Bot,,,,,,,6.751709539523958,-135.74059667203323,-4.627688063126083,6.972019627779176,30.15770808189368,-31.332909551134502,3.44,1.59,,,,92.6,3027,5.9,717989,518735,683734,663853,660162,641313,643217,673357,650391,54.59,,0.0,0.0,1,0,0,,79,8,Slider,5,5,5,5,5,5,5,5,Standard,Standard,35,-0.033,-0.336,,,,0.336,,0,0,0.533,0.533,35,23,35,24,1,4,1,1,5,1,2.62,-0.69,-0.69,32.6
CH,2023-05-28,91.1,-1.72,5.01,"Kelly, Joe",679529,523260,,ball,,,,,14,Spencer Torkelson strikes out swinging.,R,R,R,DET,CWS,B,,,1,2,2023,-1.6,0.22,1.05,0.0,,,,2,9,Bot,,,,,,,10.350435449832643,-132.24549581763898,-7.152053334608206,-20.88709466155332,26.81062933186698,-28.211852813313502,3.57,1.62,,,,91.1,2155,6.3,717989,518735,683734,663853,660162,641313,643217,673357,650391,54.18,,,,,,,,79,6,Changeup,5,5,5,5,5,5,5,5,Standard,Standard,256,0.0,0.041,,,,-0.041,,0,0,0.533,0.533,35,23,35,24,1,4,1,1,5,1,2.53,1.6,1.6,25.6
CH,2023-05-28,89.2,-1.68,5.18,"Kelly, Joe",679529,523260,,foul,,,,,8,Spencer Torkelson strikes out swinging.,R,R,R,DET,CWS,S,,,1,2,2023,-1.4,0.32,0.0,2.12,,,,2,9,Bot,,,,,,,7.057359168746869,-129.77149339002932,-2.212871509677595,-17.325500873224595,25.385870968739095,-28.282448790696197,3.44,1.59,7,99.3,-17,89.4,2074,6.3,717989,518735,683734,663853,660162,641313,643217,673357,650391,54.23,,,,,,,,79,5,Changeup,5,5,5,5,5,5,5,5,Standard,Standard,250,0.0,0.0,,,,0.0,99.3,0,0,0.533,0.533,35,23,35,24,1,4,1,1,5,1,2.53,1.4,1.4,24.1
SI,2023-05-28,100.3,-1.62,5.03,"Kelly, Joe",679529,523260,,ball,,,,,11,Spencer Torkelson strikes out swinging.,R,R,R,DET,CWS,B,,,0,2,2023,-1.44,0.55,-0.4,4.0,,,,2,9,Bot,,,,,,,6.764241131386971,-146.02569225491902,1.2033122598539574,-22.21229470231785,31.88626243278742,-24.796514423033635,3.49,1.59,,,,100.5,2296,6.2,717989,518735,683734,663853,660162,641313,643217,673357,650391,54.29,,,,,,,,79,4,Sinker,5,5,5,5,5,5,5,5,Standard,Standard,231,0.0,0.022,,,,-0.022,,0,0,0.533,0.533,35,23,35,24,1,4,1,1,5,1,1.7,1.44,1.44,29.0
SL,2023-05-28,94.2,-1.86,5.22,"Kelly, Joe",679529,523260,,foul,,,,,6,Spencer Torkelson strikes out swinging.,R,R,R,DET,CWS,S,,,0,2,2023,0.5,-0.06,0.35,2.44,,,,2,9,Bot,,,,,,,4.58716113058067,-137.12293033216042,-1.3956216030447943,5.357889037594478,30.022377704633524,-32.87795988446688,3.44,1.59,211,73.4,43,93.5,2919,5.9,717989,518735,683734,663853,660162,641313,643217,673357,650391,54.64,,,,,,,,79,3,Slider,5,5,5,5,5,5,5,5,Standard,Standard,41,0.0,0.0,,,,0.0,88.0,0,0,0.533,0.533,35,23,35,24,1,4,1,1,5,1,2.63,-0.5,-0.5,35.1
KC,2023-05-28,91.1,-1.93,5.34,"Kelly, Joe",679529,523260,,called_strike,,,,,1,Spencer Torkelson strikes out swinging.,R,R,R,DET,CWS,S,,,0,1,2023,0.34,-0.84,-0.33,3.08,,,,2,9,Bot,,,,,,,3.266403400737812,-132.66934374253086,1.924665721699408,3.377549342022949,26.462540891158003,-42.68679494167004,3.41,1.51,,,,90.4,2977,5.7,717989,518735,683734,663853,660162,641313,643217,673357,650391,54.83,,,,,,,,79,2,Knuckle Curve,5,5,5,5,5,5,5,5,Standard,Standard,45,0.0,-0.061,,,,0.061,,0,0,0.533,0.533,35,23,35,24,1,4,1,1,5,1,3.56,-0.34,-0.34,35.7
SI,2023-05-28,100.8,-1.67,4.92,"Kelly, Joe",679529,523260,,foul,,,,,8,Spencer Torkelson strikes out swinging.,R,R,R,DET,CWS,S,,,0,0,2023,-1.43,0.55,0.1,1.95,,,,2,9,Bot,,,,,,,8.343865052534351,-146.58245921952778,-4.2293918601952125,-22.55565239059821,34.572383887529675,-23.42674935275736,3.44,1.59,275,98.1,15,101.1,2309,6.5,717989,518735,683734,663853,660162,641313,643217,673357,650391,54.02,,,,,,,,79,1,Sinker,5,5,5,5,5,5,5,5,Standard,Standard,229,0.0,-0.045,,,,0.045,98.1,0,0,0.533,0.533,35,23,35,24,1,4,1,1,5,1,1.7,1.43,1.43,27.5
SI,2023-05-28,100.5,-1.83,5.04,"Kelly, Joe",595879,523260,field_out,hit_into_play,,,,,11,"Javier Baez grounds out softly, shortstop Tim Anderson to first baseman Andrew Vaughn.   Riley Greene scores.",R,R,R,DET,CWS,X,6,ground_ball,0,0,2023,-1.26,0.62,-1.46,3.29,682985,,,1,9,Bot,118.48,171.79,,,,,4.0263254578615175,-146.33888181473097,-0.9889313073160094,-19.10355533397991,33.42544633618613,-23.18016921107644,3.46,1.64,7,52.1,-23,100.6,2325,6.2,717989,518735,683734,663853,660162,641313,643217,673357,650391,54.28,0.077,0.075,0.0,1,0,0,1,78,1,Sinker,4,5,4,5,5,5,5,5,Strategic,Standard,220,0.117,-0.273,,,0.082,0.273,88.0,-1,-1,0.416,0.416,35,30,35,31,1,4,1,2,5,1,1.62,1.26,1.26,29.8
SL,2023-05-28,91.1,-2.03,5.19,"Kelly, Joe",682985,523260,triple,hit_into_play,,,,,14,Riley Greene triples (3) on a line drive to center fielder Luis Robert Jr.,R,L,R,DET,CWS,X,8,line_drive,1,2,2023,0.84,0.07,0.08,1.37,,,,1,9,Bot,156.22,57.48,,,,,3.474568387848026,-132.7682427682116,-3.893931212595351,9.34323048597354,26.238319213269065,-30.781466603997103,3.64,1.72,305,97.8,17,91.1,2923,6.0,717989,518735,683734,663853,660162,641313,643217,673357,650391,54.48,0.486,0.518,1.6,1,1,2,4,77,4,Slider,4,5,4,5,5,4,4,5,Standard,Standard,49,0.308,1.152,,,0.762,-1.152,97.8,-1,-1,0.108,0.108,35,22,35,23,1,4,1,1,5,1,2.65,-0.84,0.84,34.8
KC,2023-05-28,88.4,-1.89,5.32,"Kelly, Joe",682985,523260,,called_strike,,,,,4,Riley Greene triples (3) on a line drive to center fielder Luis Robert Jr.,R,L,R,DET,CWS,S,,,1,1,2023,0.67,-0.86,-0.35,2.36,,,,1,9,Bot,,,,,,,2.3384020079845316,-128.8561018078557,0.5727887554114328,7.1179206711644305,24.360315888933343,-42.141908949915575,3.64,1.72,,,,88.1,3063,5.8,717989,518735,683734,663853,660162,641313,643217,673357,650391,54.68,,,,,,,,77,3,Knuckle Curve,4,5,4,5,5,4,4,5,Standard,Standard,45,0.0,-0.068,,,,0.068,,-1,-1,0.108,0.108,35,22,35,23,1,4,1,1,5,1,3.75,-0.67,0.67,34.0
KC,2023-05-28,90.7,-1.89,5.3,"Kelly, Joe",682985,523260,,ball,,,,,13,Riley Greene triples (3) on a line drive to center fielder Luis Robert Jr.,R,L,R,DET,CWS,B,,,0,1,2023,0.79,-0.96,-0.05,0.05,,,,1,9,Bot,,,,,,,2.89089234608367,-132.01257085222716,-5.081399251824349,8.590462286137189,29.49295485929884,-42.40177293831156,3.72,1.83,,,,89.7,3081,5.8,717989,518735,683734,663853,660162,641313,643217,673357,650391,54.71,,,,,,,,77,2,Knuckle Curve,4,5,4,5,5,4,4,5,Standard,Standard,42,0.0,0.03,,,,-0.03,,-1,-1,0.108,0.108,35,22,35,23,1,4,1,1,5,1,3.74,-0.79,0.79,36.0
SI,2023-05-28,100.8,-1.87,4.92,"Kelly, Joe",682985,523260,,called_strike,,,,,8,Riley Greene triples (3) on a line drive to center fielder Luis Robert Jr.,R,L,R,DET,CWS,S,,,0,0,2023,-1.26,1.29,-0.03,2.36,,,,1,9,Bot,,,,,,,8.1404930399532,-146.59965988179178,-4.838640113016249,-20.139007154412997,34.712846359074945,-12.650566663381394,3.72,1.8,,,,101.0,2318,6.4,717989,518735,683734,663853,660162,641313,643217,673357,650391,54.07,,,,,,,,77,1,Sinker,4,5,4,5,5,4,4,5,Standard,Standard,236,0.0,-0.041,,,,0.041,,-1,-1,0.108,0.108,35,22,35,23,1,4,1,1,5,1,0.96,1.26,-1.26,21.5
SL,2023-05-28,93.1,-1.9,5.24,"Kelly, Joe",656716,523260,strikeout,swinging_strike_blocked,,,,,14,Zach McKinstry strikes out swinging.,R,L,R,DET,CWS,S,2,,2,2,2023,0.69,-0.1,0.69,0.73,,,,0,9,Bot,,,,,,,5.1111332564989675,-135.50716716622645,-5.560993659757425,7.380338345840719,30.13504550612276,-32.39511999500166,3.26,1.52,,,,92.7,3082,6.1,717989,518735,683734,663853,660162,641313,643217,673357,650391,54.42,,0.0,0.0,1,0,0,,76,5,Slider,4,5,4,5,5,4,4,5,Standard,Standard,35,-0.086,-0.239,,,,0.239,,-1,-1,0.194,0.194,35,28,35,28,1,4,1,1,5,1,2.73,-0.69,0.69,31.6
SL,2023-05-28,90.7,-1.72,5.35,"Kelly, Joe",656716,523260,,foul,,,,,9,Zach McKinstry strikes out swinging.,R,L,R,DET,CWS,S,,,2,1,2023,0.49,0.05,0.52,1.91,,,,0,9,Bot,,,,,,,4.547674101287654,-132.2702944810868,-2.8853676477751824,4.991608086975448,23.63025997820556,-31.19738664148595,3.26,1.52,,,,90.9,3051,5.9,717989,518735,683734,663853,660162,641313,643217,673357,650391,54.56,,,,,,,,76,4,Slider,4,5,4,5,5,4,4,5,Standard,Standard,38,0.0,-0.074,,,,0.074,,-1,-1,0.194,0.194,35,28,35,28,1,4,1,1,5,1,2.67,-0.49,0.49,33.6
SL,2023-05-28,90.4,-1.88,5.32,"Kelly, Joe",656716,523260,,ball,,,,,11,Zach McKinstry strikes out swinging.,R,L,R,DET,CWS,B,,,1,1,2023,0.52,-0.01,-1.44,3.5,,,,0,9,Bot,,,,,,,-0.0138508089535943,-131.75756025197086,1.3136898333688674,6.158917418802924,24.17185323253323,-32.717217789300015,3.26,1.52,,,,90.1,3081,5.7,717989,518735,683734,663853,660162,641313,643217,673357,650391,54.8,,,,,,,,76,3,Slider,4,5,4,5,5,4,4,5,Standard,Standard,47,0.0,0.059,,,,-0.059,,-1,-1,0.194,0.194,35,28,35,28,1,4,1,1,5,1,2.76,-0.52,0.52,32.6
SI,2023-05-28,101.3,-1.79,5.07,"Kelly, Joe",656716,523260,,ball,,,,,13,Zach McKinstry strikes out swinging.,R,L,R,DET,CWS,B,,,0,1,2023,-1.36,0.84,-1.19,2.24,,,,0,9,Bot,,,,,,,4.933608434011209,-147.59588235627172,-4.680791988868446,-21.070716667361182,30.996137568972102,-19.04479645822057,3.23,1.49,,,,102.1,2328,6.4,717989,518735,683734,663853,660162,641313,643217,673357,650391,54.13,,,,,,,,76,2,Sinker,4,5,4,5,5,4,4,5,Standard,Standard,234,0.0,0.031,,,,-0.031,,-1,-1,0.194,0.194,35,28,35,28,1,4,1,1,5,1,1.36,1.36,-1.36,25.3
SI,2023-05-28,99.6,-1.79,5.05,"Kelly, Joe",656716,523260,,foul,,,,,4,Zach McKinstry strikes out swinging.,R,L,R,DET,CWS,S,,,0,0,2023,-1.42,0.69,-0.43,2.47,,,,0,9,Bot,,,,,,,7.057843974351564,-145.02322546770023,-3.352657029195978,-21.68547045480796,31.21194478491075,-21.860217092353693,3.26,1.52,257,82.2,46,100.1,2304,6.4,717989,518735,683734,663853,660162,641313,643217,673357,650391,54.15,,,,,,,,76,1,Sinker,4,5,4,5,5,4,4,5,Standard,Standard,230,0.0,-0.042,,,,0.042,88.0,-1,-1,0.194,0.194,35,28,35,28,1,4,1,1,5,1,1.59,1.42,-1.42,25.7
SI,2023-05-27,100.3,-1.85,4.93,"Kelly, Joe",606992,523260,single,hit_into_play,,,,,11,Eric Haase singles on a line drive to center fielder Adam Haseley.   Spencer Torkelson scores.,R,R,R,DET,CWS,X,8,line_drive,1,2,2023,-1.59,0.61,-1.08,2.74,679529,,,1,7,Bot,137.37,111.62,,,,,5.918783710793901,-145.89998985658286,-2.106357319055041,-24.09329786083603,35.74933657877475,-23.19729319173471,3.19,1.49,177,63.8,20,100.3,2397,6.4,718005,518735,683734,663853,660162,641313,643217,656514,640449,54.08,0.497,0.447,0.9,1,1,0,4,57,6,Sinker,4,3,4,3,3,5,5,3,Strategic,Standard,237,0.049,0.6,,,0.497,-0.6,88.0,1,1,0.845,0.845,35,30,35,31,1,3,4,2,1,1,1.67,1.59,1.59,26.8
SL,2023-05-27,92.4,-1.96,5.32,"Kelly, Joe",606992,523260,,foul,,,,,11,Eric Haase singles on a line drive to center fielder Adam Haseley.   Spencer Torkelson scores.,R,R,R,DET,CWS,S,,,1,2,2023,0.87,-0.13,-0.46,3.74,679529,,,1,7,Bot,,,,,,,1.919415719107154,-134.6312198876335,1.9720635037393217,10.371713763005824,25.580974410569233,-34.32567530560789,3.19,1.49,257,82.7,51,92.3,2977,5.9,718005,518735,683734,663853,660162,641313,643217,656514,640449,54.6,,,,,,,,57,5,Slider,4,3,4,3,3,4,4,3,Strategic,Standard,59,0.0,0.0,,,,0.0,88.0,1,1,0.845,0.845,35,30,35,31,1,3,4,2,1,1,2.77,-0.87,-0.87,30.1
KC,2023-05-27,91.0,-1.92,5.2,"Kelly, Joe",606992,523260,,foul,,,,,13,Eric Haase singles on a line drive to center fielder Adam Haseley.   Spencer Torkelson scores.,R,R,R,DET,CWS,S,,,1,2,2023,0.42,-0.61,-0.94,2.19,679529,,,1,7,Bot,,,,,,,1.538916582092043,-132.6066351802924,-0.418425860195998,4.73279235066219,25.15964169165852,-39.597811042163656,3.19,1.49,2,68.9,-45,90.8,2893,5.8,718005,518735,683734,663853,660162,641313,643217,656514,640449,54.68,,,,,,,,57,4,Knuckle Curve,4,3,4,3,3,4,4,3,Strategic,Standard,45,0.0,0.0,,,,0.0,88.0,1,1,0.845,0.845,35,30,35,31,1,3,4,2,1,1,3.33,-0.42,-0.42,30.9
SI,2023-05-27,99.9,-1.85,5.0,"Kelly, Joe",606992,523260,,swinging_strike,,,,,11,Eric Haase singles on a line drive to center fielder Adam Haseley.   Spencer Torkelson scores.,R,R,R,DET,CWS,S,,,1,1,2023,-1.25,0.56,-0.42,3.87,679529,,,1,7,Bot,,,,,,,6.907530226196096,-145.3005429708999,0.970849971265683,-19.347410637478404,34.230847642823,-24.667186411141152,3.19,1.49,,,,100.3,2169,6.5,718005,518735,683734,663853,660162,641313,643217,656514,640449,53.95,,,,,,,,57,3,Sinker,4,3,4,3,3,4,4,3,Strategic,Standard,236,0.0,-0.107,,,,0.107,,1,1,0.845,0.845,35,30,35,31,1,3,4,2,1,1,1.72,1.25,1.25,26.9
SL,2023-05-27,93.9,-1.78,5.13,"Kelly, Joe",606992,523260,,ball,,,,,14,Eric Haase singles on a line drive to center fielder Adam Haseley.   Spencer Torkelson scores.,R,R,R,DET,CWS,B,,,0,1,2023,0.66,0.07,2.28,-0.31,,679529,,1,7,Bot,,,,,,,8.96785976691285,-136.41621007121876,-8.478104924075854,6.312428472055754,29.393455797689978,-29.58172190778482,3.31,1.53,,,,93.4,2825,6.0,718005,518735,683734,663853,660162,641313,643217,656514,640449,54.49,,,,,,,,57,2,Slider,4,3,4,3,3,4,4,3,Standard,Standard,26,0.033,0.024,,,,-0.024,,1,1,0.812,0.812,35,30,35,31,1,3,4,2,1,1,2.52,-0.66,-0.66,32.6
SI,2023-05-27,99.0,-1.69,4.83,"Kelly, Joe",606992,523260,,called_strike,,,,,8,Eric Haase singles on a line drive to center fielder Adam Haseley.   Spencer Torkelson scores.,R,R,R,DET,CWS,S,,,0,0,2023,-1.46,0.47,-0.01,1.44,,679529,,1,7,Bot,,,,,,,8.075887034122326,-144.01332526974616,-4.991614808567879,-22.20783453149038,29.73104211978148,-24.7527681709654,3.39,1.53,,,,100.1,2143,6.7,718005,518735,683734,663853,660162,641313,643217,656514,640449,53.81,,,,,,,,57,1,Sinker,4,3,4,3,3,4,4,3,Standard,Standard,236,0.0,-0.038,,,,0.038,,1,1,0.812,0.812,35,30,35,31,1,3,4,2,1,1,1.84,1.46,1.46,22.8
SI,2023-05-27,99.4,-1.74,4.83,"Kelly, Joe",679529,523260,double,hit_into_play,,,,,5,Spencer Torkelson doubles (12) on a sharp line drive to center fielder Adam Haseley.   Riley Greene scores.,R,R,R,DET,CWS,X,8,line_drive,3,1,2023,-1.47,0.58,0.09,2.32,,682985,,1,7,Bot,134.13,40.59,,,,,8.532598891151135,-144.61578219065095,-2.8680220979394413,-22.622319332648516,32.92586062178717,-23.516160981892387,3.45,1.6,392,110.0,16,100.2,2320,6.7,718005,518735,683734,663853,660162,641313,643217,656514,640449,53.8,0.697,0.826,1.25,1,1,1,6,56,5,Sinker,3,3,3,3,3,4,4,3,Standard,Standard,235,0.188,0.712,,,1.295,-0.712,110.0,0,0,0.624,0.624,35,23,35,24,1,3,4,1,1,1,1.72,1.47,1.47,25.3
SL,2023-05-27,93.3,-1.71,5.22,"Kelly, Joe",679529,523260,,blocked_ball,,,,,14,Spencer Torkelson doubles (12) on a sharp line drive to center fielder Adam Haseley.   Riley Greene scores.,R,R,R,DET,CWS,B,,,2,1,2023,0.31,0.01,2.18,0.18,,682985,,1,7,Bot,,,,,,,9.25744424716734,-135.38722519938705,-7.1190783741824735,1.620372671583803,31.680575805468127,-30.590028929651723,3.52,1.63,,,,92.5,2851,6.1,718005,518735,683734,663853,660162,641313,643217,656514,640449,54.35,,,,,,,,56,4,Slider,3,3,3,3,3,3,3,3,Standard,Standard,341,0.0,0.062,,,,-0.062,,0,0,0.624,0.624,35,23,35,24,1,3,4,1,1,1,2.64,-0.31,-0.31,35.6
SI,2023-05-27,98.5,-1.6,4.86,"Kelly, Joe",679529,523260,,ball,,,,,14,Spencer Torkelson doubles (12) on a sharp line drive to center fielder Adam Haseley.   Riley Greene scores.,R,R,R,DET,CWS,B,,,1,1,2023,-1.49,0.52,0.51,1.06,,682985,,1,7,Bot,,,,,,,9.251912893047908,-143.1315566221415,-6.129725060708427,-22.597466133532382,32.0115466236534,-23.787303709771773,3.65,1.71,,,,99.3,2235,6.7,718005,518735,683734,663853,660162,641313,643217,656514,640449,53.78,,,,,,,,56,3,Sinker,3,3,3,3,3,3,3,3,Standard,Standard,238,0.0,0.052,,,,-0.052,,0,0,0.624,0.624,35,23,35,24,1,3,4,1,1,1,1.83,1.49,1.49,23.6
SI,2023-05-27,99.9,-1.84,4.85,"Kelly, Joe",679529,523260,,ball,,,,,4,Spencer Torkelson doubles (12) on a sharp line drive to center fielder Adam Haseley.   Riley Greene scores.,R,R,R,DET,CWS,B,,,0,1,2023,-1.67,0.3,-0.69,2.35,,682985,,1,7,Bot,,,,,,,7.146650907343202,-145.34592172387067,-2.233224344362576,-25.41725985185827,32.50120873529973,-27.576331314547023,3.55,1.63,,,,100.4,2235,6.5,718005,518735,683734,663853,660162,641313,643217,656514,640449,54.04,,,,,,,,56,2,Sinker,3,3,3,3,3,3,3,3,Standard,Standard,240,0.0,0.024,,,,-0.024,,0,0,0.624,0.624,35,23,35,24,1,3,4,1,1,1,1.97,1.67,1.67,20.5
SI,2023-05-27,98.9,-1.91,4.87,"Kelly, Joe",679529,523260,,called_strike,,,,,4,Spencer Torkelson doubles (12) on a sharp line drive to center fielder Adam Haseley.   Riley Greene scores.,R,R,R,DET,CWS,S,,,0,0,2023,-1.7,0.42,-0.39,2.5,,682985,,1,7,Bot,,,,,,,8.170401369269744,-143.88145599277257,-2.038601558345345,-25.52696324029434,32.0913267210539,-26.08898873108818,3.63,1.71,,,,99.8,2178,6.7,718005,518735,683734,663853,660162,641313,643217,656514,640449,53.8,,,,,,,,56,1,Sinker,3,3,3,3,3,3,3,3,Standard,Standard,241,0.0,-0.038,,,,0.038,,0,0,0.624,0.624,35,23,35,24,1,3,4,1,1,1,1.91,1.7,1.7,25.7
SL,2023-05-27,90.1,-1.9,5.29,"Kelly, Joe",682985,523260,double,hit_into_play,,,,,8,Riley Greene doubles (9) on a sharp fly ball to center fielder Adam Haseley.,R,L,R,DET,CWS,X,8,fly_ball,3,2,2023,0.3,-0.24,0.04,2.22,,,,1,7,Bot,74.4,53.74,,,,,4.151807355350158,-131.28623049156178,-1.2171257103831876,2.7036076261201174,25.85754876344601,-34.88839686238652,3.64,1.72,379,104.9,25,90.1,2872,6.1,718005,518735,683734,663853,660162,641313,643217,656514,640449,54.44,0.903,1.693,1.25,1,1,1,6,55,6,Slider,3,3,3,3,3,3,3,3,Standard,Standard,50,0.076,0.602,,,3.31,-0.602,104.9,0,0,0.548,0.548,35,22,35,23,1,3,4,1,1,1,3.02,-0.3,0.3,36.7
SI,2023-05-27,99.2,-1.79,5.0,"Kelly, Joe",682985,523260,,ball,,,,,11,Riley Greene doubles (9) on a sharp fly ball to center fielder Adam Haseley.,R,L,R,DET,CWS,B,,,2,2,2023,-1.36,0.49,-1.17,4.68,,,,1,7,Bot,,,,,,,4.886577585448615,-144.5183248528145,3.347037815942244,-20.18018496541136,29.77127965537209,-26.08868200639247,3.73,1.79,,,,100.3,2222,6.5,718005,518735,683734,663853,660162,641313,643217,656514,640449,53.95,,,,,,,,55,5,Sinker,3,3,3,3,3,3,3,3,Standard,Standard,236,0.0,0.094,,,,-0.094,,0,0,0.548,0.548,35,22,35,23,1,3,4,1,1,1,1.8,1.36,-1.36,24.4
SL,2023-05-27,91.8,-1.79,5.33,"Kelly, Joe",682985,523260,,ball,,,,,14,Riley Greene doubles (9) on a sharp fly ball to center fielder Adam Haseley.,R,L,R,DET,CWS,B,,,1,2,2023,0.23,-0.43,0.83,0.59,,,,1,7,Bot,,,,,,,6.0995868993234845,-133.65805687952442,-5.314822447212716,1.8005792115147738,23.13484979071686,-36.670807579965086,3.76,1.77,,,,91.9,3040,5.9,718005,518735,683734,663853,660162,641313,643217,656514,640449,54.62,,,,,,,,55,4,Slider,3,3,3,3,3,3,3,3,Standard,Standard,29,0.0,0.045,,,,-0.045,,0,0,0.548,0.548,35,22,35,23,1,3,4,1,1,1,3.09,-0.23,0.23,31.3
KC,2023-05-27,91.0,-1.95,5.3,"Kelly, Joe",682985,523260,,swinging_strike,,,,,9,Riley Greene doubles (9) on a sharp fly ball to center fielder Adam Haseley.,R,L,R,DET,CWS,S,,,1,1,2023,0.25,-0.47,0.48,1.68,,,,1,7,Bot,,,,,,,5.530081786547191,-132.58384684441236,-2.3050727532291733,1.9835113224725636,22.94022316256452,-37.57004616579361,3.64,1.72,,,,91.2,3023,5.9,718005,518735,683734,663853,660162,641313,643217,656514,640449,54.58,,,,,,,,55,3,Knuckle Curve,3,3,3,3,3,3,3,3,Standard,Standard,33,0.0,-0.068,,,,0.068,,0,0,0.548,0.548,35,22,35,23,1,3,4,1,1,1,3.17,-0.25,0.25,35.2
KC,2023-05-27,89.7,-2.03,5.38,"Kelly, Joe",682985,523260,,ball,,,,,13,Riley Greene doubles (9) on a sharp fly ball to center fielder Adam Haseley.,R,L,R,DET,CWS,B,,,0,1,2023,0.19,-0.53,-1.31,2.4,,,,1,7,Bot,,,,,,,1.369399981581403,-130.76595204708156,-0.3507722829670626,1.912619084922788,24.89322278830971,-38.48347033947719,3.71,1.82,,,,89.3,2989,5.7,718005,518735,683734,663853,660162,641313,643217,656514,640449,54.76,,,,,,,,55,2,Knuckle Curve,3,3,3,3,3,3,3,3,Standard,Standard,58,0.0,0.03,,,,-0.03,,0,0,0.548,0.548,35,22,35,23,1,3,4,1,1,1,3.34,-0.19,0.19,36.5
SI,2023-05-27,99.6,-1.89,5.0,"Kelly, Joe",682985,523260,,called_strike,,,,,4,Riley Greene doubles (9) on a sharp fly ball to center fielder Adam Haseley.,R,L,R,DET,CWS,S,,,0,0,2023,-1.65,0.69,-0.34,2.45,,,,1,7,Bot,,,,,,,8.144256612309176,-144.82679751457923,-3.2258429338311108,-25.146574614333957,33.565514182906504,-21.91269900517907,3.79,1.82,,,,99.8,2290,6.4,718005,518735,683734,663853,660162,641313,643217,656514,640449,54.06,,,,,,,,55,1,Sinker,3,3,3,3,3,3,3,3,Standard,Standard,234,0.0,-0.041,,,,0.041,,0,0,0.548,0.548,35,22,35,23,1,3,4,1,1,1,1.61,1.65,-1.65,21.9
CH,2023-05-27,89.8,-1.84,5.17,"Kelly, Joe",656716,523260,home_run,hit_into_play,,,,,9,Zach McKinstry homers (4) on a line drive to right field.,R,L,R,DET,CWS,X,,line_drive,0,1,2023,-1.46,0.48,0.48,1.91,,,,1,7,Bot,225.56,84.48,,,,,8.84596643071884,-130.45243440211436,-3.0929446583084834,-18.50000129685711,26.513206872461243,-26.27620276101303,3.24,1.52,373,100.9,23,89.9,2186,6.4,718005,518735,683734,663853,660162,641313,643217,656514,640449,54.11,0.486,0.684,2.0,1,0,3,6,54,2,Changeup,2,3,2,3,3,3,3,3,Standard,Standard,253,0.243,1.623,,,1.226,-1.623,100.9,-1,-1,0.305,0.305,35,28,35,28,1,3,4,1,1,1,2.35,1.46,-1.46,27.1
CH,2023-05-27,88.0,-1.9,5.15,"Kelly, Joe",656716,523260,,called_strike,,,,,9,Zach McKinstry homers (4) on a line drive to right field.,R,L,R,DET,CWS,S,,,0,0,2023,-1.31,0.33,0.31,2.06,,,,1,7,Bot,,,,,,,8.074361249331984,-128.00042938006425,-2.0964738998317336,-15.999999050385762,24.44487291965375,-28.342908471294567,3.24,1.61,,,,88.2,1946,6.3,718005,518735,683734,663853,660162,641313,643217,656514,640449,54.23,,,,,,,,54,1,Changeup,2,3,2,3,3,2,2,3,Standard,Standard,251,0.0,-0.041,,,,0.041,,-1,-1,0.305,0.305,35,28,35,28,1,3,4,1,1,1,2.6,1.31,-1.31,24.2
SI,2023-05-27,98.8,-1.73,4.95,"Kelly, Joe",670097,523260,field_out,hit_into_play,,,,,9,"Zack Short grounds out sharply, second baseman Romy Gonzalez to first baseman Andrew Vaughn.",R,R,R,DET,CWS,X,4,ground_ball,2,1,2023,-1.42,0.49,0.34,1.58,,,,0,7,Bot,149.62,147.55,,,,,8.992988761198106,-143.6253005239402,-4.923690614291367,-21.745022981215083,30.258020735433735,-24.47716273684371,3.17,1.5,6,102.3,-13,99.6,2273,6.6,718005,518735,683734,663853,660162,641313,643217,656514,640449,53.94,0.231,0.222,0.0,1,0,0,2,53,4,Sinker,2,3,2,3,3,2,2,3,Standard,Standard,234,-0.049,-0.313,,,0.234,0.313,102.3,-1,-1,0.354,0.354,35,28,35,28,1,2,4,2,1,1,1.83,1.42,1.42,26.0
SI,2023-05-27,99.0,-1.7,5.05,"Kelly, Joe",670097,523260,,ball,,,,,11,"Zack Short grounds out sharply, second baseman Romy Gonzalez to first baseman Andrew Vaughn.",R,R,R,DET,CWS,B,,,1,1,2023,-1.44,0.37,-0.65,3.25,,,,0,7,Bot,,,,,,,6.258315145668615,-144.1364605435441,-0.3700838212247349,-21.511823628871145,31.3571241456526,-27.12282057715941,3.12,1.45,,,,99.8,2318,6.5,718005,518735,683734,663853,660162,641313,643217,656514,640449,53.95,,,,,,,,53,3,Sinker,2,3,2,3,3,2,2,3,Standard,Standard,239,0.0,0.059,,,,-0.059,,-1,-1,0.354,0.354,35,28,35,28,1,2,4,2,1,1,1.94,1.44,1.44,25.3
SI,2023-05-27,98.6,-1.81,4.93,"Kelly, Joe",670097,523260,,ball,,,,,14,"Zack Short grounds out sharply, second baseman Romy Gonzalez to first baseman Andrew Vaughn.",R,R,R,DET,CWS,B,,,0,1,2023,-1.67,0.57,1.28,2.26,,,,0,7,Bot,,,,,,,12.282043116052307,-143.07722617966033,-3.1185118595360106,-25.70720891350701,32.315778879890715,-23.85425198943659,3.28,1.58,,,,98.8,2237,6.5,718005,518735,683734,663853,660162,641313,643217,656514,640449,54.0,,,,,,,,53,2,Sinker,2,3,2,3,3,2,2,3,Standard,Standard,238,0.0,0.031,,,,-0.031,,-1,-1,0.354,0.354,35,28,35,28,1,2,4,2,1,1,1.79,1.67,1.67,21.4
SI,2023-05-27,97.8,-1.85,5.04,"Kelly, Joe",670097,523260,,foul,,,,,5,"Zack Short grounds out sharply, second baseman Romy Gonzalez to first baseman Andrew Vaughn.",R,R,R,DET,CWS,S,,,0,0,2023,-1.53,0.73,0.15,2.31,,,,0,7,Bot,,,,,,,8.931618017957806,-142.13509706820537,-3.5311620855138868,-22.74507987571364,32.52943912518702,-21.631028137317376,3.17,1.5,,,,98.0,2260,6.5,718005,518735,683734,663853,660162,641313,643217,656514,640449,54.01,,,,,,,,53,1,Sinker,2,3,2,3,3,2,2,3,Standard,Standard,234,0.0,-0.042,,,,0.042,,-1,-1,0.354,0.354,35,28,35,28,1,2,4,2,1,1,1.66,1.53,1.53,22.3
CH,2023-05-23,90.1,-1.91,5.21,"Kelly, Joe",647304,523260,field_out,hit_into_play,,,,,13,"Josh Naylor grounds out, second baseman Romy Gonzalez to first baseman Andrew Vaughn.",R,L,R,CLE,CWS,X,4,ground_ball,3,2,2023,-1.49,0.5,-1.17,1.99,608070,,,2,8,Bot,152.72,160.3,,,,,4.99069493083198,-131.10020773395814,-3.1117639608330774,-18.210161500656355,27.89005532626061,-25.907908220358472,3.17,1.48,4,88.6,-24,89.9,1987,6.2,718063,664874,683734,663853,660162,641313,643217,673357,640449,54.31,0.077,0.061,0.0,1,0,0,2,64,6,Changeup,2,4,2,4,4,2,2,4,Standard,Standard,250,-0.052,-0.314,,,0.077,0.314,88.6,-2,-2,0.123,0.123,35,26,35,26,1,3,2,2,4,1,2.31,1.49,-1.49,28.1
SL,2023-05-23,93.2,-1.8,5.43,"Kelly, Joe",647304,523260,,blocked_ball,,,,,14,"Josh Naylor grounds out, second baseman Romy Gonzalez to first baseman Andrew Vaughn.",R,L,R,CLE,CWS,B,,,2,2,2023,0.07,-0.35,0.85,-0.32,608070,,,2,8,Bot,,,,,,,6.650129891927363,-135.5517368771233,-8.280635087748655,-0.4763035236454921,28.050867401166332,-34.92128696295155,3.03,1.48,,,,93.3,3048,6.3,718063,664874,683734,663853,660162,641313,643217,673357,640449,54.24,,,,,,,,64,5,Slider,2,4,2,4,4,2,2,4,Standard,Standard,39,0.0,0.053,,,,-0.053,,-2,-2,0.123,0.123,35,26,35,26,1,3,2,2,4,1,2.96,-0.07,0.07,37.4
SL,2023-05-23,92.8,-1.98,5.37,"Kelly, Joe",647304,523260,,ball,,,,,13,"Josh Naylor grounds out, second baseman Romy Gonzalez to first baseman Andrew Vaughn.",R,L,R,CLE,CWS,B,,,1,2,2023,0.34,-0.11,-0.42,0.9,608070,,,2,8,Bot,,,,,,,3.227297823458161,-135.12354031902612,-5.44982856352496,3.5351832631423075,27.385671763366943,-32.6452480444754,3.01,1.48,,,,92.8,3032,6.1,718063,664874,683734,663853,660162,641313,643217,673357,640449,54.43,,,,,,,,64,4,Slider,2,4,2,4,4,2,2,4,Standard,Standard,45,0.0,0.036,,,,-0.036,,-2,-2,0.123,0.123,35,26,35,26,1,3,2,2,4,1,2.74,-0.34,0.34,34.6
SL,2023-05-23,92.4,-1.9,5.42,"Kelly, Joe",647304,523260,,swinging_strike,,,,,14,"Josh Naylor grounds out, second baseman Romy Gonzalez to first baseman Andrew Vaughn.",R,L,R,CLE,CWS,S,,,1,1,2023,0.09,-0.21,0.32,1.12,608070,,,2,8,Bot,,,,,,,5.444925844577429,-134.49736688440817,-4.702902492919706,0.0621475596390284,26.96146586368323,-34.01720907174482,3.17,1.48,,,,92.3,3030,6.0,718063,664874,683734,663853,660162,641313,643217,673357,640449,54.46,,,,,,,,64,3,Slider,2,4,2,4,4,2,2,4,Standard,Standard,39,0.0,-0.061,,,,0.061,,-2,-2,0.123,0.123,35,26,35,26,1,3,2,2,4,1,2.86,-0.09,0.09,34.0
KC,2023-05-23,91.6,-1.81,5.51,"Kelly, Joe",647304,523260,,foul,,,,,5,"Josh Naylor grounds out, second baseman Romy Gonzalez to first baseman Andrew Vaughn.",R,L,R,CLE,CWS,S,,,1,0,2023,0.14,-0.72,0.22,2.12,608070,,,2,8,Bot,,,,,,,4.808236431898185,-133.39666288199322,-1.1466857888234656,0.6887376298136796,27.908630844011903,-40.78132403753169,3.17,1.48,4,74.4,-26,91.4,2968,6.0,718063,664874,683734,663853,660162,641313,643217,673357,640449,54.46,,,,,,,,64,2,Knuckle Curve,2,4,2,4,4,2,2,4,Standard,Standard,34,0.0,-0.035,,,,0.035,88.0,-2,-2,0.123,0.123,35,26,35,26,1,3,2,2,4,1,3.43,-0.14,0.14,36.3
KC,2023-05-23,90.9,-1.81,5.42,"Kelly, Joe",647304,523260,,ball,,,,,14,"Josh Naylor grounds out, second baseman Romy Gonzalez to first baseman Andrew Vaughn.",R,L,R,CLE,CWS,B,,,0,0,2023,0.27,-0.62,1.02,0.62,608070,,,2,8,Bot,,,,,,,6.4741050050627935,-132.28372115292646,-4.7928760436495175,1.833803491146292,27.81837371188421,-38.69459908510978,3.06,1.48,,,,90.8,2973,6.2,718063,664874,683734,663853,660162,641313,643217,673357,640449,54.33,,,,,,,,64,1,Knuckle Curve,2,4,2,4,4,2,2,4,Standard,Standard,42,0.0,0.028,,,,-0.028,,-2,-2,0.123,0.123,35,26,35,26,1,3,2,2,4,1,3.38,-0.27,0.27,35.6
FF,2023-05-23,100.5,-1.91,5.07,"Kelly, Joe",608070,523260,triple,hit_into_play,,,,,6,Jose Ramirez triples (2) on a fly ball to center fielder Luis Robert Jr.,R,L,R,CLE,CWS,X,8,fly_ball,1,2,2023,-1.14,0.91,0.34,2.51,,,,2,8,Bot,201.62,75.54,,,,,8.923217263320558,-146.09564311243955,-3.88816432751048,-18.41535535622612,35.00313081500217,-18.477895746042385,3.31,1.55,356,92.1,32,100.3,2435,6.3,718063,664874,683734,663853,660162,641313,643217,673357,640449,54.21,0.1,0.171,1.6,1,1,2,3,63,5,4-Seam Fastball,2,4,2,4,4,2,2,4,Standard,Strategic,234,0.036,0.788,,,0.321,-0.788,92.1,-2,-2,0.087,0.087,35,30,35,31,1,3,2,1,4,1,1.36,1.14,-1.14,23.9
FF,2023-05-23,100.3,-1.88,5.09,"Kelly, Joe",608070,523260,,foul,,,,,11,Jose Ramirez triples (2) on a fly ball to center fielder Luis Robert Jr.,R,L,R,CLE,CWS,S,,,1,2,2023,-1.13,1.03,-0.88,3.12,,,,2,8,Bot,,,,,,,5.3957124717401355,-146.02929040418078,-2.547712463009381,-17.401846422032932,32.75646917616059,-17.00711564034161,3.31,1.55,108,85.1,10,99.9,2342,5.9,718063,664874,683734,663853,660162,641313,643217,673357,640449,54.56,,,,,,,,63,4,4-Seam Fastball,2,4,2,4,4,2,2,4,Standard,Strategic,232,0.0,0.0,,,,0.0,88.0,-2,-2,0.087,0.087,35,30,35,31,1,3,2,1,4,1,1.22,1.13,-1.13,25.8
CH,2023-05-23,89.4,-1.83,5.32,"Kelly, Joe",608070,523260,,foul,,,,,8,Jose Ramirez triples (2) on a fly ball to center fielder Luis Robert Jr.,R,L,R,CLE,CWS,S,,,1,1,2023,-1.52,0.41,0.22,1.83,,,,2,8,Bot,,,,,,,8.214385859629935,-129.7965066542829,-3.3554149791759023,-18.92508745644945,29.721253988336727,-27.039442638615544,3.31,1.55,2,28.6,-47,88.5,2320,6.1,718063,664874,683734,663853,660162,641313,643217,673357,640449,54.44,,,,,,,,63,3,Changeup,2,4,2,4,4,2,2,4,Standard,Strategic,253,0.0,-0.069,,,,0.069,88.0,-2,-2,0.087,0.087,35,30,35,31,1,3,2,1,4,1,2.48,1.52,-1.52,29.5
CH,2023-05-23,88.6,-1.81,5.37,"Kelly, Joe",608070,523260,,called_strike,,,,,8,Jose Ramirez triples (2) on a fly ball to center fielder Luis Robert Jr.,R,L,R,CLE,CWS,S,,,1,0,2023,-1.59,0.68,0.1,1.61,,,,2,8,Bot,,,,,,,7.9004892769582815,-128.7047622886782,-4.432092189973289,-19.30829113903398,29.16748493264,-23.851315071822707,3.31,1.6,,,,87.5,2204,5.9,718063,664874,683734,663853,660162,641313,643217,673357,640449,54.62,,,,,,,,63,2,Changeup,2,4,2,4,4,2,2,4,Standard,Strategic,245,0.0,-0.056,,,,0.056,,-2,-2,0.087,0.087,35,30,35,31,1,3,2,1,4,1,2.25,1.59,-1.59,28.4
FF,2023-05-23,99.0,-1.85,5.35,"Kelly, Joe",608070,523260,,ball,,,,,11,Jose Ramirez triples (2) on a fly ball to center fielder Luis Robert Jr.,R,L,R,CLE,CWS,B,,,0,0,2023,-1.06,1.16,-1.26,3.08,,,,2,8,Bot,,,,,,,4.029450044263146,-144.1017574103138,-3.4212937860736403,-15.655593783114254,36.192541308541095,-15.482947642031377,3.26,1.55,,,,98.0,2400,5.9,718063,664874,683734,663853,660162,641313,643217,673357,640449,54.62,,,,,,,,63,1,4-Seam Fastball,2,4,2,4,4,2,2,4,Standard,Strategic,228,0.0,0.043,,,,-0.043,,-2,-2,0.087,0.087,35,30,35,31,1,3,2,1,4,1,1.18,1.06,-1.06,25.6
SI,2023-05-23,99.0,-1.87,4.95,"Kelly, Joe",642708,523260,field_out,hit_into_play,,,,,11,"Amed Rosario grounds out softly, pitcher Joe Kelly to first baseman Andrew Vaughn.",R,R,R,CLE,CWS,X,1,ground_ball,1,2,2023,-1.44,0.72,-1.83,2.99,,,,1,8,Bot,121.15,190.96,,,,,3.465296884303598,-144.21394765512937,-1.6051434732290095,-20.952719655250046,33.43386762917304,-21.943381993558024,3.13,1.5,1,53.0,-76,99.1,2304,6.3,718063,664874,683734,663853,660162,641313,643217,673357,640449,54.21,0.191,0.203,0.0,1,0,0,1,62,4,Sinker,2,4,2,4,4,2,2,4,Standard,Strategic,236,-0.028,-0.189,,,0.191,0.189,88.0,-2,-2,0.115,0.115,35,27,35,28,1,3,2,1,4,1,1.6,1.44,1.44,26.0
CH,2023-05-23,88.5,-1.76,5.28,"Kelly, Joe",642708,523260,,ball,,,,,14,"Amed Rosario grounds out softly, pitcher Joe Kelly to first baseman Andrew Vaughn.",R,R,R,CLE,CWS,B,,,0,2,2023,-1.53,0.51,0.58,0.64,,,,1,8,Bot,,,,,,,8.8696855176285,-128.50953805320472,-6.272981966564806,-18.775650109899637,27.27706766322759,-25.317085401583707,3.24,1.52,,,,88.1,2279,6.2,718063,664874,683734,663853,660162,641313,643217,673357,640449,54.32,,,,,,,,62,3,Changeup,2,4,2,4,4,2,2,4,Standard,Strategic,251,0.0,0.019,,,,-0.019,,-2,-2,0.115,0.115,35,27,35,28,1,3,2,1,4,1,2.41,1.53,1.53,29.8
SI,2023-05-23,98.3,-1.82,5.15,"Kelly, Joe",642708,523260,,foul,,,,,11,"Amed Rosario grounds out softly, pitcher Joe Kelly to first baseman Andrew Vaughn.",R,R,R,CLE,CWS,S,,,0,1,2023,-1.43,0.7,-1.12,3.14,,,,1,8,Bot,,,,,,,5.173410272616874,-143.12310866336773,-1.591592397864336,-20.85009568883336,32.36979794585141,-22.408843468635094,3.13,1.5,207,70.4,43,98.0,2341,6.0,718063,664874,683734,663853,660162,641313,643217,673357,640449,54.47,,,,,,,,62,2,Sinker,2,4,2,4,4,2,2,4,Standard,Strategic,239,0.0,-0.057,,,,0.057,88.0,-2,-2,0.115,0.115,35,27,35,28,1,3,2,1,4,1,1.65,1.43,1.43,26.1
SL,2023-05-23,92.8,-1.95,5.47,"Kelly, Joe",642708,523260,,foul,,,,,4,"Amed Rosario grounds out softly, pitcher Joe Kelly to first baseman Andrew Vaughn.",R,R,R,CLE,CWS,S,,,0,0,2023,0.17,0.05,-0.49,2.11,,,,1,8,Bot,,,,,,,3.325307706540628,-135.2240134289048,-2.9017775559944803,1.3358557167590943,28.92853289177033,-31.177892529343115,3.13,1.5,310,90.5,31,92.2,2745,5.8,718063,664874,683734,663853,660162,641313,643217,673357,640449,54.69,,,,,,,,62,1,Slider,2,4,2,4,4,2,2,4,Standard,Strategic,50,0.0,-0.041,,,,0.041,90.5,-2,-2,0.115,0.115,35,27,35,28,1,3,2,1,4,1,2.59,-0.17,-0.17,32.9
CH,2023-05-23,87.1,-1.95,5.41,"Kelly, Joe",680757,523260,field_out,hit_into_play,,,,,4,"Steven Kwan grounds out, shortstop Tim Anderson to first baseman Andrew Vaughn.",R,L,R,CLE,CWS,X,6,ground_ball,1,1,2023,-1.58,0.46,-0.78,2.21,,,,0,8,Bot,128.26,141.24,,,,,5.9842263262998046,-126.80141307917997,-2.4641713553909153,-18.29013804632035,24.76991173695284,-26.91758580190331,3.21,1.48,5,83.6,-22,86.6,2101,5.8,718063,664874,683734,663853,660162,641313,643217,673357,640449,54.67,0.066,0.065,0.0,1,0,0,2,61,3,Changeup,2,4,2,4,4,2,2,4,Standard,Standard,254,-0.041,-0.254,,,0.066,0.254,88.0,-2,-2,0.156,0.156,35,25,35,26,1,3,2,1,4,1,2.53,1.58,-1.58,28.9
SI,2023-05-23,100.2,-1.79,5.09,"Kelly, Joe",680757,523260,,ball,,,,,12,"Steven Kwan grounds out, shortstop Tim Anderson to first baseman Andrew Vaughn.",R,L,R,CLE,CWS,B,,,0,1,2023,-1.39,0.7,0.46,3.3,,,,0,8,Bot,,,,,,,9.437035258560073,-145.64047042483085,-1.2745320868075396,-21.885484059248565,31.915993084388784,-22.073329024787135,3.17,1.57,,,,100.0,2269,6.1,718063,664874,683734,663853,660162,641313,643217,673357,640449,54.4,,,,,,,,61,2,Sinker,2,4,2,4,4,2,2,4,Standard,Standard,236,0.0,0.031,,,,-0.031,,-2,-2,0.156,0.156,35,25,35,26,1,3,2,1,4,1,1.56,1.39,-1.39,26.6
SI,2023-05-23,98.5,-2.01,5.15,"Kelly, Joe",680757,523260,,called_strike,,,,,2,"Steven Kwan grounds out, shortstop Tim Anderson to first baseman Andrew Vaughn.",R,L,R,CLE,CWS,S,,,0,0,2023,-1.24,0.77,0.17,2.92,,,,0,8,Bot,,,,,,,8.737747974113908,-143.27245883341814,-2.426221014353096,-19.09607162969947,30.552574021552456,-21.13559423640039,3.17,1.54,,,,98.1,2167,5.9,718063,664874,683734,663853,660162,641313,643217,673357,640449,54.6,,,,,,,,61,1,Sinker,2,4,2,4,4,2,2,4,Standard,Standard,236,0.0,-0.042,,,,0.042,,-2,-2,0.156,0.156,35,25,35,26,1,3,2,1,4,1,1.56,1.24,-1.24,25.6
SL,2023-05-21,93.6,-1.88,5.44,"Kelly, Joe",672580,523260,strikeout,called_strike,,,,,4,Maikel Garcia called out on strikes.,R,R,R,CWS,KC,S,2,,2,2,2023,0.4,-0.12,-0.59,2.46,,,,2,9,Top,,,,,,,2.4290057297252954,-136.309153759186,-1.6504274696786485,4.430583616377964,31.428766284892127,-33.52830391197536,3.34,1.52,,,,92.9,2814,5.9,718084,518735,657757,663853,660162,641313,643217,673357,656514,54.59,,0.0,0.0,1,0,0,,67,5,Slider,5,2,2,5,2,5,2,5,Standard,Standard,21,0.004,-0.233,,,,0.233,,3,-3,0.996,0.004,35,23,35,23,1,3,1,1,2,1,2.73,-0.4,-0.4,29.3
SL,2023-05-21,93.7,-1.64,5.46,"Kelly, Joe",672580,523260,,ball,,,,,14,Maikel Garcia called out on strikes.,R,R,R,CWS,KC,B,,,1,2,2023,0.12,0.01,1.29,-0.33,,,,2,9,Top,,,,,,,7.2899096228800495,-135.95926346002264,-9.052298145790328,-0.5018430791241717,35.686934100844574,-29.86913731274924,3.4,1.56,,,,92.4,2860,6.1,718084,518735,657757,663853,660162,641313,643217,673357,656514,54.37,,,,,,,,67,4,Slider,5,2,2,5,2,5,2,5,Standard,Standard,5,0.0,0.041,,,,-0.041,,3,-3,0.996,0.004,35,23,35,23,1,3,1,1,2,1,2.64,-0.12,-0.12,34.2
SL,2023-05-21,93.3,-1.79,5.61,"Kelly, Joe",672580,523260,,swinging_strike,,,,,9,Maikel Garcia called out on strikes.,R,R,R,CWS,KC,S,,,1,1,2023,0.31,-0.24,0.74,1.91,,,,2,9,Top,,,,,,,5.7535193265173845,-135.86884347188487,-3.240706512868658,2.693847829289549,28.439017544778736,-34.69300643238901,3.49,1.69,,,,92.6,2916,5.7,718084,518735,657757,663853,660162,641313,643217,673357,656514,54.75,,,,,,,,67,3,Slider,5,2,2,5,2,5,2,5,Standard,Standard,20,0.0,-0.069,,,,0.069,,3,-3,0.996,0.004,35,23,35,23,1,3,1,1,2,1,2.85,-0.31,-0.31,39.2
SL,2023-05-21,92.4,-1.8,5.75,"Kelly, Joe",672580,523260,,ball,,,,,14,Maikel Garcia called out on strikes.,R,R,R,CWS,KC,B,,,0,1,2023,0.02,-0.29,0.68,-0.48,,,,2,9,Top,,,,,,,6.175140826406689,-134.12070456886948,-9.181563829172308,-1.300524545097844,34.63389984804233,-33.44523432017883,3.49,1.65,,,,90.4,3080,5.7,718084,518735,657757,663853,660162,641313,643217,673357,656514,54.82,,,,,,,,67,2,Slider,5,2,2,5,2,5,2,5,Standard,Standard,3,0.0,0.031,,,,-0.031,,3,-3,0.996,0.004,35,23,35,23,1,3,1,1,2,1,3.01,-0.02,-0.02,39.2
SL,2023-05-21,91.9,-1.92,5.55,"Kelly, Joe",672580,523260,,swinging_strike,,,,,8,Maikel Garcia called out on strikes.,R,R,R,CWS,KC,S,,,0,0,2023,0.3,-0.16,-0.23,2.19,,,,2,9,Top,,,,,,,3.5907513946034353,-133.54162166580952,-2.1265481475770627,2.464845347250906,37.866190630772664,-33.7152443713691,3.49,1.69,,,,89.7,2770,5.8,718084,518735,657757,663853,660162,641313,643217,673357,656514,54.73,,,,,,,,67,1,Slider,5,2,2,5,2,5,2,5,Standard,Standard,50,0.0,-0.045,,,,0.045,,3,-3,0.996,0.004,35,23,35,23,1,3,1,1,2,1,2.94,-0.3,-0.3,33.3
SL,2023-05-21,90.0,-1.93,5.59,"Kelly, Joe",686681,523260,field_out,hit_into_play,,,,,8,"Michael Massey grounds out, first baseman Gavin Sheets to pitcher Joe Kelly.",R,L,R,CWS,KC,X,3,ground_ball,0,1,2023,0.29,-0.41,0.01,1.79,,,,1,9,Top,155.64,166.95,,,,,4.172806098622361,-131.01262808473967,-2.601812148459662,2.483187661266065,26.919770578070462,-36.57012704512914,3.41,1.62,63,90.5,3,89.3,2918,5.8,718084,518735,657757,663853,660162,641313,643217,673357,656514,54.71,0.397,0.37,0.0,1,0,0,4,66,2,Slider,5,2,2,5,2,5,2,5,Standard,Standard,43,0.009,-0.227,,,0.454,0.227,90.5,3,-3,0.987,0.013,35,25,35,25,1,3,1,1,2,1,3.21,-0.29,0.29,37.2
SL,2023-05-21,90.2,-1.81,5.59,"Kelly, Joe",686681,523260,,swinging_strike,,,,,14,"Michael Massey grounds out, first baseman Gavin Sheets to pitcher Joe Kelly.",R,L,R,CWS,KC,S,,,0,0,2023,0.31,-0.28,1.57,0.86,,,,1,9,Top,,,,,,,7.658268433908638,-131.13759825685568,-5.135464446497439,1.9810141775738712,28.15421338834845,-34.53030427502846,3.41,1.62,,,,89.2,2865,5.8,718084,518735,657757,663853,660162,641313,643217,673357,656514,54.72,,,,,,,,66,1,Slider,5,2,2,5,2,5,2,5,Standard,Standard,30,0.0,-0.041,,,,0.041,,3,-3,0.987,0.013,35,25,35,25,1,3,1,1,2,1,3.09,-0.31,0.31,34.8
SL,2023-05-21,92.7,-1.72,5.7,"Kelly, Joe",658668,523260,strikeout,swinging_strike_blocked,,,,,14,Edward Olivares strikes out swinging.,R,R,R,CWS,KC,S,2,,1,2,2023,0.01,0.22,0.34,0.71,,,,0,9,Top,,,,,,,5.193862213596192,-134.8363061989555,-7.379436836175953,-0.9779851865132354,29.86221548067345,-28.08594376790619,3.51,1.72,,,,91.9,2832,5.9,718084,518735,657757,663853,660162,641313,643217,673357,656514,54.65,,0.0,0.0,1,0,0,,65,4,Slider,5,2,2,5,2,5,2,5,Standard,Standard,86,0.018,-0.193,,,,0.193,,3,-3,0.969,0.031,35,27,35,27,1,3,1,1,2,2,2.44,-0.01,-0.01,38.4
SI,2023-05-21,97.7,-1.68,5.22,"Kelly, Joe",658668,523260,,called_strike,,,,,9,Edward Olivares strikes out swinging.,R,R,R,CWS,KC,S,,,1,1,2023,-1.49,0.84,0.69,1.65,,,,0,9,Top,,,,,,,9.766631877425311,-141.8842519474336,-6.033413243576241,-22.292469024520585,30.494846228088395,-19.613204104768585,3.51,1.6,,,,97.6,2319,6.2,718084,518735,657757,663853,660162,641313,643217,673357,656514,54.31,,,,,,,,65,3,Sinker,5,2,2,5,2,5,2,5,Standard,Standard,202,0.0,-0.061,,,,0.061,,3,-3,0.969,0.031,35,27,35,27,1,3,1,1,2,2,1.55,1.49,1.49,23.2
SI,2023-05-21,98.6,-1.78,5.2,"Kelly, Joe",658668,523260,,called_strike,,,,,9,Edward Olivares strikes out swinging.,R,R,R,CWS,KC,S,,,1,0,2023,-1.56,0.66,0.35,1.8,,,,0,9,Top,,,,,,,9.366385277488362,-143.3766694673439,-5.3906939090025565,-23.58242420811858,28.783058722030145,-22.02288894487844,3.58,1.68,,,,98.8,2296,6.2,718084,518735,657757,663853,660162,641313,643217,673357,656514,54.35,,,,,,,,65,2,Sinker,5,2,2,5,2,5,2,5,Standard,Standard,235,0.0,-0.052,,,,0.052,,3,-3,0.969,0.031,35,27,35,27,1,3,1,1,2,2,1.66,1.56,1.56,26.8
SI,2023-05-21,96.7,-1.92,5.18,"Kelly, Joe",658668,523260,,ball,,,,,4,Edward Olivares strikes out swinging.,R,R,R,CWS,KC,B,,,0,0,2023,-1.74,0.51,-0.63,2.73,,,,0,9,Top,,,,,,,7.378565988473938,-140.59881092758567,-2.142537459047277,-24.821271577503904,31.75735113650652,-25.09647323389121,3.46,1.62,,,,96.4,2136,6.2,718084,518735,657757,663853,660162,641313,643217,673357,656514,54.34,,,,,,,,65,1,Sinker,5,2,2,5,2,5,2,5,Standard,Standard,233,0.0,0.04,,,,-0.04,,3,-3,0.969,0.031,35,27,35,27,1,3,1,1,2,2,1.93,1.74,1.74,22.3
CH,2023-05-20,90.3,-1.77,5.31,"Kelly, Joe",669004,523260,strikeout,swinging_strike,,,,,13,MJ Melendez strikes out swinging.,R,L,R,CWS,KC,S,2,,1,2,2023,-1.6,0.56,-0.41,0.77,,,,2,8,Top,,,,,,,6.76148361971949,-131.31787625147396,-6.534757080381977,-19.984815988522467,26.881034339397765,-24.4492410140008,3.34,1.65,,,,90.0,2207,6.1,718104,664874,683734,593643,660162,641313,643217,673357,656514,54.4,,0.0,0.0,1,0,0,,60,4,Changeup,5,1,1,5,1,5,1,5,Standard,Standard,254,0.002,-0.191,,,,0.191,,4,-4,0.987,0.013,35,24,35,25,1,3,3,1,1,1,2.23,1.6,-1.6,30.3
KC,2023-05-20,90.4,-2.01,5.48,"Kelly, Joe",669004,523260,,called_strike,,,,,13,MJ Melendez strikes out swinging.,R,L,R,CWS,KC,S,,,1,1,2023,0.61,-0.92,-0.84,2.43,,,,2,8,Top,,,,,,,1.6223530352844815,-131.5728751622016,0.3290377537400264,6.651988606361933,29.667128579772537,-43.14108805278693,3.3,1.6,,,,89.1,2983,5.6,718104,664874,683734,593643,660162,641313,643217,673357,656514,54.87,,,,,,,,60,3,Knuckle Curve,5,1,1,5,1,5,1,5,Standard,Standard,46,0.0,-0.069,,,,0.069,,4,-4,0.987,0.013,35,24,35,25,1,3,3,1,1,1,3.72,-0.61,0.61,34.3
SI,2023-05-20,97.8,-1.61,5.03,"Kelly, Joe",669004,523260,,ball,,,,,14,MJ Melendez strikes out swinging.,R,L,R,CWS,KC,B,,,0,1,2023,-1.64,0.55,1.06,1.12,,,,2,8,Top,,,,,,,10.991581253141344,-141.93460619065146,-6.275767274220987,-24.744166859631285,33.918410126212876,-23.442721215306655,3.36,1.58,,,,97.7,2369,6.5,718104,664874,683734,593643,660162,641313,643217,673357,656514,54.01,,,,,,,,60,2,Sinker,5,1,1,5,1,5,1,5,Standard,Standard,235,0.0,0.031,,,,-0.031,,4,-4,0.987,0.013,35,24,35,25,1,3,3,1,1,1,1.86,1.64,-1.64,22.3
SI,2023-05-20,100.4,-1.69,5.0,"Kelly, Joe",669004,523260,,called_strike,,,,,9,MJ Melendez strikes out swinging.,R,L,R,CWS,KC,S,,,0,0,2023,-1.6,0.54,0.35,2.07,,,,2,8,Top,,,,,,,9.428706910318931,-145.8294101677898,-3.997909353592249,-25.016775368950967,35.94578591265945,-23.717517730664603,3.47,1.65,,,,100.3,2348,6.4,718104,664874,683734,593643,660162,641313,643217,673357,656514,54.05,,,,,,,,60,1,Sinker,5,1,1,5,1,5,1,5,Standard,Standard,243,0.0,-0.045,,,,0.045,,4,-4,0.987,0.013,35,24,35,25,1,3,3,1,1,1,1.74,1.6,-1.6,25.0
SI,2023-05-20,98.1,-1.75,5.07,"Kelly, Joe",521692,523260,field_out,hit_into_play,,,,,4,"Salvador Perez grounds out, shortstop Tim Anderson to first baseman Andrew Vaughn.",R,R,R,CWS,KC,X,6,ground_ball,0,1,2023,-1.61,0.36,-0.75,2.34,,,,1,8,Top,114.73,153.94,,,,,6.425187981106131,-142.7584993177201,-2.704624527955106,-23.487494046398737,34.07039540896613,-26.83769356309066,3.54,1.7,7,79.7,-18,97.7,2323,6.2,718104,664874,683734,593643,660162,641313,643217,673357,656514,54.33,0.063,0.043,0.0,1,0,0,2,59,2,Sinker,5,1,1,5,1,5,1,5,Standard,Standard,235,0.007,-0.227,,,0.073,0.227,88.0,4,-4,0.98,0.02,35,33,35,33,1,3,3,1,1,1,2.02,1.61,1.61,24.7
SI,2023-05-20,98.5,-1.81,5.04,"Kelly, Joe",521692,523260,,called_strike,,,,,8,"Salvador Perez grounds out, shortstop Tim Anderson to first baseman Andrew Vaughn.",R,R,R,CWS,KC,S,,,0,0,2023,-1.72,0.37,-0.02,2.05,,,,1,8,Top,,,,,,,8.87531563939071,-143.18263787700835,-3.537039774302215,-25.759236141900654,32.45941581070287,-26.459686811300735,3.6,1.71,,,,98.7,2317,6.4,718104,664874,683734,593643,660162,641313,643217,673357,656514,54.1,,,,,,,,59,1,Sinker,5,1,1,5,1,5,1,5,Standard,Standard,241,0.0,-0.041,,,,0.041,,4,-4,0.98,0.02,35,33,35,33,1,3,3,1,1,1,1.98,1.72,1.72,23.4
SI,2023-05-20,98.0,-1.85,5.1,"Kelly, Joe",686469,523260,field_out,hit_into_play,,,,,4,"Vinnie Pasquantino grounds out, shortstop Tim Anderson to first baseman Andrew Vaughn.",R,L,R,CWS,KC,X,6,ground_ball,3,1,2023,-1.36,0.33,-0.43,2.47,,,,0,8,Top,123.36,146.83,,,,,6.949344193813085,-142.59974440617827,-2.3700593986936767,-20.209690331404563,33.119039735270526,-27.35945073844827,3.4,1.64,6,106.6,-22,97.6,2187,6.1,718104,664874,683734,593643,660162,641313,643217,673357,656514,54.39,0.186,0.15,0.0,1,0,0,2,58,5,Sinker,5,1,1,5,1,5,1,5,Standard,Standard,244,0.012,-0.442,,,0.212,0.442,106.6,4,-4,0.968,0.032,35,25,35,26,1,3,3,1,1,2,2.05,1.36,-1.36,25.7
SI,2023-05-20,97.3,-1.87,5.2,"Kelly, Joe",686469,523260,,called_strike,,,,,4,"Vinnie Pasquantino grounds out, shortstop Tim Anderson to first baseman Andrew Vaughn.",R,L,R,CWS,KC,S,,,3,0,2023,-1.36,0.44,-0.46,2.5,,,,0,8,Top,,,,,,,6.8818454754022325,-141.5384212379624,-2.7225897554258593,-19.880809959547488,33.074781572086,-25.823319515407103,3.45,1.78,,,,97.0,,6.2,718104,664874,683734,593643,660162,641313,643217,673357,656514,54.31,,,,,,,,58,4,Sinker,5,1,1,5,1,5,1,5,Standard,Standard,,0.0,-0.086,,,,0.086,,4,-4,0.968,0.032,35,25,35,26,1,3,3,1,1,2,1.97,1.36,-1.36,25.4
SI,2023-05-20,98.5,-1.79,5.09,"Kelly, Joe",686469,523260,,ball,,,,,11,"Vinnie Pasquantino grounds out, shortstop Tim Anderson to first baseman Andrew Vaughn.",R,L,R,CWS,KC,B,,,2,0,2023,-1.52,0.51,-1.63,3.2,,,,0,8,Top,,,,,,,3.976843341500973,-143.36281558929406,-0.8109473664786477,-21.883305846527,35.89429615154153,-25.222063864461,3.36,1.62,,,,98.2,2243,6.3,718104,664874,683734,593643,660162,641313,643217,673357,656514,54.2,,,,,,,,58,3,Sinker,5,1,1,5,1,5,1,5,Standard,Standard,249,0.0,0.151,,,,-0.151,,4,-4,0.968,0.032,35,25,35,26,1,3,3,1,1,2,1.86,1.52,-1.52,22.2
KC,2023-05-20,87.9,-2.03,5.67,"Kelly, Joe",686469,523260,,ball,,,,,11,"Vinnie Pasquantino grounds out, shortstop Tim Anderson to first baseman Andrew Vaughn.",R,L,R,CWS,KC,B,,,1,0,2023,0.37,-0.66,-0.83,3.42,,,,0,8,Top,,,,,,,2.1278579577009724,-127.9406619880435,1.9953125804142795,3.5920336633479675,26.74847279209113,-40.04552915853555,3.36,1.56,,,,86.8,2622,5.6,718104,664874,683734,593643,660162,641313,643217,673357,656514,54.87,,,,,,,,58,2,Knuckle Curve,5,1,1,5,1,5,1,5,Standard,Standard,49,0.0,0.071,,,,-0.071,,4,-4,0.968,0.032,35,25,35,26,1,3,3,1,1,2,3.61,-0.37,0.37,33.6
SI,2023-05-20,97.2,-1.86,5.2,"Kelly, Joe",686469,523260,,ball,,,,,11,"Vinnie Pasquantino grounds out, shortstop Tim Anderson to first baseman Andrew Vaughn.",R,L,R,CWS,KC,B,,,0,0,2023,-1.38,0.41,-1.3,3.5,,,,0,8,Top,,,,,,,4.620334852828211,-141.50626418428692,0.0484768144961766,-19.554970757659877,33.359648990128996,-26.924917934354895,3.36,1.62,,,,96.6,2186,6.0,718104,664874,683734,593643,660162,641313,643217,673357,656514,54.52,,,,,,,,58,1,Sinker,5,1,1,5,1,5,1,5,Standard,Standard,240,0.0,0.04,,,,-0.04,,4,-4,0.968,0.032,35,25,35,26,1,3,3,1,1,2,2.01,1.38,-1.38,22.5
SL,2023-05-17,94.1,-1.79,5.35,"Kelly, Joe",681807,523260,field_out,hit_into_play,,,,,9,"David Fry grounds out, third baseman Yoan Moncada to first baseman Andrew Vaughn.",R,R,R,CWS,CLE,X,5,ground_ball,2,2,2023,0.15,-0.24,0.77,1.53,,,,2,8,Top,112.0,167.78,,,,,6.2786222581779505,-136.98575113931216,-3.7035758863349586,0.6053999956632657,29.26006086675083,-34.57392537162227,3.37,1.53,2,67.1,-37,93.9,2774,6.1,718129,664874,683734,593643,660162,641313,643217,673357,545350,54.44,0.089,0.068,0.0,1,0,0,2,68,5,Slider,7,2,2,7,2,7,2,7,Standard,Standard,55,0.002,-0.233,,,0.095,0.233,88.0,5,-5,0.994,0.006,35,27,35,28,1,1,1,1,3,7,2.8,-0.15,-0.15,31.8
SL,2023-05-17,93.5,-1.76,5.4,"Kelly, Joe",681807,523260,,ball,,,,,14,"David Fry grounds out, third baseman Yoan Moncada to first baseman Andrew Vaughn.",R,R,R,CWS,CLE,B,,,1,2,2023,0.05,-0.15,0.86,0.74,,,,2,8,Top,,,,,,,6.6090242840893545,-135.91818713938125,-5.8842685902620655,-0.7994989909705431,30.336437679901756,-32.935420182811136,3.16,1.47,,,,93.0,2788,6.1,718129,664874,683734,593643,660162,641313,643217,673357,545350,54.43,,,,,,,,68,4,Slider,7,2,2,7,2,7,2,7,Standard,Standard,29,0.0,0.041,,,,-0.041,,5,-5,0.994,0.006,35,27,35,28,1,1,1,1,3,7,2.77,-0.05,-0.05,25.6
SL,2023-05-17,94.7,-1.92,5.32,"Kelly, Joe",681807,523260,,ball,,,,,14,"David Fry grounds out, third baseman Yoan Moncada to first baseman Andrew Vaughn.",R,R,R,CWS,CLE,B,,,0,2,2023,0.2,-0.18,0.92,0.78,,,,2,8,Top,,,,,,,6.934243049868432,-137.77355805521674,-5.759276867585023,1.0630527296999457,29.42548088453037,-33.46087906040468,3.18,1.49,,,,94.3,3039,6.0,718129,664874,683734,593643,660162,641313,643217,673357,545350,54.54,,,,,,,,68,3,Slider,7,2,2,7,2,7,2,7,Standard,Standard,78,0.0,0.022,,,,-0.022,,5,-5,0.994,0.006,35,27,35,28,1,1,1,1,3,7,2.72,-0.2,-0.2,27.5
SL,2023-05-17,94.4,-1.74,5.44,"Kelly, Joe",681807,523260,,swinging_strike,,,,,14,"David Fry grounds out, third baseman Yoan Moncada to first baseman Andrew Vaughn.",R,R,R,CWS,CLE,S,,,0,1,2023,0.21,-0.01,1.32,1.36,,,,2,8,Top,,,,,,,7.44682587676638,-137.2928388598162,-4.877447470001191,0.959683626818712,30.59995801989285,-31.40047630392731,3.37,1.53,,,,93.7,2906,5.9,718129,664874,683734,593643,660162,641313,643217,673357,545350,54.59,,,,,,,,68,2,Slider,7,2,2,7,2,7,2,7,Standard,Standard,100,0.0,-0.061,,,,0.061,,5,-5,0.994,0.006,35,27,35,28,1,1,1,1,3,7,2.57,-0.21,-0.21,28.0
SL,2023-05-17,93.5,-1.88,5.47,"Kelly, Joe",681807,523260,,called_strike,,,,,8,"David Fry grounds out, third baseman Yoan Moncada to first baseman Andrew Vaughn.",R,R,R,CWS,CLE,S,,,0,0,2023,0.06,-0.08,-0.14,1.69,,,,2,8,Top,,,,,,,4.32858301053511,-136.15746015073177,-3.7730087972969626,-0.2993581577090417,31.331029476815463,-32.47334013833823,3.2,1.45,,,,92.7,2924,5.9,718129,664874,683734,593643,660162,641313,643217,673357,545350,54.63,,,,,,,,68,1,Slider,7,2,2,7,2,7,2,7,Standard,Standard,43,0.0,-0.045,,,,0.045,,5,-5,0.994,0.006,35,27,35,28,1,1,1,1,3,7,2.69,-0.06,-0.06,30.1
CH,2023-05-17,90.4,-1.68,5.31,"Kelly, Joe",677587,523260,field_out,hit_into_play,,,,,4,Brayan Rocchio grounds out to first baseman Andrew Vaughn.,R,L,R,CWS,CLE,X,3,ground_ball,0,2,2023,-1.53,0.62,-0.47,2.52,,,,1,8,Top,150.76,165.96,,,,,6.232713146099899,-131.49262505997254,-2.270817099878229,-19.019333047100503,30.051018376676115,-24.740901977832117,3.3,1.5,3,70.1,-37,89.7,2049,6.1,718129,664874,683734,593643,660162,641313,643217,673357,545350,54.42,0.077,0.068,0.0,1,0,0,2,67,3,Changeup,7,2,2,7,2,7,2,7,Standard,Standard,250,0.003,-0.17,,,0.079,0.17,88.0,5,-5,0.991,0.009,35,22,35,22,1,3,1,1,3,1,2.19,1.53,-1.53,24.2
SL,2023-05-17,92.1,-1.81,5.53,"Kelly, Joe",677587,523260,,foul,,,,,11,Brayan Rocchio grounds out to first baseman Andrew Vaughn.,R,L,R,CWS,CLE,S,,,0,1,2023,0.15,-0.34,-0.09,3.45,,,,1,8,Top,,,,,,,3.998050330213915,-134.13553260283837,1.2734151426328983,0.9216279386393162,30.290258795713164,-36.74292843726914,3.3,1.5,42,95.4,-2,91.2,3035,5.8,718129,664874,683734,593643,660162,641313,643217,673357,545350,54.68,,,,,,,,67,2,Slider,7,2,2,7,2,7,2,7,Standard,Standard,54,0.0,-0.057,,,,0.057,95.4,5,-5,0.991,0.009,35,22,35,22,1,3,1,1,3,1,3.03,-0.15,0.15,31.7
CH,2023-05-17,91.1,-1.67,5.39,"Kelly, Joe",677587,523260,,called_strike,,,,,11,Brayan Rocchio grounds out to first baseman Andrew Vaughn.,R,L,R,CWS,CLE,S,,,0,0,2023,-1.8,0.75,-0.09,3.26,,,,1,8,Top,,,,,,,7.785051287056531,-132.4332764725137,-1.0078224052537572,-22.84724087822667,30.65203005655943,-23.421785357840484,3.07,1.42,,,,90.3,2212,6.0,718129,664874,683734,593643,660162,641313,643217,673357,545350,54.47,,,,,,,,67,1,Changeup,7,2,2,7,2,7,2,7,Standard,Standard,249,0.0,-0.041,,,,0.041,,5,-5,0.991,0.009,35,22,35,22,1,3,1,1,3,1,2.02,1.8,-1.8,26.7
SI,2023-05-17,99.1,-1.91,5.05,"Kelly, Joe",671289,523260,strikeout,swinging_strike,,,,,11,"Tyler Freeman strikes out swinging, catcher Seby Zavala to first baseman Andrew Vaughn.",R,R,R,CWS,CLE,S,2,,3,2,2023,-1.83,0.46,-1.33,2.81,,,,0,8,Top,,,,,,,5.844388953074088,-144.1864524986267,-1.7138931094681653,-26.840347096411456,35.923944511883,-25.615664276003024,3.18,1.4,,,,98.6,2348,6.1,718129,664874,683734,593643,660162,641313,643217,673357,545350,54.35,,0.0,0.0,1,0,0,,66,6,Sinker,7,2,2,7,2,7,2,7,Standard,Standard,234,0.006,-0.353,,,,0.353,,5,-5,0.985,0.015,35,24,35,24,1,3,1,7,3,4,1.88,1.83,1.83,22.3
SI,2023-05-17,98.0,-1.73,5.12,"Kelly, Joe",671289,523260,,foul,,,,,7,"Tyler Freeman strikes out swinging, catcher Seby Zavala to first baseman Andrew Vaughn.",R,R,R,CWS,CLE,S,,,3,1,2023,-1.4,0.61,-0.41,1.65,,,,0,8,Top,,,,,,,6.750213843992196,-142.5776918378031,-5.272582671058173,-20.5842011201637,32.933995165867366,-22.88723860947112,3.18,1.4,4,91.7,-26,97.6,2256,6.1,718129,664874,683734,593643,660162,641313,643217,673357,545350,54.4,,,,,,,,66,5,Sinker,7,2,2,7,2,7,2,7,Standard,Standard,230,0.0,-0.088,,,,0.088,91.7,5,-5,0.985,0.015,35,24,35,24,1,3,1,7,3,4,1.77,1.4,1.4,24.8
SI,2023-05-17,99.3,-1.63,5.14,"Kelly, Joe",671289,523260,,ball,,,,,14,"Tyler Freeman strikes out swinging, catcher Seby Zavala to first baseman Andrew Vaughn.",R,R,R,CWS,CLE,B,,,2,1,2023,-1.46,0.6,1.05,1.67,,,,0,8,Top,,,,,,,10.695379696855476,-144.23820948919703,-5.48815466587803,-22.76141743184538,31.96220732388876,-22.61448622038785,3.25,1.42,,,,99.1,2335,6.2,718129,664874,683734,593643,660162,641313,643217,673357,545350,54.33,,,,,,,,66,4,Sinker,7,2,2,7,2,7,2,7,Standard,Standard,236,0.0,0.129,,,,-0.129,,5,-5,0.985,0.015,35,24,35,24,1,3,1,7,3,4,1.71,1.46,1.46,22.9
SI,2023-05-17,99.8,-1.71,5.14,"Kelly, Joe",671289,523260,,called_strike,,,,,2,"Tyler Freeman strikes out swinging, catcher Seby Zavala to first baseman Andrew Vaughn.",R,R,R,CWS,CLE,S,,,2,0,2023,-1.59,0.5,0.17,2.71,,,,0,8,Top,,,,,,,8.862830255390579,-145.1659133578683,-2.4860783495589316,-24.48986682787224,33.48347567837027,-24.666911239075805,3.18,1.4,,,,99.6,2322,6.2,718129,664874,683734,593643,660162,641313,643217,673357,545350,54.34,,,,,,,,66,3,Sinker,7,2,2,7,2,7,2,7,Standard,Standard,236,0.0,-0.065,,,,0.065,,5,-5,0.985,0.015,35,24,35,24,1,3,1,7,3,4,1.78,1.59,1.59,22.7
SL,2023-05-17,92.9,-1.74,5.5,"Kelly, Joe",671289,523260,,ball,,,,,14,"Tyler Freeman strikes out swinging, catcher Seby Zavala to first baseman Andrew Vaughn.",R,R,R,CWS,CLE,B,,,1,0,2023,0.15,-0.05,0.56,0.46,,,,0,8,Top,,,,,,,5.498643919069913,-134.91607199956056,-6.836775606292368,0.4149259312961583,34.48492749749199,-31.29716129784457,3.2,1.38,,,,91.4,2788,5.9,718129,664874,683734,593643,660162,641313,643217,673357,545350,54.61,,,,,,,,66,2,Slider,7,2,2,7,2,7,2,7,Standard,Standard,2,0.0,0.071,,,,-0.071,,5,-5,0.985,0.015,35,24,35,24,1,3,1,7,3,4,2.74,-0.15,-0.15,32.4
FF,2023-05-17,98.9,-1.78,5.27,"Kelly, Joe",671289,523260,,ball,,,,,14,"Tyler Freeman strikes out swinging, catcher Seby Zavala to first baseman Andrew Vaughn.",R,R,R,CWS,CLE,B,,,0,0,2023,-1.07,1.09,0.16,1.32,,,,0,8,Top,,,,,,,7.746087265337264,-143.6858327642514,-7.825674841797476,-16.602893552241717,34.25341033247117,-15.427726150243748,3.2,1.45,,,,98.3,2343,6.1,718129,664874,683734,593643,660162,641313,643217,673357,545350,54.38,,,,,,,,66,1,4-Seam Fastball,7,2,2,7,2,7,2,7,Standard,Standard,231,0.0,0.04,,,,-0.04,,5,-5,0.985,0.015,35,24,35,24,1,3,1,7,3,4,1.26,1.07,1.07,25.9
KC,2023-05-16,91.0,-2.03,5.41,"Kelly, Joe",681807,523260,field_out,hit_into_play,,,,,8,"David Fry grounds out, second baseman Hanser Alberto to first baseman Andrew Vaughn.",R,R,R,CWS,CLE,X,4,ground_ball,0,1,2023,0.39,-0.57,-0.14,1.93,,,,2,9,Top,141.07,153.24,,,,,3.8821068719795178,-132.54691614325708,-1.6470324944835737,3.800542780512365,27.44802938931822,-38.75499360243307,3.37,1.53,15,101.3,-6,90.6,3002,5.9,718147,518735,683734,593643,660162,641313,643217,673357,545350,54.56,0.303,0.249,0.0,1,0,0,2,77,2,Knuckle Curve,8,3,3,8,3,8,3,8,Standard,Standard,58,0.0,-0.23,,,0.348,0.23,101.3,5,-5,1.0,0.0,35,27,35,28,1,1,3,3,1,1,3.31,-0.39,-0.39,28.7
SL,2023-05-16,91.0,-1.93,5.54,"Kelly, Joe",681807,523260,,swinging_strike,,,,,8,"David Fry grounds out, second baseman Hanser Alberto to first baseman Andrew Vaughn.",R,R,R,CWS,CLE,S,,,0,0,2023,0.09,-0.25,0.13,1.65,,,,2,9,Top,,,,,,,4.9418302582164335,-132.50351673334333,-3.2839612649838044,-0.0485286034518714,28.58636335130902,-34.640344616808896,3.37,1.53,,,,90.4,2940,5.9,718147,518735,683734,593643,660162,641313,643217,673357,545350,54.58,,,,,,,,77,1,Slider,8,3,3,8,3,8,3,8,Standard,Standard,41,0.0,-0.045,,,,0.045,,5,-5,1.0,0.0,35,27,35,28,1,1,3,3,1,1,3.0,-0.09,-0.09,34.6
SL,2023-05-16,90.6,-1.91,5.55,"Kelly, Joe",686823,523260,field_out,hit_into_play,,,,,6,Will Brennan flies out to right fielder Jake Marisnick.,R,L,R,CWS,CLE,X,9,fly_ball,1,0,2023,0.29,-0.24,0.54,2.24,,,,1,9,Top,162.81,117.87,,,,,5.463324665422467,-131.89114313572256,-1.8224982393577072,2.257954643530227,27.93861175108186,-34.806975487897866,3.36,1.57,224,92.0,56,90.1,2914,6.0,718147,518735,683734,593643,660162,641313,643217,673357,545350,54.54,0.023,0.029,0.0,1,0,0,3,76,2,Slider,8,3,3,8,3,8,3,8,Standard,Standard,44,0.002,-0.306,,,0.043,0.306,92.0,5,-5,0.998,0.002,35,25,35,25,1,3,3,2,1,1,3.01,-0.29,0.29,32.0
SL,2023-05-16,90.6,-1.88,5.69,"Kelly, Joe",686823,523260,,ball,,,,,14,Will Brennan flies out to right fielder Jake Marisnick.,R,L,R,CWS,CLE,B,,,0,0,2023,0.05,-0.34,1.84,0.21,,,,1,9,Top,,,,,,,9.062167554966477,-131.4938964011814,-6.942029284077179,-1.394359666454568,27.866389134799658,-34.74190395460378,3.32,1.51,,,,89.5,3055,5.8,718147,518735,683734,593643,660162,641313,643217,673357,545350,54.74,,,,,,,,76,1,Slider,8,3,3,8,3,8,3,8,Standard,Standard,40,0.0,0.039,,,,-0.039,,5,-5,0.998,0.002,35,25,35,25,1,3,3,2,1,1,3.13,-0.05,0.05,35.2
CH,2023-05-16,88.9,-1.7,5.53,"Kelly, Joe",672356,523260,strikeout,swinging_strike,,,,,6,Gabriel Arias strikes out swinging.,R,R,R,CWS,CLE,S,2,,0,2,2023,-1.44,0.77,0.29,2.59,,,,0,9,Top,,,,,,,7.865653715943756,-129.20037592711037,-2.7231016347210715,-17.739689291481515,27.795328761490055,-23.200818316980772,3.41,1.55,,,,88.6,2139,6.3,718147,518735,683734,593643,660162,641313,643217,673357,545350,54.24,,0.0,0.0,1,0,0,,75,3,Changeup,8,3,3,8,3,8,3,8,Standard,Standard,247,0.003,-0.169,,,,0.169,,5,-5,0.995,0.005,35,23,35,23,1,3,3,3,1,2,2.13,1.44,1.44,30.3
SI,2023-05-16,98.1,-1.66,5.18,"Kelly, Joe",672356,523260,,called_strike,,,,,5,Gabriel Arias strikes out swinging.,R,R,R,CWS,CLE,S,,,0,1,2023,-1.48,0.67,0.18,2.09,,,,0,9,Top,,,,,,,8.379118418860587,-142.52708075083223,-4.381063762070429,-22.1709644170877,34.37615540628836,-22.26444672276676,3.4,1.47,,,,97.5,2317,6.2,718147,518735,683734,593643,660162,641313,643217,673357,545350,54.34,,,,,,,,75,2,Sinker,8,3,3,8,3,8,3,8,Standard,Standard,238,0.0,-0.054,,,,0.054,,5,-5,0.995,0.005,35,23,35,23,1,3,3,3,1,2,1.72,1.48,1.48,23.1
SI,2023-05-16,97.8,-1.88,5.37,"Kelly, Joe",672356,523260,,called_strike,,,,,2,Gabriel Arias strikes out swinging.,R,R,R,CWS,CLE,S,,,0,0,2023,-1.39,0.79,0.04,3.14,,,,0,9,Top,,,,,,,8.323117876577776,-142.2230719391627,-2.3072812543671253,-20.82817895871023,33.35323579827517,-21.15816181159921,3.37,1.49,,,,97.1,2373,6.0,718147,518735,683734,593643,660162,641313,643217,673357,545350,54.53,,,,,,,,75,1,Sinker,8,3,3,8,3,8,3,8,Standard,Standard,226,0.0,-0.042,,,,0.042,,5,-5,0.995,0.005,35,23,35,23,1,3,3,3,1,2,1.6,1.39,1.39,23.7
SI,2023-05-13,100.1,-1.9,4.93,"Kelly, Joe",547989,523260,strikeout,swinging_strike,,,,,11,Jose Abreu strikes out swinging.,R,R,R,CWS,HOU,S,2,,3,2,2023,-1.59,0.41,-1.58,2.87,,,,2,8,Top,,,,,,,4.6505580716601145,-145.78482734527972,-1.3238532608904836,-23.850880719369492,32.675560520398335,-26.17790905333843,3.41,1.65,,,,100.6,2240,6.4,718189,664874,683734,593643,660162,641313,643217,673357,657757,54.1,,0.0,0.0,1,0,0,,62,7,Sinker,1,1,1,1,1,1,1,1,Standard,Standard,245,0.025,-0.336,,,,0.336,,0,0,0.58,0.42,35,36,35,36,1,3,2,1,3,1,1.85,1.59,1.59,23.4
CH,2023-05-13,91.9,-1.8,5.21,"Kelly, Joe",547989,523260,,ball,,,,,14,Jose Abreu strikes out swinging.,R,R,R,CWS,HOU,B,,,2,2,2023,-1.67,0.23,0.35,0.39,,,,2,8,Top,,,,,,,9.056859432197063,-133.40680462038677,-6.858964616060782,-21.89434746856138,27.035278771424245,-28.19668101168991,3.38,1.47,,,,92.0,2059,6.4,718189,664874,683734,593643,660162,641313,643217,673357,657757,54.14,,,,,,,,62,6,Changeup,1,1,1,1,1,1,1,1,Standard,Standard,256,0.0,0.104,,,,-0.104,,0,0,0.58,0.42,35,36,35,36,1,3,2,1,3,1,2.47,1.67,1.67,30.7
CH,2023-05-13,90.4,-1.86,5.31,"Kelly, Joe",547989,523260,,foul,,,,,14,Jose Abreu strikes out swinging.,R,R,R,CWS,HOU,S,,,2,2,2023,-1.58,0.72,0.22,0.89,,,,2,8,Top,,,,,,,8.56758804364071,-131.276813975007,-6.631967858567298,-20.094511830672015,27.434167698081055,-22.61256592024321,3.41,1.65,0,39.2,-63,90.7,2149,6.5,718189,664874,683734,593643,660162,641313,643217,673357,657757,53.97,,,,,,,,62,5,Changeup,1,1,1,1,1,1,1,1,Standard,Standard,257,0.0,0.0,,,,0.0,88.0,0,0,0.58,0.42,35,36,35,36,1,3,2,1,3,1,2.08,1.58,1.58,28.0
SL,2023-05-13,92.7,-1.98,5.45,"Kelly, Joe",547989,523260,,foul,,,,,4,Jose Abreu strikes out swinging.,R,R,R,CWS,HOU,S,,,2,1,2023,0.73,0.12,-0.29,2.72,,,,2,8,Top,,,,,,,2.721346499830625,-134.94830209094647,-1.411781606463541,8.304382474206031,31.079742136079233,-30.619056130037865,3.41,1.65,282,86.4,35,92.2,2921,6.1,718189,664874,683734,593643,660162,641313,643217,673357,657757,54.39,,,,,,,,62,4,Slider,1,1,1,1,1,1,1,1,Standard,Standard,53,0.0,-0.081,,,,0.081,88.0,0,0,0.58,0.42,35,36,35,36,1,3,2,1,3,1,2.54,-0.73,-0.73,28.0
SI,2023-05-13,99.3,-1.97,5.01,"Kelly, Joe",547989,523260,,called_strike,,,,,8,Jose Abreu strikes out swinging.,R,R,R,CWS,HOU,S,,,2,0,2023,-1.77,0.42,-0.02,1.6,,,,2,8,Top,,,,,,,9.496142604829174,-144.16719627270825,-4.865422592830679,-26.855597556840024,34.71434535469032,-25.31714604505914,3.38,1.47,,,,99.2,2290,6.4,718189,664874,683734,593643,660162,641313,643217,673357,657757,54.07,,,,,,,,62,3,Sinker,1,1,1,1,1,1,1,1,Standard,Standard,234,0.0,-0.06,,,,0.06,,0,0,0.58,0.42,35,36,35,36,1,3,2,1,3,1,1.91,1.77,1.77,22.1
SI,2023-05-13,99.6,-1.88,5.13,"Kelly, Joe",547989,523260,,ball,,,,,13,Jose Abreu strikes out swinging.,R,R,R,CWS,HOU,B,,,1,0,2023,-1.7,0.75,-1.26,2.37,,,,2,8,Top,,,,,,,5.682891440819325,-145.04076434269294,-3.9618180082609338,-25.306973285157696,32.820764147138824,-20.87660460620447,3.38,1.49,,,,99.8,2425,6.3,718189,664874,683734,593643,660162,641313,643217,673357,657757,54.24,,,,,,,,62,2,Sinker,1,1,1,1,1,1,1,1,Standard,Standard,233,0.0,0.056,,,,-0.056,,0,0,0.58,0.42,35,36,35,36,1,3,2,1,3,1,1.54,1.7,1.7,24.5
SL,2023-05-13,94.0,-1.89,5.54,"Kelly, Joe",547989,523260,,ball,,,,,14,Jose Abreu strikes out swinging.,R,R,R,CWS,HOU,B,,,0,0,2023,0.85,-0.31,0.6,0.59,,,,2,8,Top,,,,,,,4.556450525242934,-136.73853808538533,-6.372320484052188,9.526058814302868,31.368748773506265,-34.78587129884483,3.4,1.49,,,,93.3,2870,6.0,718189,664874,683734,593643,660162,641313,643217,673357,657757,54.49,,,,,,,,62,1,Slider,1,1,1,1,1,1,1,1,Standard,Standard,38,0.0,0.043,,,,-0.043,,0,0,0.58,0.42,35,36,35,36,1,3,2,1,3,1,2.9,-0.85,-0.85,34.1
CH,2023-05-13,88.7,-1.75,5.46,"Kelly, Joe",663656,523260,strikeout,called_strike,,,,,9,Kyle Tucker called out on strikes.,R,L,R,CWS,HOU,S,2,,0,2,2023,-1.58,0.7,0.5,1.73,,,,1,8,Top,,,,,,,8.779005257343028,-128.92981418840645,-4.584484136417117,-19.353551601909903,24.184517514826872,-23.623269607512768,3.53,1.69,,,,89.0,2176,6.3,718189,664874,683734,593643,660162,641313,643217,673357,657757,54.2,,0.0,0.0,1,0,0,,61,4,Changeup,1,1,1,1,1,1,1,1,Standard,Standard,246,0.034,-0.17,,,,0.17,,0,0,0.546,0.454,35,26,35,26,1,3,2,1,3,1,2.18,1.58,-1.58,29.4
SL,2023-05-13,94.3,-1.88,5.56,"Kelly, Joe",663656,523260,,foul,,,,,9,Kyle Tucker called out on strikes.,R,L,R,CWS,HOU,S,,,0,2,2023,0.15,0.28,0.48,2.19,,,,1,8,Top,,,,,,,5.771023542379394,-137.17063054036907,-3.5976676474722904,0.46873200758817,33.511063088225534,-28.000765048690937,3.54,1.73,55,89.9,1,93.4,2900,6.0,718189,664874,683734,593643,660162,641313,643217,673357,657757,54.5,,,,,,,,61,3,Slider,1,1,1,1,1,1,1,1,Standard,Standard,51,0.0,0.0,,,,0.0,89.9,0,0,0.546,0.454,35,26,35,26,1,3,2,1,3,1,2.31,-0.15,0.15,31.1
CH,2023-05-13,91.4,-1.91,5.46,"Kelly, Joe",663656,523260,,called_strike,,,,,7,Kyle Tucker called out on strikes.,R,L,R,CWS,HOU,S,,,0,1,2023,-1.65,0.35,-0.37,1.93,,,,1,8,Top,,,,,,,7.369464196257786,-132.8594978500445,-3.69548688620462,-21.142249222668667,30.728714391508607,-27.348122813495777,3.49,1.69,,,,90.5,2124,6.0,718189,664874,683734,593643,660162,641313,643217,673357,657757,54.49,,,,,,,,61,2,Changeup,1,1,1,1,1,1,1,1,Standard,Standard,254,0.0,-0.057,,,,0.057,,0,0,0.546,0.454,35,26,35,26,1,3,2,1,3,1,2.4,1.65,-1.65,28.2
SL,2023-05-13,91.2,-1.88,5.63,"Kelly, Joe",663656,523260,,swinging_strike,,,,,14,Kyle Tucker called out on strikes.,R,L,R,CWS,HOU,S,,,0,0,2023,0.29,-0.1,0.84,1.95,,,,1,8,Top,,,,,,,6.1448452892148495,-132.77790244851036,-3.1685754103672847,2.2844832936043273,26.325220861950942,-32.877225732380175,3.54,1.73,,,,90.6,2955,5.8,718189,664874,683734,593643,660162,641313,643217,673357,657757,54.75,,,,,,,,61,1,Slider,1,1,1,1,1,1,1,1,Standard,Standard,40,0.0,-0.041,,,,0.041,,0,0,0.546,0.454,35,26,35,26,1,3,2,1,3,1,2.82,-0.29,0.29,34.1
SL,2023-05-13,89.7,-1.96,5.58,"Kelly, Joe",670541,523260,field_out,hit_into_play,,,,,4,"Yordan Alvarez grounds out, second baseman Hanser Alberto to first baseman Andrew Vaughn.",R,L,R,CWS,HOU,X,4,ground_ball,0,0,2023,0.4,-0.43,-0.31,2.42,,,,0,8,Top,154.32,147.85,,,,,3.191930120192223,-130.54676506100944,-0.8965161783178646,3.823967052265465,29.02588149344056,-37.08389889910438,3.53,1.75,12,97.5,-11,88.7,3024,5.8,718189,664874,683734,593643,660162,641313,643217,673357,657757,54.72,0.211,0.173,0.0,1,0,0,2,60,1,Slider,1,1,1,1,1,1,1,1,Standard,Standard,43,0.046,-0.265,,,0.226,0.265,97.5,0,0,0.5,0.5,35,26,35,26,1,3,2,1,3,1,3.27,-0.4,0.4,35.7
CH,2023-05-13,91.0,-1.78,5.41,"Kelly, Joe",608324,523260,force_out,hit_into_play,,,,,14,"Alex Bregman grounds into a force out, third baseman Yoan Moncada to second baseman Hanser Alberto. Mauricio Dubon out at 2nd.",R,R,R,CWS,HOU,X,5,ground_ball,0,2,2023,-1.69,0.58,0.69,1.35,,676694,643289,2,7,Top,113.21,171.41,,,,,9.822696465591903,-132.20892784367436,-5.583257813483629,-21.781793897535305,24.36063978935316,-24.397002948771817,3.19,1.55,7,76.1,-12,91.5,2132,6.4,718189,664874,683734,593643,660162,641313,643217,673357,657757,54.12,0.06,0.052,0.0,1,0,0,2,55,5,Changeup,1,1,1,1,1,1,1,1,Standard,Standard,249,0.075,-0.195,,,0.072,0.195,88.0,0,0,0.511,0.489,35,29,35,29,1,3,2,1,3,1,2.15,1.69,1.69,30.7
SI,2023-05-13,100.0,-1.69,5.27,"Kelly, Joe",608324,523260,,foul,,,,,1,"Alex Bregman grounds into a force out, third baseman Yoan Moncada to second baseman Hanser Alberto. Mauricio Dubon out at 2nd.",R,R,R,CWS,HOU,S,,,0,2,2023,-1.48,0.79,-0.43,3.19,,676694,643289,2,7,Top,,,,,,,6.977004013108689,-145.62304548807646,-2.2778784725626564,-22.630728246250527,31.031377874311865,-20.60864628807388,3.19,1.55,249,74.8,38,100.8,2389,6.5,718189,664874,683734,593643,660162,641313,643217,673357,657757,54.0,,,,,,,,55,4,Sinker,1,1,1,1,1,1,1,1,Standard,Standard,228,0.0,0.0,,,,0.0,88.0,0,0,0.511,0.489,35,29,35,29,1,3,2,1,3,1,1.47,1.48,1.48,26.7
SI,2023-05-13,99.6,-1.71,5.29,"Kelly, Joe",608324,523260,,foul,,,,,11,"Alex Bregman grounds into a force out, third baseman Yoan Moncada to second baseman Hanser Alberto. Mauricio Dubon out at 2nd.",R,R,R,CWS,HOU,S,,,0,2,2023,-1.55,0.82,-0.87,3.44,,676694,643289,2,7,Top,,,,,,,5.954496948592085,-144.9033277645852,-1.5763766840920934,-23.233339058892735,35.091497060703695,-20.47891068010227,3.19,1.55,51,83.1,-1,99.7,2420,6.4,718189,664874,683734,593643,660162,641313,643217,673357,657757,54.05,,,,,,,,55,3,Sinker,1,1,1,1,1,1,1,1,Standard,Standard,227,0.0,0.0,,,,0.0,88.0,0,0,0.511,0.489,35,29,35,29,1,3,2,1,3,1,1.48,1.55,1.55,30.3
SL,2023-05-13,94.1,-1.83,5.55,"Kelly, Joe",608324,523260,,swinging_strike,,,,,9,"Alex Bregman grounds into a force out, third baseman Yoan Moncada to second baseman Hanser Alberto. Mauricio Dubon out at 2nd.",R,R,R,CWS,HOU,S,,,0,1,2023,0.12,0.18,0.38,1.62,,676694,643289,2,7,Top,,,,,,,5.4285290727920845,-136.91536171217692,-4.8544845660392255,0.2746801816458772,31.519226968422817,-28.977728573571422,3.19,1.55,,,,93.6,2800,6.1,718189,664874,683734,593643,660162,641313,643217,673357,657757,54.39,,,,,,,,55,2,Slider,1,1,1,1,1,1,1,1,Standard,Standard,43,0.0,-0.061,,,,0.061,,0,0,0.511,0.489,35,29,35,29,1,3,2,1,3,1,2.4,-0.12,-0.12,32.5
SI,2023-05-13,99.3,-1.82,5.17,"Kelly, Joe",608324,523260,,foul,,,,,4,"Alex Bregman grounds into a force out, third baseman Yoan Moncada to second baseman Hanser Alberto. Mauricio Dubon out at 2nd.",R,R,R,CWS,HOU,S,,,0,0,2023,-1.37,0.93,-0.47,2.36,,676694,643289,2,7,Top,,,,,,,6.905580104954862,-144.44629972864294,-4.508172333940453,-20.745072225051327,31.13636559816437,-18.323056576809872,3.19,1.55,193,64.9,40,99.9,2439,6.5,718189,664874,683734,593643,660162,641313,643217,673357,657757,54.02,,,,,,,,55,1,Sinker,1,1,1,1,1,1,1,1,Standard,Standard,226,0.0,-0.04,,,,0.04,88.0,0,0,0.511,0.489,35,29,35,29,1,3,2,1,3,1,1.37,1.37,1.37,33.1
SI,2023-05-13,99.5,-1.74,5.3,"Kelly, Joe",643289,523260,single,hit_into_play,,,,,4,Mauricio Dubon singles on a ground ball to pitcher Joe Kelly. Corey Julks scores. Jake Meyers to 2nd.,R,R,R,CWS,HOU,X,1,ground_ball,1,2,2023,-1.47,0.71,-0.3,2.48,667452,,676694,2,7,Top,141.68,175.65,,,,,7.378705461244913,-144.72175677362577,-4.0236512048932855,-22.332374612504264,31.585671044558477,-21.476476953632627,3.39,1.66,1,,-76,99.9,2373,6.4,718189,664874,683734,593643,660162,641313,643217,673357,657757,54.13,,,0.9,,1,0,,54,4,Sinker,1,0,0,1,1,1,1,1,Standard,Standard,230,-0.188,0.681,,,,-0.681,,1,-1,0.699,0.301,35,28,35,29,1,3,2,1,3,1,1.58,1.47,1.47,27.7
SI,2023-05-13,99.4,-1.65,5.26,"Kelly, Joe",643289,523260,,called_strike,,,,,8,Mauricio Dubon singles on a ground ball to pitcher Joe Kelly. Corey Julks scores. Jake Meyers to 2nd.,R,R,R,CWS,HOU,S,,,1,1,2023,-1.53,0.79,-0.05,1.7,667452,,676694,2,7,Top,,,,,,,8.020111728318689,-144.526061544404,-6.2378892304272515,-23.363489902425243,31.90161624498935,-19.848907014443572,3.36,1.62,,,,99.9,2372,6.5,718189,664874,683734,593643,660162,641313,643217,673357,657757,53.99,,,,,,,,54,3,Sinker,1,0,0,1,0,1,0,1,Standard,Standard,230,0.0,-0.074,,,,0.074,,1,-1,0.699,0.301,35,28,35,29,1,3,2,1,3,1,1.51,1.53,1.53,29.5
CH,2023-05-13,88.6,-1.47,5.54,"Kelly, Joe",643289,523260,,ball,,,,,14,Mauricio Dubon singles on a ground ball to pitcher Joe Kelly. Corey Julks scores. Jake Meyers to 2nd.,R,R,R,CWS,HOU,B,,,0,1,2023,-1.61,0.81,1.59,1.77,667452,,676694,2,7,Top,,,,,,,10.83287203330694,-128.50975737309852,-4.855822505675253,-20.013231837838955,24.79878303210612,-22.366116111680498,3.42,1.62,,,,88.8,2179,6.4,718189,664874,683734,593643,660162,641313,643217,673357,657757,54.05,,,,,,,,54,2,Changeup,1,0,0,1,0,1,0,1,Standard,Standard,245,0.0,0.039,,,,-0.039,,1,-1,0.699,0.301,35,28,35,29,1,3,2,1,3,1,2.1,1.61,1.61,34.4
SL,2023-05-13,92.0,-1.72,5.58,"Kelly, Joe",643289,523260,,called_strike,,,,,6,Mauricio Dubon singles on a ground ball to pitcher Joe Kelly. Corey Julks scores. Jake Meyers to 2nd.,R,R,R,CWS,HOU,S,,,0,0,2023,0.02,0.18,0.4,2.33,667452,,676694,2,7,Top,,,,,,,5.315240740239556,-133.89393201119086,-2.7292471834800147,-0.958830053043115,30.80398401498166,-29.664663524113607,3.4,1.62,,,,91.6,2859,6.2,718189,664874,683734,593643,660162,641313,643217,673357,657757,54.3,,,,,,,,54,1,Slider,1,0,0,1,0,1,0,1,Standard,Standard,83,0.0,-0.052,,,,0.052,,1,-1,0.699,0.301,35,28,35,29,1,3,2,1,3,1,2.53,-0.02,-0.02,34.0
CH,2023-05-11,88.4,-1.55,5.34,"Kelly, Joe",658668,523260,field_out,hit_into_play,,,,,8,"Edward Olivares grounds out, third baseman Hanser Alberto to first baseman Andrew Vaughn.",R,R,R,KC,CWS,X,5,ground_ball,0,0,2023,-1.45,0.53,0.19,2.16,,,,2,8,Bot,99.73,163.03,,,,,7.300097852305663,-128.5610083575806,-2.7960008231335434,-17.58710561127435,25.315732959604393,-25.93868521523035,3.56,1.72,3,88.7,-39,88.8,2071,6.5,718218,664874,683734,672820,593643,641313,643217,673357,656514,54.03,0.046,0.056,0.0,1,0,0,2,64,1,Changeup,3,3,3,3,3,3,3,3,Standard,Standard,255,-0.025,-0.275,,,0.049,0.275,88.7,0,0,0.525,0.525,35,27,35,27,1,3,2,1,2,1,2.38,1.45,1.45,31.5
SI,2023-05-11,99.0,-1.81,5.06,"Kelly, Joe",669004,523260,strikeout,called_strike,,,,,8,MJ Melendez called out on strikes.,R,L,R,KC,CWS,S,2,,2,2,2023,-1.44,0.6,-0.19,2.22,,,,1,8,Bot,,,,,,,7.810315672100415,-143.90446182639127,-3.730323266719428,-21.897798315101507,33.936215563804616,-23.10941893208926,3.49,1.73,,,,99.0,2165,6.4,718218,664874,683734,672820,593643,641313,643217,673357,656514,54.11,,0.0,0.0,1,0,0,,63,5,Sinker,3,3,3,3,3,3,3,3,Standard,Standard,236,-0.034,-0.234,,,,0.234,,0,0,0.559,0.559,35,24,35,25,1,3,2,1,2,1,1.73,1.44,-1.44,25.1
SI,2023-05-11,99.3,-1.92,5.32,"Kelly, Joe",669004,523260,,ball,,,,,11,MJ Melendez called out on strikes.,R,L,R,KC,CWS,B,,,1,2,2023,-1.29,0.65,-1.5,3.88,,,,1,8,Bot,,,,,,,4.199613141275653,-144.58583065756494,-0.0448808286989628,-19.150713263305896,33.100628142299044,-23.237105651496933,3.42,1.68,,,,99.5,2208,6.3,718218,664874,683734,672820,593643,641313,643217,673357,656514,54.19,,,,,,,,63,4,Sinker,3,3,3,3,3,3,3,3,Standard,Standard,228,0.0,0.045,,,,-0.045,,0,0,0.559,0.559,35,24,35,25,1,3,2,1,2,1,1.65,1.29,-1.29,29.7
CH,2023-05-11,87.7,-1.76,5.46,"Kelly, Joe",669004,523260,,foul,,,,,13,MJ Melendez called out on strikes.,R,L,R,KC,CWS,S,,,1,1,2023,-1.34,0.51,-0.96,2.54,,,,1,8,Bot,,,,,,,4.6890312705774,-127.64985440893824,-2.037687695169294,-15.599945506389846,24.683728634907077,-26.335302304021756,3.46,1.68,166,80.2,66,87.9,2132,6.2,718218,664874,683734,672820,593643,641313,643217,673357,656514,54.26,,,,,,,,63,3,Changeup,3,3,3,3,3,3,3,3,Standard,Standard,258,0.0,-0.068,,,,0.068,88.0,0,0,0.559,0.559,35,24,35,25,1,3,2,1,2,1,2.43,1.34,-1.34,32.8
KC,2023-05-11,89.2,-1.73,5.6,"Kelly, Joe",669004,523260,,ball,,,,,11,MJ Melendez called out on strikes.,R,L,R,KC,CWS,B,,,0,1,2023,0.73,-0.79,-0.62,4.04,,,,1,8,Bot,,,,,,,1.1984258540326065,-129.9639052943136,3.730515577736111,8.054496415583545,24.507826203140127,-42.14488259604344,3.46,1.76,,,,88.7,2937,5.7,718218,664874,683734,672820,593643,641313,643217,673357,656514,54.8,,,,,,,,63,2,Knuckle Curve,3,3,3,3,3,3,3,3,Standard,Standard,56,0.0,0.03,,,,-0.03,,0,0,0.559,0.559,35,24,35,25,1,3,2,1,2,1,3.63,-0.73,0.73,37.6
FF,2023-05-11,99.6,-1.71,5.33,"Kelly, Joe",669004,523260,,foul_tip,,,,,2,MJ Melendez called out on strikes.,R,L,R,KC,CWS,S,,,0,0,2023,-0.81,1.2,0.01,3.17,,,,1,8,Bot,,,,,,,6.606131567756781,-144.94308923394402,-3.3669358362901907,-12.842362861611752,31.109803146511677,-14.618730173692049,3.46,1.68,,,,99.7,2358,6.2,718218,664874,683734,672820,593643,641313,643217,673357,656514,54.32,,,,,,,,63,1,4-Seam Fastball,3,3,3,3,3,3,3,3,Standard,Standard,231,0.0,-0.041,,,,0.041,,0,0,0.559,0.559,35,24,35,25,1,3,2,1,2,1,1.08,0.81,-0.81,30.3
CH,2023-05-11,88.0,-1.72,5.42,"Kelly, Joe",686469,523260,field_out,hit_into_play,,,,,8,Vinnie Pasquantino flies out to right fielder Adam Haseley.,R,L,R,KC,CWS,X,9,fly_ball,0,2,2023,-1.51,0.39,-0.13,2.0,,,,0,8,Bot,164.48,74.25,,,,,6.982786748075491,-128.05261216861214,-3.053307862543092,-18.02586772434733,24.00172282908864,-27.46809373245126,3.5,1.67,323,85.9,34,88.5,1998,6.4,718218,664874,683734,672820,593643,641313,643217,673357,656514,54.13,0.014,0.013,0.0,1,0,0,3,62,3,Changeup,3,3,3,3,3,3,3,3,Standard,Standard,249,-0.046,-0.169,,,0.025,0.169,88.0,0,0,0.605,0.605,35,25,35,26,1,3,2,1,2,1,2.53,1.51,-1.51,35.3
FF,2023-05-11,99.2,-1.71,5.35,"Kelly, Joe",686469,523260,,foul,,,,,5,Vinnie Pasquantino flies out to right fielder Adam Haseley.,R,L,R,KC,CWS,S,,,0,1,2023,-1.08,1.19,0.18,2.79,,,,0,8,Bot,,,,,,,7.690764554314006,-144.37160232259194,-4.420586488309132,-16.8478217448136,31.054641579196343,-14.709271071580162,3.5,1.67,255,78.8,43,99.6,2365,6.3,718218,664874,683734,672820,593643,641313,643217,673357,656514,54.18,,,,,,,,62,2,4-Seam Fastball,3,3,3,3,3,3,3,3,Standard,Standard,227,0.0,-0.054,,,,0.054,88.0,0,0,0.605,0.605,35,25,35,26,1,3,2,1,2,1,1.12,1.08,-1.08,29.0
CH,2023-05-11,87.6,-1.73,5.49,"Kelly, Joe",686469,523260,,called_strike,,,,,5,Vinnie Pasquantino flies out to right fielder Adam Haseley.,R,L,R,KC,CWS,S,,,0,0,2023,-1.42,0.73,0.04,2.67,,,,0,8,Bot,,,,,,,7.182120051022465,-127.48479090647658,-2.252743323788327,-16.95887007768789,23.99601523826355,-23.905601556166975,3.44,1.61,,,,87.8,2189,6.2,718218,664874,683734,672820,593643,641313,643217,673357,656514,54.28,,,,,,,,62,1,Changeup,3,3,3,3,3,3,3,3,Standard,Standard,248,0.0,-0.042,,,,0.042,,0,0,0.605,0.605,35,25,35,26,1,3,2,1,2,1,2.22,1.42,-1.42,32.4
FF,2023-05-09,99.5,-1.61,5.3,"Kelly, Joe",677951,523260,strikeout,swinging_strike,,,,,11,Bobby Witt Jr.  strikes out swinging.,R,R,R,KC,CWS,S,2,,0,2,2023,-0.83,1.27,-0.78,4.42,,,,2,7,Bot,,,,,,,4.211244519753226,-144.82177529172344,0.0498671457304864,-12.67927488306717,37.91182387460216,-14.687006619175872,3.45,1.64,,,,98.8,2491,6.2,718238,664874,683734,672820,593643,462101,643217,673357,657757,54.32,,0.0,0.0,1,0,0,,55,3,4-Seam Fastball,2,4,2,4,4,2,2,4,Standard,Standard,232,-0.015,-0.169,,,,0.169,,-2,-2,0.145,0.145,35,23,35,23,1,3,4,1,2,1,1.05,0.83,0.83,31.9
FF,2023-05-09,98.9,-1.44,5.33,"Kelly, Joe",677951,523260,,called_strike,,,,,6,Bobby Witt Jr.  strikes out swinging.,R,R,R,KC,CWS,S,,,0,1,2023,-0.98,1.25,0.79,2.37,,,,2,7,Bot,,,,,,,8.380427965921976,-143.79660150851672,-5.555784239577437,-15.509518556368125,33.56519141065593,-13.706637801025035,3.55,1.58,,,,98.9,2417,6.4,718238,664874,683734,672820,593643,462101,643217,673357,657757,54.13,,,,,,,,55,2,4-Seam Fastball,2,4,2,4,4,2,2,4,Standard,Standard,225,0.0,-0.061,,,,0.061,,-2,-2,0.145,0.145,35,23,35,23,1,3,4,1,2,1,1.09,0.98,0.98,32.4
SI,2023-05-09,98.4,-1.67,5.34,"Kelly, Joe",677951,523260,,foul,,,,,4,Bobby Witt Jr.  strikes out swinging.,R,R,R,KC,CWS,S,,,0,0,2023,-1.36,0.89,-0.78,2.74,,,,2,7,Bot,,,,,,,5.544382231048152,-143.31334146584726,-3.7281366296078793,-20.103526697740133,29.727747642501104,-19.19635319104276,3.45,1.64,169,74.8,59,98.7,2244,6.2,718238,664874,683734,672820,593643,462101,643217,673357,657757,54.33,,,,,,,,55,1,Sinker,2,4,2,4,4,2,2,4,Standard,Standard,220,0.0,-0.045,,,,0.045,88.0,-2,-2,0.145,0.145,35,23,35,23,1,3,4,1,2,1,1.44,1.36,1.36,33.0
SI,2023-05-09,98.6,-1.58,5.16,"Kelly, Joe",681987,523260,field_out,hit_into_play,,,,,4,"Nate Eaton grounds out, pitcher Joe Kelly to first baseman Andrew Vaughn.",R,R,R,KC,CWS,X,1,ground_ball,1,2,2023,-1.47,0.73,-0.67,2.47,,,,1,7,Bot,129.03,186.01,,,,,5.920908292833647,-143.51684148947894,-3.6181001555271814,-21.698596544123916,31.826738849842588,-21.381089380338462,3.29,1.59,19,83.3,-6,99.2,2250,6.5,718238,664874,683734,672820,593643,462101,643217,673357,657757,53.98,0.137,0.161,0.0,1,0,0,2,54,4,Sinker,2,4,2,4,4,2,2,4,Standard,Standard,233,-0.026,-0.189,,,0.146,0.189,88.0,-2,-2,0.171,0.171,35,26,35,27,1,2,4,2,2,1,1.6,1.47,1.47,27.9
SI,2023-05-09,98.2,-1.8,5.37,"Kelly, Joe",681987,523260,,swinging_strike,,,,,11,"Nate Eaton grounds out, pitcher Joe Kelly to first baseman Andrew Vaughn.",R,R,R,KC,CWS,S,,,1,1,2023,-1.51,0.97,-0.54,3.43,,,,1,7,Bot,,,,,,,6.906035558204099,-142.83464629709698,-2.0231047268844056,-22.285202527532633,33.32682012187123,-18.62675092497282,3.29,1.59,,,,98.2,2196,6.3,718238,664874,683734,672820,593643,462101,643217,673357,657757,54.16,,,,,,,,54,3,Sinker,2,4,2,4,4,2,2,4,Standard,Standard,226,0.0,-0.068,,,,0.068,,-2,-2,0.171,0.171,35,26,35,27,1,2,4,2,2,1,1.4,1.51,1.51,32.0
SI,2023-05-09,98.2,-1.68,5.31,"Kelly, Joe",681987,523260,,foul_tip,,,,,11,"Nate Eaton grounds out, pitcher Joe Kelly to first baseman Andrew Vaughn.",R,R,R,KC,CWS,S,,,1,0,2023,-1.52,0.85,-1.02,3.59,,,,1,7,Bot,,,,,,,5.302003686014468,-143.04400037895903,-1.182240566630378,-22.083555675890754,32.17636916005089,-20.35191813053394,3.29,1.59,,,,98.4,2175,6.3,718238,664874,683734,672820,593643,462101,643217,673357,657757,54.19,,,,,,,,54,2,Sinker,2,4,2,4,4,2,2,4,Standard,Standard,230,0.0,-0.05,,,,0.05,,-2,-2,0.171,0.171,35,26,35,27,1,2,4,2,2,1,1.5,1.52,1.52,28.4
SL,2023-05-09,92.2,-1.73,5.5,"Kelly, Joe",681987,523260,,ball,,,,,14,"Nate Eaton grounds out, pitcher Joe Kelly to first baseman Andrew Vaughn.",R,R,R,KC,CWS,B,,,0,0,2023,0.06,0.22,1.93,0.66,,,,1,7,Bot,,,,,,,9.08426847690853,-133.92514638364958,-6.898036285807766,-1.2140094925390883,29.179113481716968,-28.128668156896133,3.41,1.64,,,,91.3,2730,5.9,718238,664874,683734,672820,593643,462101,643217,673357,657757,54.61,,,,,,,,54,1,Slider,2,4,2,4,4,2,2,4,Standard,Standard,62,0.0,0.039,,,,-0.039,,-2,-2,0.171,0.171,35,26,35,27,1,2,4,2,2,1,2.47,-0.06,-0.06,35.1
SL,2023-05-09,92.6,-1.96,5.49,"Kelly, Joe",598265,523260,field_out,hit_into_play,,,,,9,Jackie Bradley Jr.  flies out to second baseman Lenyn Sosa.,R,L,R,KC,CWS,X,4,fly_ball,2,2,2023,0.17,0.27,0.74,2.0,,,,0,7,Bot,168.0,124.99,,,,,6.503724044053943,-134.73138563442856,-3.698257498837968,0.7300996075949612,27.850246964658403,-28.309839662696437,3.45,1.63,213,66.3,37,92.3,2596,6.0,718238,664874,683734,672820,593643,462101,643217,673357,657757,54.5,0.663,0.623,0.0,1,0,0,4,53,5,Slider,2,4,2,4,4,2,2,4,Infield shade,Standard,52,-0.038,-0.239,,,0.748,0.239,88.0,-2,-2,0.209,0.209,35,33,35,33,1,2,4,1,2,2,2.38,-0.17,0.17,31.1
SI,2023-05-09,98.2,-1.65,5.35,"Kelly, Joe",598265,523260,,foul,,,,,6,Jackie Bradley Jr.  flies out to second baseman Lenyn Sosa.,R,L,R,KC,CWS,S,,,2,1,2023,-1.57,0.64,0.68,2.88,,,,0,7,Bot,,,,,,,9.908540878298464,-142.7194946517982,-2.704747250716778,-23.70285971840948,32.22609637235049,-23.011750473592414,3.45,1.63,8,82.9,-19,98.1,2183,6.2,718238,664874,683734,672820,593643,462101,643217,673357,657757,54.26,,,,,,,,53,4,Sinker,2,4,2,4,4,2,2,4,Infield shade,Standard,230,0.0,-0.074,,,,0.074,88.0,-2,-2,0.209,0.209,35,33,35,33,1,2,4,1,2,2,1.73,1.57,-1.57,29.3
SI,2023-05-09,97.2,-1.73,5.39,"Kelly, Joe",598265,523260,,called_strike,,,,,2,Jackie Bradley Jr.  flies out to second baseman Lenyn Sosa.,R,L,R,KC,CWS,S,,,2,0,2023,-1.46,0.85,-0.04,3.09,,,,0,7,Bot,,,,,,,7.855156868242293,-141.46945145609862,-2.634513909024691,-21.413791565820244,30.57305306423217,-20.273714329823736,3.38,1.7,,,,97.1,2162,6.1,718238,664874,683734,672820,593643,462101,643217,673357,657757,54.42,,,,,,,,53,3,Sinker,2,4,2,4,4,2,2,4,Standard,Standard,233,0.0,-0.065,,,,0.065,,-2,-2,0.209,0.209,35,33,35,33,1,2,4,1,2,2,1.55,1.46,-1.46,29.0
CH,2023-05-09,86.8,-1.68,5.57,"Kelly, Joe",598265,523260,,ball,,,,,12,Jackie Bradley Jr.  flies out to second baseman Lenyn Sosa.,R,L,R,KC,CWS,B,,,1,0,2023,-1.45,0.63,1.17,2.93,,,,0,7,Bot,,,,,,,9.72270398626334,-126.1550026113969,-1.4358848746988873,-17.4005496472747,24.17684750620091,-25.29551612181531,3.5,1.73,,,,86.6,1885,6.1,718238,664874,683734,672820,593643,462101,643217,673357,657757,54.38,,,,,,,,53,2,Changeup,2,4,2,4,4,2,2,4,Standard,Standard,253,0.0,0.071,,,,-0.071,,-2,-2,0.209,0.209,35,33,35,33,1,2,4,1,2,2,2.38,1.45,-1.45,32.0
SL,2023-05-09,89.0,-1.81,5.7,"Kelly, Joe",598265,523260,,ball,,,,,11,Jackie Bradley Jr.  flies out to second baseman Lenyn Sosa.,R,L,R,KC,CWS,B,,,0,0,2023,0.13,0.37,-0.23,4.03,,,,0,7,Bot,,,,,,,3.574628640230224,-129.64145069684892,1.1164106633736446,0.7376988453331799,27.547179456313497,-28.426861450215817,3.53,1.61,,,,88.1,2641,5.7,718238,664874,683734,672820,593643,462101,643217,673357,657757,54.79,,,,,,,,53,1,Slider,2,4,2,4,4,2,2,4,Standard,Standard,68,0.0,0.04,,,,-0.04,,-2,-2,0.209,0.209,35,33,35,33,1,2,4,1,2,2,2.5,-0.13,0.13,33.9
SL,2023-05-05,90.7,-1.87,5.46,"Kelly, Joe",663886,523260,strikeout,swinging_strike,,,,,14,Tyler Stephenson strikes out swinging.,R,R,R,CIN,CWS,S,2,,0,2,2023,0.86,-0.09,0.47,1.33,,,,2,8,Bot,,,,,,,3.981877808686835,-132.02258699033703,-4.1973595413863185,9.189457498700282,28.275431332267647,-32.48421519002529,3.26,1.57,,,,90.3,2770,6.0,718305,518735,683734,462101,593643,641313,643217,673357,656514,54.48,,0.0,0.0,1,0,0,,63,3,Slider,4,5,4,5,5,4,4,5,Standard,Standard,16,-0.031,-0.169,,,,0.169,,-1,-1,0.189,0.189,35,26,35,27,1,3,5,2,4,1,2.86,-0.86,-0.86,34.0
SL,2023-05-05,91.9,-1.86,5.33,"Kelly, Joe",663886,523260,,swinging_strike,,,,,14,Tyler Stephenson strikes out swinging.,R,R,R,CIN,CWS,S,,,0,1,2023,1.2,-0.28,1.1,2.04,,,,2,8,Bot,,,,,,,4.87624119920112,-133.82053467088025,-1.8659983579557011,13.277726714287615,29.675719051667706,-35.362886231567074,3.26,1.57,,,,91.2,2804,5.9,718305,518735,683734,462101,593643,641313,643217,673357,656514,54.63,,,,,,,,63,2,Slider,4,5,4,5,5,4,4,5,Standard,Standard,57,0.0,-0.061,,,,0.061,,-1,-1,0.189,0.189,35,26,35,27,1,3,5,2,4,1,2.98,-1.2,-1.2,32.1
SL,2023-05-05,91.6,-1.82,5.57,"Kelly, Joe",663886,523260,,foul,,,,,1,Tyler Stephenson strikes out swinging.,R,R,R,CIN,CWS,S,,,0,0,2023,0.46,-0.21,-0.77,2.84,,,,2,8,Bot,,,,,,,1.654021154467404,-133.3872855914551,-0.520310527587375,4.994288379191989,32.14522473477815,-34.72659416052364,3.26,1.57,224,71.6,34,90.4,2827,5.8,718305,518735,683734,462101,593643,641313,643217,673357,656514,54.74,,,,,,,,63,1,Slider,4,5,4,5,5,4,4,5,Standard,Standard,64,0.0,-0.045,,,,0.045,88.0,-1,-1,0.189,0.189,35,26,35,27,1,3,5,2,4,1,2.95,-0.46,-0.46,32.9
FF,2023-05-05,97.8,-1.63,5.39,"Kelly, Joe",668715,523260,strikeout,called_strike,,,,,6,Spencer Steer called out on strikes.,R,R,R,CIN,CWS,S,2,,0,2,2023,-1.07,1.0,0.32,2.74,,,,1,8,Bot,,,,,,,7.668657632457867,-142.2148237752971,-3.886296049883558,-16.28095041536667,35.36664378398829,-17.920687700678897,3.33,1.54,,,,97.1,2266,6.1,718305,518735,683734,462101,593643,641313,643217,673357,656514,54.37,,0.0,0.0,1,0,0,,62,3,4-Seam Fastball,4,5,4,5,5,4,4,5,Standard,Standard,229,-0.046,-0.17,,,,0.17,,-1,-1,0.235,0.235,35,25,35,26,1,3,5,2,4,1,1.4,1.07,1.07,28.6
SI,2023-05-05,97.7,-1.51,5.42,"Kelly, Joe",668715,523260,,called_strike,,,,,6,Spencer Steer called out on strikes.,R,R,R,CIN,CWS,S,,,0,1,2023,-1.39,1.1,0.33,2.24,,,,1,8,Bot,,,,,,,8.125652794134306,-141.92643854391864,-5.535456732040126,-20.66165368076047,35.42174777562089,-16.204256520782653,3.36,1.67,,,,97.1,2241,6.2,718305,518735,683734,462101,593643,641313,643217,673357,656514,54.26,,,,,,,,62,2,Sinker,4,5,4,5,5,4,4,5,Standard,Standard,228,0.0,-0.057,,,,0.057,,-1,-1,0.235,0.235,35,25,35,26,1,3,5,2,4,1,1.31,1.39,1.39,30.5
SI,2023-05-05,98.5,-1.77,5.28,"Kelly, Joe",668715,523260,,called_strike,,,,,4,Spencer Steer called out on strikes.,R,R,R,CIN,CWS,S,,,0,0,2023,-1.45,0.66,-0.7,2.3,,,,1,8,Bot,,,,,,,6.242181925913445,-143.245324322468,-4.134567160922602,-21.344554016026887,35.32535451628833,-22.389045205745607,3.3,1.56,,,,98.0,2214,6.2,718305,518735,683734,462101,593643,641313,643217,673357,656514,54.29,,,,,,,,62,1,Sinker,4,5,4,5,5,4,4,5,Standard,Standard,233,0.0,-0.041,,,,0.041,,-1,-1,0.235,0.235,35,25,35,26,1,3,5,2,4,1,1.71,1.45,1.45,29.0
SL,2023-05-05,89.4,-1.88,5.66,"Kelly, Joe",670770,523260,field_out,hit_into_play,,,,,5,TJ Friedl flies out to left fielder Andrew Benintendi.,R,L,R,CIN,CWS,X,7,fly_ball,1,1,2023,0.77,-0.06,-0.2,2.23,,,,0,8,Bot,85.98,84.56,,,,,2.4922164527447155,-130.09950984693026,-2.276065088213443,8.160285729140213,29.25866368061559,-32.54387407754579,3.16,1.5,301,86.0,35,88.4,2883,5.9,718305,518735,683734,462101,593643,641313,643217,673357,656514,54.65,0.017,0.02,0.0,1,0,0,3,61,3,Slider,4,5,4,5,5,4,4,5,Standard,Standard,45,-0.062,-0.254,,,0.034,0.254,88.0,-1,-1,0.297,0.297,35,27,35,28,1,3,5,2,4,1,2.93,-0.77,0.77,36.8
SL,2023-05-05,87.4,-1.88,5.74,"Kelly, Joe",670770,523260,,called_strike,,,,,2,TJ Friedl flies out to left fielder Andrew Benintendi.,R,L,R,CIN,CWS,S,,,1,0,2023,0.86,-0.31,-0.27,2.77,,,,0,8,Bot,,,,,,,2.0991845206632713,-127.29390894044448,-0.3285014794773937,8.779325297442693,29.06897295575128,-35.67210018175892,3.16,1.48,,,,86.2,2867,5.7,718305,518735,683734,462101,593643,641313,643217,673357,656514,54.78,,,,,,,,61,2,Slider,4,5,4,5,5,4,4,5,Standard,Standard,46,0.0,-0.052,,,,0.052,,-1,-1,0.297,0.297,35,27,35,28,1,3,5,2,4,1,3.32,-0.86,0.86,35.2
SI,2023-05-05,98.4,-1.91,5.33,"Kelly, Joe",670770,523260,,ball,,,,,11,TJ Friedl flies out to left fielder Andrew Benintendi.,R,L,R,CIN,CWS,B,,,0,0,2023,-1.27,0.89,-1.38,3.09,,,,0,8,Bot,,,,,,,4.385095501833571,-143.25298778947226,-2.647168102563393,-18.472015206438662,35.704596429171374,-19.542320585277704,3.1,1.46,,,,97.7,2181,6.0,718305,518735,683734,462101,593643,641313,643217,673357,656514,54.48,,,,,,,,61,1,Sinker,4,5,4,5,5,4,4,5,Standard,Standard,233,0.0,0.04,,,,-0.04,,-1,-1,0.297,0.297,35,27,35,28,1,3,5,2,4,1,1.48,1.27,-1.27,26.6
FF,2023-05-05,98.4,-1.55,5.48,"Kelly, Joe",663697,523260,strikeout,called_strike,,,,,8,Jonathan India called out on strikes.,R,R,R,CIN,CWS,S,2,,1,2,2023,-0.88,1.16,-0.15,1.92,,656413,,2,7,Bot,,,,,,,5.805178787294464,-142.9661687651641,-6.806681866273695,-13.424785300235149,35.448365382041445,-14.901995517453894,3.1,1.46,,,,97.7,2229,6.2,718305,518735,683734,462101,593643,641313,643217,673357,657757,54.34,,0.0,0.0,1,0,0,,57,4,4-Seam Fastball,4,5,4,5,5,4,4,5,Standard,Standard,225,-0.075,-0.203,,,,0.203,,-1,-1,0.322,0.322,35,26,35,27,1,3,5,2,4,1,1.22,0.88,0.88,32.6
FF,2023-05-05,98.8,-1.55,5.43,"Kelly, Joe",663697,523260,,ball,,,,,12,Jonathan India called out on strikes.,R,R,R,CIN,CWS,B,,,0,2,2023,-0.95,1.17,1.6,2.4,,,571912,2,7,Bot,,,,,,,10.736878079926807,-143.32887431225691,-5.45806720171756,-15.731740757568192,35.02834940715177,-14.888322559426877,3.07,1.43,,,,98.0,2245,6.1,718305,518735,683734,462101,593643,641313,643217,673357,657757,54.39,,,,,,,,57,3,4-Seam Fastball,4,5,4,5,5,4,4,5,Standard,Standard,228,0.0,0.02,,,,-0.02,,-1,-1,0.299,0.299,35,26,35,27,1,3,5,2,4,1,1.19,0.95,0.95,33.2
SL,2023-05-05,90.7,-1.78,5.6,"Kelly, Joe",663697,523260,,foul,,,,,9,Jonathan India called out on strikes.,R,R,R,CIN,CWS,S,,,0,1,2023,0.49,-0.34,0.47,1.87,,,571912,2,7,Bot,,,,,,,4.544163208611883,-132.03710638549504,-2.6809851095851713,4.785533077363409,28.05649249602094,-35.75611083294565,3.23,1.51,,,,90.0,2828,5.8,718305,518735,683734,462101,593643,641313,643217,673357,657757,54.69,,,,,,,,57,2,Slider,4,5,4,5,5,4,4,5,Standard,Standard,46,0.0,-0.055,,,,0.055,,-1,-1,0.299,0.299,35,26,35,27,1,3,5,2,4,1,3.1,-0.49,-0.49,34.9
FF,2023-05-05,98.0,-1.74,5.54,"Kelly, Joe",663697,523260,,called_strike,,,,,4,Jonathan India called out on strikes.,R,R,R,CIN,CWS,S,,,0,0,2023,-1.13,1.09,-0.3,2.69,,,571912,2,7,Bot,,,,,,,6.466105864703853,-142.5566875037913,-4.682123884123751,-16.932119982241844,34.167975081782664,-16.483536694630672,3.23,1.51,,,,97.3,2063,6.0,718305,518735,683734,462101,593643,641313,643217,673357,657757,54.47,,,,,,,,57,1,4-Seam Fastball,4,5,4,5,5,4,4,5,Standard,Standard,227,0.0,-0.045,,,,0.045,,-1,-1,0.299,0.299,35,26,35,27,1,3,5,2,4,1,1.3,1.13,1.13,33.4
SL,2023-04-30,92.7,-1.98,5.39,"Kelly, Joe",623912,523260,strikeout,foul_tip,,,,,8,Harold Ramirez strikes out on a foul tip.,R,R,R,CWS,TB,S,2,,0,2,2023,0.14,0.39,0.21,1.37,,,,2,7,Top,,,,,,,5.259380598657261,-134.7483594880297,-5.225211926265752,0.4066417602555052,34.052512022972124,-26.335089810178545,3.11,1.46,,,,91.4,2793,5.9,718355,518735,683734,672820,669394,462101,657757,656514,693049,54.56,,0.0,0.0,1,0,0,,56,3,Slider,3,2,2,3,2,3,2,3,Standard,Standard,62,0.02,-0.169,,,,0.169,,1,-1,0.774,0.226,35,28,35,29,1,3,3,2,5,2,2.3,-0.14,-0.14,26.9
SL,2023-04-30,89.8,-1.78,5.48,"Kelly, Joe",623912,523260,,swinging_strike,,,,,9,Harold Ramirez strikes out on a foul tip.,R,R,R,CWS,TB,S,,,0,1,2023,0.82,-0.08,0.81,1.46,,,,2,7,Top,,,,,,,4.69627301396487,-130.58965536403196,-3.7435778333871426,8.17595757338421,30.164473280032254,-32.46240305451814,3.11,1.46,,,,89.8,2836,6.6,718355,518735,683734,672820,669394,462101,657757,656514,693049,53.94,,,,,,,,56,2,Slider,3,2,2,3,2,3,2,3,Standard,Standard,62,0.0,-0.061,,,,0.061,,1,-1,0.774,0.226,35,28,35,29,1,3,3,2,5,2,2.93,-0.82,-0.82,31.6
SI,2023-04-30,97.0,-1.79,5.27,"Kelly, Joe",623912,523260,,swinging_strike,,,,,11,Harold Ramirez strikes out on a foul tip.,R,R,R,CWS,TB,S,,,0,0,2023,-1.72,0.69,-1.14,2.68,,,,2,7,Top,,,,,,,5.702037328404222,-141.03662836181684,-2.8827809546468584,-24.127798782909483,37.08048852168565,-22.593988818679424,3.11,1.46,,,,97.0,2179,6.7,718355,518735,683734,672820,669394,462101,657757,656514,693049,53.83,,,,,,,,56,1,Sinker,3,2,2,3,2,3,2,3,Standard,Standard,230,0.0,-0.045,,,,0.045,,1,-1,0.774,0.226,35,28,35,29,1,3,3,2,5,2,1.77,1.72,1.72,23.5
SI,2023-04-30,95.9,-1.72,5.38,"Kelly, Joe",668227,523260,strikeout,called_strike,,,,,8,Randy Arozarena called out on strikes.,R,R,R,CWS,TB,S,2,,2,2,2023,-1.64,0.85,-0.21,1.51,,,,1,7,Top,,,,,,,7.674840526312552,-139.30859403417696,-6.499016966465064,-23.06530915217657,33.657685083022294,-19.743662664827045,3.22,1.46,,,,95.4,2239,6.2,718355,518735,683734,672820,669394,462101,657757,656514,693049,54.26,,0.0,0.0,1,0,0,,55,5,Sinker,3,2,2,3,2,3,2,3,Standard,Standard,225,0.031,-0.234,,,,0.234,,1,-1,0.743,0.257,35,28,35,28,1,3,3,1,5,2,1.65,1.64,1.64,26.0
SI,2023-04-30,97.6,-1.83,5.22,"Kelly, Joe",668227,523260,,swinging_strike,,,,,13,Randy Arozarena called out on strikes.,R,R,R,CWS,TB,S,,,2,1,2023,-1.58,0.79,-1.22,1.9,,,,1,7,Top,,,,,,,5.30825312512146,-141.90302822493064,-5.17508901358376,-22.55128488950268,37.18968462746936,-20.544495571515313,3.27,1.49,,,,97.4,2329,6.5,718355,518735,683734,672820,669394,462101,657757,656514,693049,53.96,,,,,,,,55,4,Sinker,3,2,2,3,2,3,2,3,Standard,Standard,231,0.0,-0.076,,,,0.076,,1,-1,0.743,0.257,35,28,35,28,1,3,3,1,5,2,1.64,1.58,1.58,26.0
SL,2023-04-30,91.7,-1.86,5.43,"Kelly, Joe",668227,523260,,ball,,,,,14,Randy Arozarena called out on strikes.,R,R,R,CWS,TB,B,,,1,1,2023,0.84,0.16,0.62,1.1,,,,1,7,Top,,,,,,,4.427363429770362,-133.38717772985467,-5.339671656950654,8.883571191648569,31.394432544314583,-29.265934708631523,3.17,1.46,,,,90.8,2882,6.0,718355,518735,683734,672820,669394,462101,657757,656514,693049,54.52,,,,,,,,55,3,Slider,3,2,2,3,2,3,2,3,Standard,Standard,53,0.0,0.054,,,,-0.054,,1,-1,0.743,0.257,35,28,35,28,1,3,3,1,5,2,2.58,-0.84,-0.84,27.3
SL,2023-04-30,90.6,-1.86,5.59,"Kelly, Joe",668227,523260,,called_strike,,,,,6,Randy Arozarena called out on strikes.,R,R,R,CWS,TB,S,,,1,0,2023,1.22,0.04,0.7,2.22,,,,1,7,Top,,,,,,,3.7666911932425937,-131.83501776551392,-2.5236067176456087,13.28862408256748,29.779310282733565,-31.39302064244437,3.2,1.46,,,,89.5,2971,5.8,718355,518735,683734,672820,669394,462101,657757,656514,693049,54.73,,,,,,,,55,2,Slider,3,2,2,3,2,3,2,3,Standard,Standard,54,0.0,-0.05,,,,0.05,,1,-1,0.743,0.257,35,28,35,28,1,3,3,1,5,2,2.75,-1.22,-1.22,29.9
SL,2023-04-30,90.6,-1.92,5.51,"Kelly, Joe",668227,523260,,ball,,,,,14,Randy Arozarena called out on strikes.,R,R,R,CWS,TB,B,,,0,0,2023,0.6,0.38,1.37,-0.32,,,,1,7,Top,,,,,,,6.8858975071061455,-131.54235144415136,-9.314543771480658,5.480568941967958,28.906176727241505,-25.952799372650748,3.26,1.46,,,,89.8,2988,6.0,718355,518735,683734,672820,669394,462101,657757,656514,693049,54.51,,,,,,,,55,1,Slider,3,2,2,3,2,3,2,3,Standard,Standard,40,0.0,0.039,,,,-0.039,,1,-1,0.743,0.257,35,28,35,28,1,3,3,1,5,2,2.42,-0.6,-0.6,33.4
KC,2023-04-30,86.7,-1.94,5.61,"Kelly, Joe",664040,523260,strikeout,foul_tip,,,,,13,Brandon Lowe strikes out on a foul tip.,R,L,R,CWS,TB,S,2,,2,2,2023,0.81,-1.17,-0.12,1.35,,,,0,7,Top,,,,,,,2.6919672049083663,-126.26583769253232,-1.5123624830269244,7.9600957445847715,28.84537076016659,-44.48915066409861,3.28,1.51,,,,85.7,2926,5.9,718355,518735,683734,672820,669394,462101,657757,656514,693049,54.61,,0.0,0.0,1,0,0,,54,6,Knuckle Curve,3,2,2,3,2,3,2,3,Infield shade,Standard,47,0.043,-0.239,,,,0.239,,1,-1,0.7,0.3,35,28,35,29,1,3,3,1,5,2,4.23,-0.81,0.81,37.7
KC,2023-04-30,87.1,-1.73,5.73,"Kelly, Joe",664040,523260,,foul,,,,,5,Brandon Lowe strikes out on a foul tip.,R,L,R,CWS,TB,S,,,2,2,2023,1.14,-0.86,0.13,2.08,,,,0,7,Top,,,,,,,2.095187879163062,-126.8443430416018,-0.7996325837264275,11.801478414369162,28.462842064593165,-41.4067161941294,3.28,1.51,,,,86.2,2804,5.9,718355,518735,683734,672820,669394,462101,657757,656514,693049,54.64,,,,,,,,54,5,Knuckle Curve,3,2,2,3,2,3,2,3,Infield shade,Standard,53,0.0,0.0,,,,0.0,,1,-1,0.7,0.3,35,28,35,29,1,3,3,1,5,2,3.88,-1.14,1.14,35.1
KC,2023-04-30,89.1,-1.85,5.65,"Kelly, Joe",664040,523260,,ball,,,,,14,Brandon Lowe strikes out on a foul tip.,R,L,R,CWS,TB,B,,,1,2,2023,0.61,-1.08,1.66,-0.26,,,,0,7,Top,,,,,,,7.30849683168552,-129.37593553482924,-6.101401399436287,5.093773126528022,29.836915417689475,-42.97831434595582,3.12,1.48,,,,88.2,2956,6.1,718355,518735,683734,672820,669394,462101,657757,656514,693049,54.42,,,,,,,,54,4,Knuckle Curve,3,2,2,3,2,3,2,3,Infield shade,Standard,41,0.0,0.046,,,,-0.046,,1,-1,0.7,0.3,35,28,35,29,1,3,3,1,5,2,3.99,-0.61,0.61,37.9
KC,2023-04-30,89.1,-1.74,5.8,"Kelly, Joe",664040,523260,,swinging_strike,,,,,14,Brandon Lowe strikes out on a foul tip.,R,L,R,CWS,TB,S,,,1,1,2023,0.22,-0.5,0.53,1.27,,,,0,7,Top,,,,,,,5.089104890457639,-129.6403096908438,-4.0308641579276285,1.420579811272456,26.823006054582702,-37.22647301248288,3.28,1.51,,,,88.5,2860,5.9,718355,518735,683734,672820,669394,462101,657757,656514,693049,54.61,,,,,,,,54,3,Knuckle Curve,3,2,2,3,2,3,2,3,Infield shade,Standard,59,0.0,-0.061,,,,0.061,,1,-1,0.7,0.3,35,28,35,29,1,3,3,1,5,2,3.37,-0.22,0.22,33.9
KC,2023-04-30,87.0,-1.85,5.78,"Kelly, Joe",664040,523260,,ball,,,,,11,Brandon Lowe strikes out on a foul tip.,R,L,R,CWS,TB,B,,,0,1,2023,0.63,-0.74,-1.61,4.05,,,,0,7,Top,,,,,,,-0.6980468525856003,-126.65061221484189,3.4838689158272533,6.860024492010432,26.893451270664208,-41.03640284876715,3.16,1.48,,,,85.9,2769,5.7,718355,518735,683734,672820,669394,462101,657757,656514,693049,54.84,,,,,,,,54,2,Knuckle Curve,3,2,2,3,2,3,2,3,Standard,Standard,62,0.0,0.031,,,,-0.031,,1,-1,0.7,0.3,35,28,35,29,1,3,3,1,5,2,3.75,-0.63,0.63,34.7
KC,2023-04-30,87.1,-1.85,5.78,"Kelly, Joe",664040,523260,,called_strike,,,,,1,Brandon Lowe strikes out on a foul tip.,R,L,R,CWS,TB,S,,,0,0,2023,0.48,-0.52,-0.82,2.96,,,,0,7,Top,,,,,,,1.4759690255823743,-126.8225862764209,0.489874548088639,4.784292184237154,27.95485342700031,-38.09589425694547,3.23,1.48,,,,86.1,2779,5.8,718355,518735,683734,672820,669394,462101,657757,656514,693049,54.72,,,,,,,,54,1,Knuckle Curve,3,2,2,3,2,3,2,3,Standard,Standard,48,0.0,-0.042,,,,0.042,,1,-1,0.7,0.3,35,28,35,29,1,3,3,1,5,2,3.54,-0.48,0.48,33.3
SI,2023-04-27,99.3,-1.49,5.36,"Kelly, Joe",668227,523260,field_out,hit_into_play,,,,,4,"Randy Arozarena grounds out, pitcher Joe Kelly to second baseman Lenyn Sosa to first baseman Andrew Vaughn.",R,R,R,CWS,TB,X,1,ground_ball,0,1,2023,-1.36,0.56,-0.68,2.42,,,650490,2,9,Top,127.6,182.78,,,,,5.438386807131412,-144.565109537418,-3.9539257884873056,-20.296077555461483,33.15369927943054,-23.63897009009604,3.23,1.48,12,62.8,-10,99.9,2289,6.6,718396,518735,683734,672820,669394,462101,643217,656514,693049,53.94,0.08,0.08,0.0,1,0,0,2,82,2,Sinker,3,14,14,3,14,3,14,3,Standard,Standard,222,0.0,-0.241,,,0.098,0.241,88.0,-11,11,0.0,1.0,35,28,35,28,1,5,19,1,3,1,1.75,1.36,1.36,31.3
SL,2023-04-27,91.2,-1.67,5.6,"Kelly, Joe",668227,523260,,called_strike,,,,,6,"Randy Arozarena grounds out, pitcher Joe Kelly to second baseman Lenyn Sosa to first baseman Andrew Vaughn.",R,R,R,CWS,TB,S,,,0,0,2023,0.72,-0.17,0.42,2.66,,,650490,2,9,Top,,,,,,,3.695733553904738,-132.88853348508297,-1.1562036152153372,7.714664502790319,28.048964145142673,-34.13576456052157,3.23,1.48,,,,91.0,2855,6.1,718396,518735,683734,672820,669394,462101,643217,656514,693049,54.43,,,,,,,,82,1,Slider,3,14,14,3,14,3,14,3,Standard,Standard,53,0.0,-0.045,,,,0.045,,-11,11,0.0,1.0,35,28,35,28,1,5,19,1,3,1,2.9,-0.72,-0.72,33.6
CH,2023-04-27,89.2,-1.56,5.47,"Kelly, Joe",677551,523260,strikeout,swinging_strike,,,,,8,Wander Franco strikes out swinging.,R,L,R,CWS,TB,S,2,,0,2,2023,-1.59,0.35,0.03,1.84,,,650490,1,9,Top,,,,,,,7.238642410210854,-129.65687784079614,-3.618669715401322,-19.40292178187202,26.67373066856055,-27.688443048753825,3.27,1.42,,,,89.1,2041,6.3,718396,518735,683734,672820,669394,462101,643217,656514,693049,54.22,,0.0,0.0,1,0,0,,81,3,Changeup,3,14,14,3,14,3,14,3,Standard,Standard,248,0.0,-0.16,,,,0.16,,-11,11,0.0,1.0,35,22,35,22,1,5,19,1,3,1,2.52,1.59,-1.59,32.4
SL,2023-04-27,89.5,-1.58,5.59,"Kelly, Joe",677551,523260,,foul,,,,,1,Wander Franco strikes out swinging.,R,L,R,CWS,TB,S,,,0,1,2023,0.57,-0.31,-0.42,2.76,,,650490,1,9,Top,,,,,,,1.6665396710511409,-130.3728190623703,-0.337228699897625,6.1461891244223,27.09244125102508,-35.88288202131442,3.27,1.42,253,96.0,16,89.2,2964,6.0,718396,518735,683734,672820,669394,462101,643217,656514,693049,54.48,,,,,,,,81,2,Slider,3,14,14,3,14,3,14,3,Standard,Standard,49,0.0,-0.053,,,,0.053,96.0,-11,11,0.0,1.0,35,22,35,22,1,5,19,1,3,1,3.15,-0.57,0.57,37.0
KC,2023-04-27,87.4,-1.64,5.76,"Kelly, Joe",677551,523260,,called_strike,,,,,7,Wander Franco strikes out swinging.,R,L,R,CWS,TB,S,,,0,0,2023,0.52,-0.81,-0.38,1.73,,,650490,1,9,Top,,,,,,,1.96197784269607,-127.31841629704284,-1.926760627920314,5.275308381276838,25.686471621009503,-40.80230336219429,3.27,1.42,,,,87.0,2861,5.9,718396,518735,683734,672820,669394,462101,643217,656514,693049,54.57,,,,,,,,81,1,Knuckle Curve,3,14,14,3,14,3,14,3,Standard,Standard,43,0.0,-0.042,,,,0.042,,-11,11,0.0,1.0,35,22,35,22,1,5,19,1,3,1,3.78,-0.52,0.52,33.3
FF,2023-04-27,98.8,-1.41,5.38,"Kelly, Joe",650490,523260,single,hit_into_play,,,,,9,Yandy Diaz singles on a ground ball to right fielder Oscar Colas.,R,R,R,CWS,TB,X,9,ground_ball,2,2,2023,-1.27,1.4,0.75,1.85,,,,1,9,Top,193.16,116.9,,,,,8.871571481956984,-143.3952228733137,-7.400341224080343,-19.67599240428673,35.8568172216664,-11.269575746776312,3.46,1.63,16,95.9,-5,98.6,2413,6.5,718396,518735,683734,672820,669394,462101,643217,656514,693049,53.97,0.269,0.236,0.9,1,1,0,2,80,6,4-Seam Fastball,3,14,14,3,14,3,14,3,Standard,Standard,225,0.0,0.449,,,0.322,-0.449,95.9,-11,11,0.0,1.0,35,31,35,32,1,5,19,1,3,1,0.96,1.27,1.27,28.8
FF,2023-04-27,99.3,-1.44,5.35,"Kelly, Joe",650490,523260,,foul,,,,,6,Yandy Diaz singles on a ground ball to right fielder Oscar Colas.,R,R,R,CWS,TB,S,,,2,2,2023,-0.92,1.22,0.36,2.25,,,,1,9,Top,,,,,,,7.0821884046226575,-144.36242776967748,-5.934546733393431,-14.547422311138488,34.299456343557466,-13.904068982866836,3.46,1.63,237,100.1,12,99.4,2387,6.5,718396,518735,683734,672820,669394,462101,643217,656514,693049,54.04,,,,,,,,80,5,4-Seam Fastball,3,14,14,3,14,3,14,3,Standard,Standard,228,0.0,0.0,,,,0.0,100.1,-11,11,0.0,1.0,35,31,35,32,1,5,19,1,3,1,1.1,0.92,0.92,30.9
CH,2023-04-27,89.1,-1.53,5.45,"Kelly, Joe",650490,523260,,ball,,,,,14,Yandy Diaz singles on a ground ball to right fielder Oscar Colas.,R,R,R,CWS,TB,B,,,1,2,2023,-1.53,0.58,0.52,0.83,,,,1,9,Top,,,,,,,8.24653854506887,-129.3719056283733,-6.4914951106372,-18.94585504394204,27.84540908217932,-24.44311379259982,3.46,1.63,,,,88.9,2137,6.4,718396,518735,683734,672820,669394,462101,643217,656514,693049,54.13,,,,,,,,80,4,Changeup,3,14,14,3,14,3,14,3,Standard,Standard,247,0.0,0.045,,,,-0.045,,-11,11,0.0,1.0,35,31,35,32,1,5,19,1,3,1,2.31,1.53,1.53,31.4
CH,2023-04-27,88.4,-1.6,5.49,"Kelly, Joe",650490,523260,,ball,,,,,14,Yandy Diaz singles on a ground ball to right fielder Oscar Colas.,R,R,R,CWS,TB,B,,,0,2,2023,-1.64,0.43,0.92,1.23,,,,1,9,Top,,,,,,,9.54167449572854,-128.34070538618295,-5.152949208573801,-20.06841442323365,27.1783418843994,-26.50970816835143,3.46,1.63,,,,88.2,2145,6.3,718396,518735,683734,672820,669394,462101,643217,656514,693049,54.16,,,,,,,,80,3,Changeup,3,14,14,3,14,3,14,3,Standard,Standard,254,0.0,0.019,,,,-0.019,,-11,11,0.0,1.0,35,31,35,32,1,5,19,1,3,1,2.51,1.64,1.64,29.1
KC,2023-04-27,88.5,-1.71,5.64,"Kelly, Joe",650490,523260,,called_strike,,,,,7,Yandy Diaz singles on a ground ball to right fielder Oscar Colas.,R,R,R,CWS,TB,S,,,0,1,2023,0.34,-0.78,-0.44,1.99,,,,1,9,Top,,,,,,,2.3764547363340323,-129.00540411650243,-1.24761286122481,3.3242927324726166,25.6437654305375,-40.91551315580845,3.46,1.63,,,,88.2,2947,5.9,718396,518735,683734,672820,669394,462101,643217,656514,693049,54.58,,,,,,,,80,2,Knuckle Curve,3,14,14,3,14,3,14,3,Standard,Standard,46,0.0,-0.057,,,,0.057,,-11,11,0.0,1.0,35,31,35,32,1,5,19,1,3,1,3.67,-0.34,-0.34,35.4
SL,2023-04-27,90.3,-1.7,5.55,"Kelly, Joe",650490,523260,,called_strike,,,,,7,Yandy Diaz singles on a ground ball to right fielder Oscar Colas.,R,R,R,CWS,TB,S,,,0,0,2023,0.39,-0.35,-0.64,1.86,,,,1,9,Top,,,,,,,1.8328731400521583,-131.56515151412827,-2.535618933026301,4.146560274604875,26.575819508518684,-35.929069229127236,3.46,1.63,,,,90.7,2787,6.4,718396,518735,683734,672820,669394,462101,643217,656514,693049,54.13,,,,,,,,80,1,Slider,3,14,14,3,14,3,14,3,Standard,Standard,51,0.0,-0.041,,,,0.041,,-11,11,0.0,1.0,35,31,35,32,1,5,19,1,3,1,3.13,-0.39,-0.39,31.6
KC,2023-04-27,88.4,-1.63,5.68,"Kelly, Joe",642336,523260,field_out,hit_into_play,,,,,5,"Francisco Mejia grounds out, pitcher Joe Kelly to first baseman Andrew Vaughn.",R,L,R,CWS,TB,X,1,ground_ball,1,1,2023,0.33,-0.84,-0.14,2.1,,,,0,9,Top,125.93,183.53,,,,,2.9170042189588603,-128.7386881321185,-0.8893532627575722,2.990857232806332,28.06211922827191,-41.493357183741374,3.23,1.46,3,80.8,-30,87.5,2879,5.8,718396,518735,683734,672820,669394,462101,643217,656514,693049,54.7,0.04,0.042,0.0,1,0,0,2,79,3,Knuckle Curve,3,14,14,3,14,3,14,3,Infield shade,Standard,49,0.0,-0.254,,,0.04,0.254,88.0,-11,11,0.0,1.0,35,27,35,28,1,4,19,2,3,2,3.76,-0.33,0.33,34.7
FF,2023-04-27,99.1,-1.65,5.41,"Kelly, Joe",642336,523260,,foul,,,,,6,"Francisco Mejia grounds out, pitcher Joe Kelly to first baseman Andrew Vaughn.",R,L,R,CWS,TB,S,,,1,0,2023,-1.11,1.15,0.49,2.5,,,,0,9,Top,,,,,,,8.461358401543542,-143.98760218548327,-5.1968796031202995,-17.468098174190487,33.977173852175845,-15.158735156484438,3.23,1.46,248,75.4,35,99.2,2332,6.5,718396,518735,683734,672820,669394,462101,643217,656514,693049,54.05,,,,,,,,79,2,4-Seam Fastball,3,14,14,3,14,3,14,3,Strategic,Standard,225,0.0,-0.052,,,,0.052,88.0,-11,11,0.0,1.0,35,27,35,28,1,4,19,2,3,2,1.18,1.11,-1.11,31.2
KC,2023-04-27,87.8,-1.73,5.74,"Kelly, Joe",642336,523260,,ball,,,,,11,"Francisco Mejia grounds out, pitcher Joe Kelly to first baseman Andrew Vaughn.",R,L,R,CWS,TB,B,,,0,0,2023,0.44,-0.57,-1.19,4.8,,,,0,9,Top,,,,,,,0.3962755571330412,-127.7546899876985,4.935887862388292,4.758806653435586,25.821080906130316,-39.61319125463163,3.23,1.46,,,,87.0,2762,5.8,718396,518735,683734,672820,669394,462101,643217,656514,693049,54.73,,,,,,,,79,1,Knuckle Curve,3,14,14,3,14,3,14,3,Strategic,Standard,54,0.0,0.04,,,,-0.04,,-11,11,0.0,1.0,35,27,35,28,1,4,19,2,3,2,3.52,-0.44,0.44,35.8
FF,2023-04-27,99.5,-1.62,5.36,"Kelly, Joe",670042,523260,home_run,hit_into_play,,,,,4,Luke Raley homers (5) on a line drive to center field.,R,L,R,CWS,TB,X,,line_drive,2,1,2023,-1.14,1.12,-0.46,2.24,,,,0,9,Top,121.53,23.91,,,,,5.874106514264889,-144.7608328139292,-5.844751005531598,-17.434716298125185,31.892834497358376,-15.22799769012926,3.36,1.56,432,114.3,19,100.2,2353,6.6,718396,518735,683734,672820,669394,462101,643217,656514,693049,53.94,0.903,2.0,2.0,1,0,3,6,78,4,4-Seam Fastball,3,13,13,3,14,3,14,3,Infield shade,Standard,228,0.0,1.067,,,2.733,-1.067,114.3,-10,10,0.0,1.0,35,28,35,29,1,4,19,2,3,2,1.17,1.14,-1.14,26.3
CH,2023-04-27,89.2,-1.63,5.49,"Kelly, Joe",670042,523260,,ball,,,,,14,Luke Raley homers (5) on a line drive to center field.,R,L,R,CWS,TB,B,,,1,1,2023,-1.43,0.37,0.85,0.84,,,,0,9,Top,,,,,,,9.10621029248317,-129.4892692114592,-6.191335422398933,-17.986953934040187,25.484168881685942,-26.92497429555307,3.36,1.56,,,,89.3,2128,6.4,718396,518735,683734,672820,669394,462101,643217,656514,693049,54.14,,,,,,,,78,3,Changeup,3,13,13,3,13,3,13,3,Infield shade,Standard,250,0.0,0.059,,,,-0.059,,-10,10,0.0,1.0,35,28,35,29,1,4,19,2,3,2,2.5,1.43,-1.43,28.5
FF,2023-04-27,98.9,-1.59,5.47,"Kelly, Joe",670042,523260,,ball,,,,,14,Luke Raley homers (5) on a line drive to center field.,R,L,R,CWS,TB,B,,,0,1,2023,-1.08,1.28,1.34,1.83,,,,0,9,Top,,,,,,,10.513222529937142,-143.5319247075405,-7.484024467972407,-17.31067059544903,30.25078917122945,-12.93602551269632,3.36,1.56,,,,99.2,2515,6.4,718396,518735,683734,672820,669394,462101,643217,656514,693049,54.1,,,,,,,,78,2,4-Seam Fastball,3,13,13,3,13,3,13,3,Infield shade,Standard,224,0.0,0.031,,,,-0.031,,-10,10,0.0,1.0,35,28,35,29,1,4,19,2,3,2,1.05,1.08,-1.08,30.2
FF,2023-04-27,97.9,-1.64,5.46,"Kelly, Joe",670042,523260,,foul,,,,,5,Luke Raley homers (5) on a line drive to center field.,R,L,R,CWS,TB,S,,,0,0,2023,-1.13,1.27,-0.1,2.21,,,,0,9,Top,,,,,,,6.798537554236631,-142.41684772987725,-6.282170549630628,-16.875931766094585,31.978657322025267,-13.647567273839584,3.36,1.56,215,74.8,48,98.6,2396,6.7,718396,518735,683734,672820,669394,462101,643217,656514,693049,53.85,,,,,,,,78,1,4-Seam Fastball,3,13,13,3,13,3,13,3,Infield shade,Standard,229,0.0,-0.042,,,,0.042,88.0,-10,10,0.0,1.0,35,28,35,29,1,4,19,2,3,2,1.11,1.13,-1.13,27.3
SL,2023-04-08,90.7,-1.74,5.57,"Kelly, Joe",665833,523260,strikeout,swinging_strike,,,,,14,Oneil Cruz strikes out swinging.,R,L,R,PIT,CWS,S,2,,3,2,2023,0.39,-0.05,0.54,1.56,,666801,,2,6,Bot,,,,,,,4.832231084875617,-132.00213044197076,-3.975167439761841,3.5420452235456095,27.691060762302037,-32.18444119980859,3.84,1.85,,,,90.1,2722,5.9,718662,518735,683734,462101,660162,641313,643217,673357,693049,54.59,,0.0,0.0,1,0,0,,59,7,Slider,4,6,4,6,6,4,4,6,Standard,Standard,5,-0.046,-0.27,,,,0.27,,-2,-2,0.222,0.222,35,24,35,25,1,3,3,1,19,1,2.82,-0.39,0.39,34.1
CH,2023-04-08,87.2,-1.75,5.51,"Kelly, Joe",665833,523260,,foul,,,,,7,Oneil Cruz strikes out swinging.,R,L,R,PIT,CWS,S,,,3,2,2023,-1.55,0.56,-0.62,2.21,,666801,,2,6,Bot,,,,,,,5.854711404803318,-126.7597963987682,-2.842952765751646,-17.915616990187736,28.312181634702743,-25.73873317479554,3.84,1.85,,,,86.3,2078,6.0,718662,518735,683734,462101,660162,641313,643217,673357,693049,54.5,,,,,,,,59,6,Changeup,4,6,4,6,6,4,4,6,Standard,Standard,249,0.0,0.0,,,,0.0,,-2,-2,0.222,0.222,35,24,35,25,1,3,3,1,19,1,2.46,1.55,-1.55,28.4
KC,2023-04-08,87.9,-1.7,5.65,"Kelly, Joe",665833,523260,,foul,,,,,13,Oneil Cruz strikes out swinging.,R,L,R,PIT,CWS,S,,,3,1,2023,0.17,-0.89,-0.02,1.47,,666801,,2,6,Bot,,,,,,,3.682243460148693,-127.97133608048784,-2.1857356641353145,1.073063771369541,26.637607625301268,-41.72782539676673,3.84,1.85,3,73.5,-31,87.2,2759,5.8,718662,518735,683734,462101,660162,641313,643217,673357,693049,54.67,,,,,,,,59,5,Knuckle Curve,4,6,4,6,6,4,4,6,Standard,Standard,53,0.0,-0.087,,,,0.087,88.0,-2,-2,0.222,0.222,35,24,35,25,1,3,3,1,19,1,3.84,-0.17,0.17,33.2
SI,2023-04-08,97.7,-1.78,5.34,"Kelly, Joe",665833,523260,,called_strike,,,,,7,Oneil Cruz strikes out swinging.,R,L,R,PIT,CWS,S,,,3,0,2023,-1.69,0.79,-0.5,2.08,,666801,,2,6,Bot,,,,,,,7.315472112846546,-141.93979376211786,-5.03223091635873,-24.504309978843576,34.64406369014745,-20.547630520727125,3.74,1.85,,,,97.3,2236,6.3,718662,518735,683734,462101,660162,641313,643217,673357,693049,54.21,,,,,,,,59,4,Sinker,4,6,4,6,6,4,4,6,Standard,Standard,229,0.0,-0.023,,,,0.023,,-2,-2,0.222,0.222,35,24,35,25,1,3,3,1,19,1,1.62,1.69,-1.69,29.6
KC,2023-04-08,88.9,-1.76,5.69,"Kelly, Joe",665833,523260,,ball,,,,,14,Oneil Cruz strikes out swinging.,R,L,R,PIT,CWS,B,,,2,0,2023,0.04,-0.66,0.27,1.34,,666801,,2,6,Bot,,,,,,,4.86289106422044,-129.517174746883,-3.26120167986336,-0.4645261337733308,25.764818922383142,-39.21390588370222,3.61,1.85,,,,88.5,2800,5.9,718662,518735,683734,462101,660162,641313,643217,673357,693049,54.63,,,,,,,,59,3,Knuckle Curve,4,6,4,6,6,4,4,6,Standard,Standard,65,0.0,0.037,,,,-0.037,,-2,-2,0.222,0.222,35,24,35,25,1,3,3,1,19,1,3.53,-0.04,0.04,35.9
CH,2023-04-08,86.5,-1.72,5.61,"Kelly, Joe",665833,523260,,ball,,,,,11,Oneil Cruz strikes out swinging.,R,L,R,PIT,CWS,B,,,1,0,2023,-1.73,0.53,-1.36,3.3,,666801,,2,6,Bot,,,,,,,4.342687705346797,-125.84871864505064,-0.3379842518800221,-19.27392694928748,26.823644509601404,-26.74993535117637,3.64,1.85,,,,85.7,2190,5.9,718662,518735,683734,462101,660162,641313,643217,673357,693049,54.6,,,,,,,,59,2,Changeup,4,6,4,6,6,4,4,6,Standard,Standard,254,0.0,0.029,,,,-0.029,,-2,-2,0.222,0.222,35,24,35,25,1,3,3,1,19,1,2.53,1.73,-1.73,28.6
CH,2023-04-08,85.5,-1.67,5.64,"Kelly, Joe",665833,523260,,ball,,,,,11,Oneil Cruz strikes out swinging.,R,L,R,PIT,CWS,B,,,0,0,2023,-1.52,0.92,-1.46,4.1,,666801,,2,6,Bot,,,,,,,3.510873740907819,-124.5580499661013,0.7693822966139949,-16.531080757074427,24.98679177849033,-22.94986544408348,3.66,1.85,,,,84.9,2000,5.8,718662,518735,683734,462101,660162,641313,643217,673357,693049,54.69,,,,,,,,59,1,Changeup,4,6,4,6,6,4,4,6,Standard,Standard,250,0.0,0.02,,,,-0.02,,-2,-2,0.222,0.222,35,24,35,25,1,3,3,1,19,1,2.19,1.52,-1.52,29.9
FF,2023-04-08,98.0,-1.71,5.48,"Kelly, Joe",641511,523260,field_out,hit_into_play,,,,,11,"Jason Delay grounds out softly, pitcher Joe Kelly to first baseman Andrew Vaughn.",R,R,R,PIT,CWS,X,1,ground_ball,2,1,2023,-1.13,1.32,-0.91,3.03,,666801,,1,6,Bot,129.81,181.08,,,,,4.7531655963026465,-142.59083997443605,-4.128762803980977,-16.551277789667473,35.42274454435595,-13.513536319985176,3.3,1.52,4,55.3,-32,97.5,2227,6.2,718662,518735,683734,462101,660162,641313,643217,673357,693049,54.31,0.071,0.058,0.0,1,0,0,1,58,4,4-Seam Fastball,4,6,4,6,6,4,4,6,Standard,Standard,231,-0.052,-0.314,,,0.072,0.314,88.0,-2,-2,0.274,0.274,35,28,35,28,1,2,3,1,19,2,1.07,1.13,1.13,30.1
KC,2023-04-08,87.2,-1.63,5.75,"Kelly, Joe",641511,523260,,foul,,,,,13,"Jason Delay grounds out softly, pitcher Joe Kelly to first baseman Andrew Vaughn.",R,R,R,PIT,CWS,S,,,2,0,2023,0.21,-0.49,-0.09,1.3,,666801,,1,6,Bot,,,,,,,3.2357013227852818,-126.9833560453465,-3.494694407276498,1.5948949399133323,27.596440304231507,-36.89524572989553,3.3,1.52,,,,86.3,2931,5.8,718662,518735,683734,462101,660162,641313,643217,673357,693049,54.72,,,,,,,,58,3,Knuckle Curve,4,6,4,6,6,4,4,6,Standard,Standard,33,0.0,-0.032,,,,0.032,,-2,-2,0.274,0.274,35,28,35,28,1,2,3,1,19,2,3.5,-0.21,-0.21,36.5
KC,2023-04-08,87.0,-1.6,5.82,"Kelly, Joe",641511,523260,,ball,,,,,13,"Jason Delay grounds out softly, pitcher Joe Kelly to first baseman Andrew Vaughn.",R,R,R,PIT,CWS,B,,,1,0,2023,0.2,-0.33,-0.86,2.16,,666801,,1,6,Bot,,,,,,,1.353114272902526,-126.80149110316547,-1.933963237597357,1.900453758326774,26.026655337248627,-35.57266234215745,3.27,1.52,,,,86.2,2917,5.7,718662,518735,683734,462101,660162,641313,643217,673357,693049,54.8,,,,,,,,58,2,Knuckle Curve,4,6,4,6,6,4,4,6,Standard,Standard,38,0.0,0.036,,,,-0.036,,-2,-2,0.274,0.274,35,28,35,28,1,2,3,1,19,2,3.33,-0.2,-0.2,38.3
CH,2023-04-05,88.4,-1.71,5.46,"Kelly, Joe",573262,523260,field_out,hit_into_play,,,,,13,"Mike Yastrzemski grounds out, first baseman Andrew Vaughn to pitcher Joe Kelly.",R,L,R,CWS,SF,X,3,ground_ball,0,2,2023,-1.61,0.8,-0.29,1.15,,592626,,2,9,Top,153.74,170.47,,,,,6.795133968873271,-128.4342172859378,-6.0459974999217145,-19.279507656331873,27.232328553140633,-22.19577681371984,3.4,1.61,17,74.5,-3,87.9,2056,6.1,718695,518735,683734,593643,660162,462101,643217,673357,693049,54.36,0.071,0.063,0.0,1,0,0,2,78,3,Changeup,7,3,3,7,3,7,3,7,Standard,Standard,249,0.004,-0.187,,,0.087,0.187,88.0,4,-4,0.996,0.004,35,32,35,33,1,4,4,2,3,1,2.13,1.61,-1.61,27.1
SI,2023-04-05,97.9,-1.67,5.25,"Kelly, Joe",573262,523260,,foul,,,,,8,"Mike Yastrzemski grounds out, first baseman Andrew Vaughn to pitcher Joe Kelly.",R,L,R,CWS,SF,S,,,0,1,2023,-1.6,0.62,-0.23,1.55,,592626,,2,9,Top,,,,,,,7.5363124190795325,-142.24729381337536,-5.937816759058315,-23.401847154322855,32.6255878331,-22.53254668095975,3.4,1.61,237,75.7,32,97.7,2380,6.3,718695,518735,683734,593643,660162,462101,643217,673357,693049,54.24,,,,,,,,78,2,Sinker,7,3,3,7,3,7,3,7,Standard,Standard,230,0.0,-0.061,,,,0.061,88.0,4,-4,0.996,0.004,35,32,35,33,1,4,4,2,3,1,1.76,1.6,-1.6,27.5
CH,2023-04-05,88.4,-1.78,5.57,"Kelly, Joe",573262,523260,,called_strike,,,,,7,"Mike Yastrzemski grounds out, first baseman Andrew Vaughn to pitcher Joe Kelly.",R,L,R,CWS,SF,S,,,0,0,2023,-1.4,0.71,-0.5,2.09,,592626,,2,9,Top,,,,,,,6.0329096422830455,-128.6057534359406,-3.8747021293488086,-16.78716563052575,27.574556891343786,-23.6365646845408,3.49,1.67,,,,88.3,2079,6.3,718695,518735,683734,593643,660162,462101,643217,673357,693049,54.15,,,,,,,,78,1,Changeup,7,3,3,7,3,7,3,7,Standard,Standard,245,0.0,-0.046,,,,0.046,,4,-4,0.996,0.004,35,32,35,33,1,4,4,2,3,1,2.21,1.4,-1.4,28.1
FF,2023-04-05,98.7,-1.68,5.39,"Kelly, Joe",592626,523260,double,hit_into_play,,,,,2,Joc Pederson doubles (1) on a line drive to right fielder Oscar Colas.   Wilmer Flores scores.    Michael Conforto scores.,R,L,R,CWS,SF,X,9,line_drive,0,2,2023,-0.93,1.07,-0.16,3.04,,527038,624424,2,9,Top,153.58,54.69,,,,,6.276910016938905,-143.66317643396752,-3.431083091432563,-14.30644161881228,34.19375712501278,-16.726511419299072,3.46,1.7,398,97.0,23,98.7,2397,6.3,718695,518735,683734,593643,660162,462101,643217,673357,693049,54.15,0.257,0.295,1.25,1,1,1,5,77,3,4-Seam Fastball,7,1,1,7,3,7,3,7,Infield shade,Standard,225,-0.003,1.076,,,0.505,-1.076,97.0,6,-6,0.999,0.001,35,31,35,31,1,4,4,2,3,1,1.27,0.93,-0.93,32.6
KC,2023-04-05,89.0,-1.78,5.57,"Kelly, Joe",592626,523260,,foul,,,,,8,Joc Pederson doubles (1) on a line drive to right fielder Oscar Colas.   Wilmer Flores scores.    Michael Conforto scores.,R,L,R,CWS,SF,S,,,0,1,2023,0.27,-0.47,0.19,1.84,,527038,624424,2,9,Top,,,,,,,4.24216542227846,-129.53247244825914,-2.08939377205143,2.087049174230238,28.64597756177763,-37.22745471069483,3.46,1.7,179,65.5,28,88.3,2955,6.0,718695,518735,683734,593643,660162,462101,643217,673357,693049,54.5,,,,,,,,77,2,Knuckle Curve,7,1,1,7,1,7,1,7,Infield shade,Standard,47,0.0,-0.061,,,,0.061,88.0,6,-6,0.999,0.001,35,31,35,31,1,4,4,2,3,1,3.36,-0.27,0.27,34.9
CH,2023-04-05,88.4,-1.77,5.58,"Kelly, Joe",592626,523260,,called_strike,,,,,5,Joc Pederson doubles (1) on a line drive to right fielder Oscar Colas.   Wilmer Flores scores.    Michael Conforto scores.,R,L,R,CWS,SF,S,,,0,0,2023,-1.28,0.61,-0.08,2.36,,527038,624424,2,9,Top,,,,,,,6.78010124189045,-128.52049797928692,-3.001477951131786,-15.650788186403492,27.915228755777317,-24.981083332840893,3.51,1.69,,,,88.0,1961,6.2,718695,518735,683734,593643,660162,462101,643217,673357,693049,54.3,,,,,,,,77,1,Changeup,7,1,1,7,1,7,1,7,Infield shade,Standard,244,0.0,-0.04,,,,0.04,,6,-6,0.999,0.001,35,31,35,31,1,4,4,2,3,1,2.32,1.28,-1.28,30.2
SL,2023-04-05,90.6,-1.73,5.6,"Kelly, Joe",681584,523260,strikeout,swinging_strike,,,,,13,David Villar strikes out swinging.,R,R,R,CWS,SF,S,2,,3,2,2023,0.19,0.14,-0.29,1.5,,527038,624424,1,9,Top,,,,,,,3.1704333130887736,-131.8793672347174,-4.577596385830762,1.5051020695979511,29.198098236009756,-29.79049351284604,3.35,1.63,,,,90.2,2762,6.1,718695,518735,683734,593643,660162,462101,643217,673357,693049,54.41,,0.0,0.0,1,0,0,,76,6,Slider,7,1,1,7,1,7,1,7,Standard,Standard,46,0.004,-0.264,,,,0.264,,6,-6,0.995,0.005,35,26,35,26,1,4,4,2,3,1,2.65,-0.19,-0.19,34.6
SL,2023-04-05,91.0,-1.66,5.62,"Kelly, Joe",681584,523260,,blocked_ball,,,,,14,David Villar strikes out swinging.,R,R,R,CWS,SF,B,,,2,2,2023,0.39,-0.16,2.42,-1.44,,527038,624424,1,9,Top,,,,,,,9.326351486029996,-131.89470965703924,-11.400434742155726,2.7614627482590057,25.342510700354495,-31.979852114217216,3.38,1.67,,,,90.7,2914,6.1,718695,518735,683734,593643,660162,462101,643217,673357,693049,54.4,,,,,,,,76,5,Slider,7,1,1,7,1,7,1,7,Standard,Standard,13,0.0,0.062,,,,-0.062,,6,-6,0.995,0.005,35,26,35,26,1,4,4,2,3,1,2.92,-0.39,-0.39,36.0
SL,2023-04-05,91.3,-1.49,5.61,"Kelly, Joe",681584,523260,,blocked_ball,,,,,14,David Villar strikes out swinging.,R,R,R,CWS,SF,B,,,1,2,2023,0.59,0.15,1.94,0.46,,527038,624424,1,9,Top,,,,,,,7.347042010313375,-132.73669624664538,-7.383074986780646,5.442280905403934,27.33632768887067,-29.03489570265265,3.36,1.69,,,,91.2,2730,6.2,718695,518735,683734,593643,660162,462101,643217,673357,693049,54.33,,,,,,,,76,4,Slider,7,1,1,7,1,7,1,7,Standard,Standard,45,0.0,0.028,,,,-0.028,,6,-6,0.995,0.005,35,26,35,26,1,4,4,2,3,1,2.58,-0.59,-0.59,36.3
SL,2023-04-05,89.0,-1.75,5.72,"Kelly, Joe",681584,523260,,called_strike,,,,,4,David Villar strikes out swinging.,R,R,R,CWS,SF,S,,,1,1,2023,0.64,0.24,-0.65,2.67,,527038,624424,1,9,Top,,,,,,,1.3669959697277152,-129.77798714363098,-2.013974689897999,7.016454167730198,25.044665103110564,-29.262324498374532,3.35,1.69,,,,89.1,2709,6.1,718695,518735,683734,593643,660162,462101,643217,673357,693049,54.43,,,,,,,,76,3,Slider,7,1,1,7,1,7,1,7,Standard,Standard,27,0.0,-0.059,,,,0.059,,6,-6,0.995,0.005,35,26,35,26,1,4,4,2,3,1,2.61,-0.64,-0.64,36.3
SL,2023-04-05,90.2,-1.55,5.68,"Kelly, Joe",681584,523260,,ball,,,,,14,David Villar strikes out swinging.,R,R,R,CWS,SF,B,,,0,1,2023,0.52,0.29,1.35,1.19,,527038,624424,1,9,Top,,,,,,,6.0919977826930225,-131.14021605184607,-5.762251597159463,4.6463468948165545,28.395406435094035,-27.83073648043395,3.4,1.67,,,,89.6,2790,6.0,718695,518735,683734,593643,660162,462101,643217,673357,693049,54.45,,,,,,,,76,2,Slider,7,1,1,7,1,7,1,7,Standard,Standard,40,0.0,0.031,,,,-0.031,,6,-6,0.995,0.005,35,26,35,26,1,4,4,2,3,1,2.53,-0.52,-0.52,39.5
SL,2023-04-05,89.1,-1.8,5.67,"Kelly, Joe",681584,523260,,swinging_strike,,,,,11,David Villar strikes out swinging.,R,R,R,CWS,SF,S,,,0,0,2023,0.41,0.25,-0.84,3.08,,527038,624424,1,9,Top,,,,,,,1.4919459448759718,-129.81898810485504,-0.909735973864808,4.300524606573228,26.190345292025157,-29.319792434080103,3.35,1.63,,,,88.7,2754,5.9,718695,518735,683734,593643,660162,462101,643217,673357,693049,54.63,,,,,,,,76,1,Slider,7,1,1,7,1,7,1,7,Standard,Standard,81,0.0,-0.04,,,,0.04,,6,-6,0.995,0.005,35,26,35,26,1,4,4,2,3,1,2.6,-0.41,-0.41,35.5
FF,2023-04-05,97.3,-1.75,5.49,"Kelly, Joe",624424,523260,walk,ball,,,,,1,Michael Conforto walks.,R,L,R,CWS,SF,B,,,3,1,2023,-1.15,0.95,-0.63,3.27,,527038,,1,9,Top,,,,,,,5.637083758059516,-141.6174670011518,-2.579287768825804,-16.73468141507467,33.22123209581073,-19.084786526832133,3.19,1.52,,,,97.2,2301,6.3,718695,518735,683734,593643,660162,462101,643217,673357,693049,54.22,,0.695903,0.7,1,0,0,,75,5,4-Seam Fastball,7,1,1,7,1,7,1,7,Standard,Standard,219,-0.003,0.123,,,,-0.123,,6,-6,0.998,0.002,35,30,35,30,1,4,4,2,3,1,1.47,1.15,-1.15,32.3
KC,2023-04-05,86.6,-1.67,5.68,"Kelly, Joe",624424,523260,,ball,,,,,12,Michael Conforto walks.,R,L,R,CWS,SF,B,,,2,1,2023,0.72,-0.75,0.29,3.46,,527038,,1,9,Top,,,,,,,3.197761141604432,-126.10698372300644,2.416153150091085,6.917297433492422,27.0100452512409,-40.90341747370198,3.19,1.56,,,,85.8,2895,5.8,718695,518735,683734,593643,660162,462101,643217,673357,693049,54.67,,,,,,,,75,4,Knuckle Curve,7,1,1,7,1,7,1,7,Standard,Standard,46,0.0,0.062,,,,-0.062,,6,-6,0.998,0.002,35,30,35,30,1,4,4,2,3,1,3.8,-0.72,0.72,35.6
KC,2023-04-05,89.0,-1.59,5.69,"Kelly, Joe",624424,523260,,blocked_ball,,,,,14,Michael Conforto walks.,R,L,R,CWS,SF,B,,,1,1,2023,0.78,-1.13,1.41,0.26,,527038,,1,9,Top,,,,,,,5.677701538226242,-129.5697589545025,-4.884710064441474,7.609628991388702,27.3705953810304,-44.09012821523258,3.14,1.54,,,,88.4,3081,5.9,718695,518735,683734,593643,660162,462101,643217,673357,693049,54.56,,,,,,,,75,3,Knuckle Curve,7,1,1,7,1,7,1,7,Standard,Standard,39,0.0,0.052,,,,-0.052,,6,-6,0.998,0.002,35,30,35,30,1,4,4,2,3,1,4.01,-0.78,0.78,37.9
KC,2023-04-05,88.3,-1.66,5.76,"Kelly, Joe",624424,523260,,swinging_strike,,,,,14,Michael Conforto walks.,R,L,R,CWS,SF,S,,,1,0,2023,0.64,-1.03,0.81,1.11,,527038,,1,9,Top,,,,,,,4.635242041370701,-128.5815432237487,-3.0874526181937236,6.099603421037185,26.691756784075142,-43.18038337809672,3.18,1.52,,,,87.5,2984,5.7,718695,518735,683734,593643,660162,462101,643217,673357,693049,54.76,,,,,,,,75,2,Knuckle Curve,7,1,1,7,1,7,1,7,Standard,Standard,56,0.0,-0.049,,,,0.049,,6,-6,0.998,0.002,35,30,35,30,1,4,4,2,3,1,3.95,-0.64,0.64,39.3
KC,2023-04-05,87.9,-1.79,5.72,"Kelly, Joe",624424,523260,,ball,,,,,14,Michael Conforto walks.,R,L,R,CWS,SF,B,,,0,0,2023,0.84,-0.92,0.61,1.37,,527038,,1,9,Top,,,,,,,4.030750237688403,-128.03648684801288,-2.52231700460977,8.357634922202141,27.12142127423876,-41.91497633102359,3.18,1.56,,,,87.0,2916,5.7,718695,518735,683734,593643,660162,462101,643217,673357,693049,54.78,,,,,,,,75,1,Knuckle Curve,7,1,1,7,1,7,1,7,Standard,Standard,39,0.0,0.034,,,,-0.034,,6,-6,0.998,0.002,35,30,35,30,1,4,4,2,3,1,3.87,-0.84,0.84,36.0
FF,2023-04-05,98.8,-1.77,5.52,"Kelly, Joe",527038,523260,double,hit_into_play,,,,,5,Wilmer Flores doubles (1) on a sharp line drive to left fielder Andrew Benintendi.,R,R,R,CWS,SF,X,7,line_drive,1,1,2023,-1.2,0.91,0.26,2.23,,,,1,9,Top,91.83,55.74,,,,,8.307313356339236,-143.48476537543704,-5.6050998658140525,-18.553500132031363,34.90005566994673,-18.484107784797512,3.15,1.58,364,101.1,21,98.3,2317,6.2,718695,518735,683734,593643,660162,462101,643217,673357,693049,54.26,0.48,0.642,1.25,1,1,1,5,74,3,4-Seam Fastball,7,1,1,7,1,7,1,7,Standard,Standard,223,-0.001,0.673,,,1.072,-0.673,101.1,6,-6,0.999,0.001,35,31,35,32,1,1,4,2,3,1,1.45,1.2,1.2,29.5
FF,2023-04-05,97.7,-1.77,5.48,"Kelly, Joe",527038,523260,,ball,,,,,14,Wilmer Flores doubles (1) on a sharp line drive to left fielder Andrew Benintendi.,R,R,R,CWS,SF,B,,,0,1,2023,-1.05,1.08,1.16,1.19,,,,1,9,Top,,,,,,,10.283241092852576,-141.7019074452839,-8.484993247785306,-16.59432063888174,33.33368091390242,-15.795955485144985,3.14,1.56,,,,97.3,2311,6.3,718695,518735,683734,593643,660162,462101,643217,673357,693049,54.21,,,,,,,,74,2,4-Seam Fastball,7,1,1,7,1,7,1,7,Standard,Standard,218,0.0,0.03,,,,-0.03,,6,-6,0.999,0.001,35,31,35,32,1,1,4,2,3,1,1.33,1.05,1.05,29.0
FF,2023-04-05,98.0,-1.77,5.5,"Kelly, Joe",527038,523260,,foul,,,,,11,Wilmer Flores doubles (1) on a sharp line drive to left fielder Andrew Benintendi.,R,R,R,CWS,SF,S,,,0,0,2023,-0.91,1.26,-0.96,2.37,,,,1,9,Top,,,,,,,4.317556906251584,-142.66229811401655,-5.91239788256374,-13.446829117100432,32.13973518165499,-13.752781686291826,3.15,1.58,139,75.7,72,98.1,2318,6.3,718695,518735,683734,593643,660162,462101,643217,673357,693049,54.2,,,,,,,,74,1,4-Seam Fastball,7,1,1,7,1,7,1,7,Standard,Standard,223,0.0,-0.041,,,,0.041,88.0,6,-6,0.999,0.001,35,31,35,32,1,1,4,2,3,1,1.1,0.91,0.91,31.7
FF,2023-04-05,97.9,-1.61,5.49,"Kelly, Joe",547379,523260,field_out,hit_into_play,,,,,1,Roberto Perez flies out to right fielder Oscar Colas.,R,R,R,CWS,SF,X,9,fly_ball,0,2,2023,-1.34,1.01,-0.3,3.29,,,,0,9,Top,172.77,104.56,,,,,6.5987569929224605,-142.40155036342145,-2.7387995400579004,-19.699972302101585,34.87913399929647,-18.096480794491455,3.19,1.53,264,77.1,34,97.5,2378,6.3,718695,518735,683734,593643,660162,462101,643217,673357,693049,54.24,0.134,0.148,0.0,1,0,0,3,73,3,4-Seam Fastball,7,1,1,7,1,7,1,7,Standard,Standard,230,0.001,-0.169,,,0.206,0.169,88.0,6,-6,0.998,0.002,35,34,35,35,1,3,4,2,3,2,1.39,1.34,1.34,28.3
FF,2023-04-05,97.1,-1.69,5.6,"Kelly, Joe",547379,523260,,foul,,,,,5,Roberto Perez flies out to right fielder Oscar Colas.,R,R,R,CWS,SF,S,,,0,1,2023,-1.11,1.31,-0.02,2.47,,,,0,9,Top,,,,,,,6.943577007939787,-141.09139718398598,-5.770049489239969,-16.36606108587334,33.185923262878596,-13.569696134409478,3.19,1.53,256,96.2,15,96.4,2438,6.0,718695,518735,683734,593643,660162,462101,643217,673357,693049,54.47,,,,,,,,73,2,4-Seam Fastball,7,1,1,7,1,7,1,7,Standard,Standard,221,0.0,-0.054,,,,0.054,96.2,6,-6,0.998,0.002,35,34,35,35,1,3,4,2,3,2,1.12,1.11,1.11,29.3
FF,2023-04-05,96.1,-1.8,5.58,"Kelly, Joe",547379,523260,,called_strike,,,,,9,Roberto Perez flies out to right fielder Oscar Colas.,R,R,R,CWS,SF,S,,,0,0,2023,-1.1,1.23,0.57,1.56,,,,0,9,Top,,,,,,,8.827405931534773,-139.48531642086098,-7.834069229860414,-16.36976932394149,31.15657758295985,-14.529899108496991,3.23,1.56,,,,96.5,2346,6.6,718695,518735,683734,593643,660162,462101,643217,673357,693049,53.88,,,,,,,,73,1,4-Seam Fastball,7,1,1,7,1,7,1,7,Standard,Standard,222,0.0,-0.042,,,,0.042,,6,-6,0.998,0.002,35,34,35,35,1,3,4,2,3,2,1.25,1.1,1.1,32.3
SL,2023-04-01,94.0,-1.58,5.69,"Kelly, Joe",547989,523260,single,hit_into_play,,,,,14,Jose Abreu singles on a ground ball to right fielder Oscar Colas.   Yordan Alvarez to 2nd.,R,R,R,HOU,CWS,X,9,ground_ball,0,2,2023,0.6,-0.06,0.82,1.21,,,670541,2,7,Bot,171.66,106.45,,,,,4.850074073342749,-136.74169697106458,-5.676428055010612,6.358894939720478,31.9262993495728,-31.823463681089223,3.41,1.56,79,79.3,4,93.1,2886,5.9,718760,664874,683734,462101,660162,641313,643217,673357,693049,54.62,0.243,0.198,0.9,1,1,0,2,61,3,Slider,3,3,3,3,3,3,3,3,Standard,Standard,76,0.034,0.467,,,0.268,-0.467,88.0,0,0,0.541,0.541,35,36,35,36,1,3,,1,4,1,2.65,-0.6,-0.6,34.5
SL,2023-04-01,92.1,-1.61,5.69,"Kelly, Joe",547989,523260,,swinging_strike,,,,,14,Jose Abreu singles on a ground ball to right fielder Oscar Colas.   Yordan Alvarez to 2nd.,R,R,R,HOU,CWS,S,,,0,1,2023,0.47,0.08,0.94,1.29,,,670541,2,7,Bot,,,,,,,5.4222354850146495,-133.99898665064785,-5.464172933174505,4.418562355514794,30.633843385832343,-30.172032058819095,3.41,1.56,,,,91.3,2803,6.0,718760,664874,683734,462101,660162,641313,643217,673357,693049,54.54,,,,,,,,61,2,Slider,3,3,3,3,3,3,3,3,Standard,Standard,56,0.0,-0.055,,,,0.055,,0,0,0.541,0.541,35,36,35,36,1,3,,1,4,1,2.62,-0.47,-0.47,35.4
SL,2023-04-01,92.2,-1.64,5.58,"Kelly, Joe",547989,523260,,called_strike,,,,,8,Jose Abreu singles on a ground ball to right fielder Oscar Colas.   Yordan Alvarez to 2nd.,R,R,R,HOU,CWS,S,,,0,0,2023,0.31,-0.01,-0.1,1.5,,,670541,2,7,Bot,,,,,,,3.2328485227342147,-134.168137377016,-4.432883062569231,2.940220683204979,32.12360983483892,-31.40551655684935,3.41,1.56,,,,91.3,2725,6.0,718760,664874,683734,462101,660162,641313,643217,673357,693049,54.51,,,,,,,,61,1,Slider,3,3,3,3,3,3,3,3,Standard,Standard,75,0.0,-0.045,,,,0.045,,0,0,0.541,0.541,35,36,35,36,1,3,,1,4,1,2.71,-0.31,-0.31,34.6
FF,2023-04-01,99.6,-1.55,5.58,"Kelly, Joe",670541,523260,single,hit_into_play,,,,,1,Yordan Alvarez singles on a sharp line drive to left fielder Andrew Benintendi.,R,L,R,HOU,CWS,X,7,line_drive,0,2,2023,-1.07,1.34,-0.48,2.97,,,,2,7,Bot,58.47,81.09,,,,,5.418164294221453,-144.8678809731119,-4.833774368865653,-16.35422732605964,37.42936037834258,-12.46046451798908,3.49,1.71,336,102.9,19,98.6,2424,6.0,718760,664874,683734,462101,660162,641313,643217,673357,693049,54.51,0.457,0.561,0.9,1,1,0,5,60,4,4-Seam Fastball,3,3,3,3,3,3,3,3,Standard,Strategic,220,0.021,0.449,,,0.907,-0.449,102.9,0,0,0.52,0.52,35,26,35,26,1,3,,1,4,2,0.98,1.07,-1.07,30.2
CH,2023-04-01,86.8,-1.66,5.62,"Kelly, Joe",670541,523260,,foul,,,,,14,Yordan Alvarez singles on a sharp line drive to left fielder Andrew Benintendi.,R,L,R,HOU,CWS,S,,,0,2,2023,-1.65,0.61,0.53,1.46,,,,2,7,Bot,,,,,,,8.525448756104403,-126.0488523589176,-4.942012923607414,-19.29270608323904,25.99931800467889,-24.852345390919673,3.49,1.71,4,93.4,-20,86.0,2162,5.9,718760,664874,683734,462101,660162,641313,643217,673357,693049,54.59,,,,,,,,60,3,Changeup,3,3,3,3,3,3,3,3,Standard,Strategic,255,0.0,0.0,,,,0.0,93.4,0,0,0.52,0.52,35,26,35,26,1,3,,1,4,2,2.43,1.65,-1.65,27.7
FF,2023-04-01,98.6,-1.57,5.57,"Kelly, Joe",670541,523260,,called_strike,,,,,9,Yordan Alvarez singles on a sharp line drive to left fielder Andrew Benintendi.,R,L,R,HOU,CWS,S,,,0,1,2023,-1.2,1.01,0.32,2.26,,,,2,7,Bot,,,,,,,7.900643889583527,-143.35254033466575,-5.861696872704511,-18.394553996491386,34.05936570422403,-17.046868432644516,3.49,1.71,,,,98.2,2389,6.2,718760,664874,683734,462101,660162,641313,643217,673357,693049,54.34,,,,,,,,60,2,4-Seam Fastball,3,3,3,3,3,3,3,3,Standard,Strategic,227,0.0,-0.061,,,,0.061,,0,0,0.52,0.52,35,26,35,26,1,3,,1,4,2,1.34,1.2,-1.2,33.7
FF,2023-04-01,100.4,-1.61,5.52,"Kelly, Joe",670541,523260,,called_strike,,,,,8,Yordan Alvarez singles on a sharp line drive to left fielder Andrew Benintendi.,R,L,R,HOU,CWS,S,,,0,0,2023,-1.26,1.09,-0.18,1.83,,,,2,7,Bot,,,,,,,6.9150165556227865,-145.95665787324847,-7.391323304296737,-19.669860500109596,35.36918522709272,-15.023918220522413,3.49,1.71,,,,99.9,2391,6.1,718760,664874,683734,462101,660162,641313,643217,673357,693049,54.39,,,,,,,,60,1,4-Seam Fastball,3,3,3,3,3,3,3,3,Standard,Strategic,224,0.0,-0.045,,,,0.045,,0,0,0.52,0.52,35,26,35,26,1,3,,1,4,2,1.18,1.26,-1.26,33.5
FF,2023-04-01,98.0,-1.66,5.52,"Kelly, Joe",608324,523260,field_out,hit_into_play,,,,,5,Alex Bregman flies out to right fielder Oscar Colas.,R,R,R,HOU,CWS,X,9,fly_ball,1,1,2023,-1.17,1.03,-0.05,2.21,,,,1,7,Bot,200.89,95.91,,,,,7.041003922611997,-142.55067958618645,-5.853300372214486,-17.626480255409547,33.109767932978336,-16.89206471035677,3.22,1.53,315,93.7,29,97.8,2251,6.2,718760,664874,683734,462101,660162,641313,643217,673357,693049,54.31,0.16,0.265,0.0,1,0,0,3,59,3,4-Seam Fastball,3,3,3,3,3,3,3,3,Standard,Standard,221,-0.028,-0.257,,,0.487,0.257,93.7,0,0,0.548,0.548,35,29,35,29,1,3,,1,4,1,1.34,1.17,1.17,32.7
SI,2023-04-01,98.4,-1.64,5.4,"Kelly, Joe",608324,523260,,swinging_strike,,,,,5,Alex Bregman flies out to right fielder Oscar Colas.,R,R,R,HOU,CWS,S,,,1,0,2023,-1.37,1.06,0.13,2.42,,,,1,7,Bot,,,,,,,7.969725660112826,-143.02345381475726,-5.0515755402971685,-20.713158256485645,33.61840829993707,-16.569621406987935,3.22,1.53,,,,98.3,2144,6.3,718760,664874,683734,462101,660162,641313,643217,673357,693049,54.17,,,,,,,,59,2,Sinker,3,3,3,3,3,3,3,3,Standard,Standard,233,0.0,-0.05,,,,0.05,,0,0,0.548,0.548,35,29,35,29,1,3,,1,4,1,1.3,1.37,1.37,30.3
SI,2023-04-01,98.6,-1.6,5.29,"Kelly, Joe",608324,523260,,ball,,,,,14,Alex Bregman flies out to right fielder Oscar Colas.,R,R,R,HOU,CWS,B,,,0,0,2023,-1.28,1.1,0.73,1.23,,,,1,7,Bot,,,,,,,9.294496303634835,-143.0902487322806,-8.115500541604433,-19.7799998929875,32.68127767963292,-15.36586281311714,3.22,1.53,,,,98.6,2279,6.4,718760,664874,683734,462101,660162,641313,643217,673357,693049,54.1,,,,,,,,59,1,Sinker,3,3,3,3,3,3,3,3,Standard,Standard,232,0.0,0.039,,,,-0.039,,0,0,0.548,0.548,35,29,35,29,1,3,,1,4,1,1.26,1.28,1.28,29.0
FF,2023-04-01,98.2,-1.6,5.58,"Kelly, Joe",665161,523260,field_out,hit_into_play,,,,,1,"Jeremy Pena grounds out, second baseman Elvis Andrus to first baseman Andrew Vaughn.",R,R,R,HOU,CWS,X,4,ground_ball,0,1,2023,-1.15,1.2,-0.8,3.22,,,,0,7,Bot,139.96,148.41,,,,,4.842049708808033,-142.85611783739415,-3.62640268107484,-16.882772239493573,36.713593633929875,-15.230441446920995,3.61,1.74,101,63.8,11,97.7,2344,6.3,718760,664874,683734,462101,660162,641313,643217,673357,693049,54.21,0.206,0.232,0.0,1,0,0,2,58,2,4-Seam Fastball,3,3,3,3,3,3,3,3,Standard,Standard,224,-0.038,-0.223,,,0.207,0.223,88.0,0,0,0.586,0.586,35,25,35,26,1,3,,1,4,1,1.19,1.15,1.15,30.7
SI,2023-04-01,97.6,-1.65,5.44,"Kelly, Joe",665161,523260,,called_strike,,,,,11,"Jeremy Pena grounds out, second baseman Elvis Andrus to first baseman Andrew Vaughn.",R,R,R,HOU,CWS,S,,,0,0,2023,-1.33,0.94,-0.86,2.76,,,,0,7,Bot,,,,,,,5.210412244490689,-142.03534587665897,-3.85788376201851,-19.22700158045425,34.344838020348305,-18.769777300123764,3.52,1.74,,,,97.7,2132,6.4,718760,664874,683734,462101,660162,641313,643217,673357,693049,54.06,,,,,,,,58,1,Sinker,3,3,3,3,3,3,3,3,Standard,Standard,233,0.0,-0.042,,,,0.042,,0,0,0.586,0.586,35,25,35,26,1,3,,1,4,1,1.46,1.33,1.33,29.6
CH,2023-04-01,88.3,-1.71,5.55,"Kelly, Joe",667452,523260,strikeout,swinging_strike,,,,,7,Corey Julks strikes out swinging.,R,R,R,HOU,CWS,S,2,,2,2,2023,-1.67,0.56,-0.45,1.58,676801,,,2,6,Bot,,,,,,,6.5722336214774995,-128.2957155881045,-4.665653217551309,-19.80182236063096,29.757698786444937,-25.17275051299723,3.41,1.56,,,,87.9,2229,6.4,718760,664874,683734,462101,660162,641313,643217,673357,693049,54.11,,0.0,0.0,1,0,0,,54,5,Changeup,3,3,3,3,3,3,3,3,Standard,Standard,253,-0.061,-0.245,,,,0.245,,0,0,0.561,0.561,35,27,35,27,1,2,,1,4,1,2.4,1.67,1.67,28.6
CH,2023-04-01,87.6,-1.68,5.63,"Kelly, Joe",667452,523260,,swinging_strike,,,,,8,Corey Julks strikes out swinging.,R,R,R,HOU,CWS,S,,,2,1,2023,-1.61,0.71,-0.02,1.74,676801,,,2,6,Bot,,,,,,,7.276432137296585,-127.21786183727843,-4.599825504353129,-18.9932402252602,28.768755392892583,-23.737110902155024,3.41,1.56,,,,86.8,2175,6.1,718760,664874,683734,462101,660162,641313,643217,673357,693049,54.4,,,,,,,,54,4,Changeup,3,3,3,3,3,3,3,3,Standard,Standard,251,0.0,-0.063,,,,0.063,,0,0,0.561,0.561,35,27,35,27,1,2,,1,4,1,2.3,1.61,1.61,36.5
CH,2023-04-01,86.4,-1.72,5.66,"Kelly, Joe",667452,523260,,swinging_strike,,,,,7,Corey Julks strikes out swinging.,R,R,R,HOU,CWS,S,,,2,0,2023,-1.44,0.65,-0.36,1.87,676801,,,2,6,Bot,,,,,,,6.118490060383276,-125.55255893532131,-4.039555404697865,-16.45233461673801,27.5222953028349,-24.702854771726056,3.41,1.56,,,,85.6,1973,6.0,718760,664874,683734,462101,660162,641313,643217,673357,693049,54.46,,,,,,,,54,3,Changeup,3,3,3,3,3,3,3,3,Standard,Standard,251,0.0,-0.037,,,,0.037,,0,0,0.561,0.561,35,27,35,27,1,2,,1,4,1,2.44,1.44,1.44,29.2
SI,2023-04-01,98.2,-1.57,5.51,"Kelly, Joe",667452,523260,,ball,,,,,14,Corey Julks strikes out swinging.,R,R,R,HOU,CWS,B,,,1,0,2023,-1.56,1.03,0.6,1.21,,676801,,2,6,Bot,,,,,,,9.455411765216503,-142.48906743374891,-8.480823654498042,-23.519577388714055,34.36025208302316,-16.269519786579252,3.41,1.56,,,,97.5,2413,6.2,718760,664874,683734,462101,660162,641313,643217,673357,693049,54.31,,,,,,,,54,2,Sinker,3,3,3,3,3,3,3,3,Standard,Standard,226,0.007,0.029,,,,-0.029,,0,0,0.554,0.554,35,27,35,27,1,2,,1,4,1,1.36,1.56,1.56,29.0
SI,2023-04-01,96.8,-1.62,5.51,"Kelly, Joe",667452,523260,,ball,,,,,13,Corey Julks strikes out swinging.,R,R,R,HOU,CWS,B,,,0,0,2023,-1.46,1.02,-0.14,1.17,,676801,,2,6,Bot,,,,,,,7.307707853799003,-140.5863924459648,-8.33687161094729,-20.979106768872203,33.65044234182821,-16.86360129995749,3.41,1.56,,,,96.7,2343,6.5,718760,664874,683734,462101,660162,641313,643217,673357,693049,54.02,,,,,,,,54,1,Sinker,3,3,3,3,3,3,3,3,Standard,Standard,224,0.0,0.02,,,,-0.02,,0,0,0.554,0.554,35,27,35,27,1,2,,1,4,1,1.43,1.46,1.46,33.0
,2023-03-27,,,,"Kelly, Joe",685580,523260,field_out,hit_into_play,,,,,,"Cristian More grounds out, third baseman Wes Kath to first baseman DJ Gladney.",S,L,R,CHC,CWS,X,5,ground_ball,0,0,2023,,,,,,678285,,2,8,Bot,109.52,175.24,,,,,,,,,,,,,,,,,,,718932,664874,687554,703070,695770,688394,545350,663853,687279,,,,0.0,,0,0,,65,1,,6,1,6,1,1,6,6,1,,,,0.0,-0.294,,,,0.294,,5,5,0.995,0.995,35,21,35,22,1,1,,,,,,,,
,2023-03-27,,,,"Kelly, Joe",689047,523260,strikeout,called_strike,,,,,,Jacob Wetzel called out on strikes.,S,L,R,CHC,CWS,S,2,,1,2,2023,,,,,,678285,,1,8,Bot,,,,,,,,,,,,,,,,,,,,,718932,664874,687554,703070,695770,688394,545350,663853,687279,,,,0.0,,0,0,,64,4,,6,1,6,1,1,6,6,1,,,,-0.001,-0.205,,,,0.205,,5,5,0.996,0.996,35,23,35,23,1,1,,,,,,,,
,2023-03-27,,,,"Kelly, Joe",689047,523260,,called_strike,,,,,,Jacob Wetzel called out on strikes.,S,L,R,CHC,CWS,S,,,1,1,2023,,,,,,678285,,1,8,Bot,,,,,,,,,,,,,,,,,,,,,718932,664874,687554,703070,695770,688394,545350,663853,687279,,,,,,,,,64,3,,6,1,6,1,1,6,6,1,,,,0.0,-0.078,,,,0.078,,5,5,0.996,0.996,35,23,35,23,1,1,,,,,,,,
,2023-03-27,,,,"Kelly, Joe",689047,523260,,called_strike,,,,,,Jacob Wetzel called out on strikes.,S,L,R,CHC,CWS,S,,,1,0,2023,,,,,,678285,,1,8,Bot,,,,,,,,,,,,,,,,,,,,,718932,664874,687554,703070,695770,688394,545350,663853,687279,,,,,,,,,64,2,,6,1,6,1,1,6,6,1,,,,0.0,-0.049,,,,0.049,,5,5,0.996,0.996,35,23,35,23,1,1,,,,,,,,
,2023-03-27,,,,"Kelly, Joe",689047,523260,,ball,,,,,,Jacob Wetzel called out on strikes.,S,L,R,CHC,CWS,B,,,0,0,2023,,,,,,,678285,1,8,Bot,,,,,,,,,,,,,,,,,,,,,718932,664874,687554,703070,695770,688394,545350,663853,687279,,,,,,,,,64,1,,6,1,6,1,1,6,6,1,,,,0.0,0.036,,,,-0.036,,5,5,0.996,0.996,35,23,35,23,1,1,,,,,,,,
,2023-03-27,,,,"Kelly, Joe",678285,523260,walk,ball,,,,,,Fabian Pertuz walks.,S,R,R,CHC,CWS,B,,,3,0,2023,,,,,,,,1,8,Bot,,,,,,,,,,,,,,,,,,,,,718932,664874,687554,703070,695770,688394,545350,663853,687279,,,,0.7,,0,0,,63,4,,6,1,6,1,1,6,6,1,,,,0.001,0.173,,,,-0.173,,5,5,0.995,0.995,35,22,35,23,1,1,,,,,,,,
,2023-03-27,,,,"Kelly, Joe",678285,523260,,ball,,,,,,Fabian Pertuz walks.,S,R,R,CHC,CWS,B,,,1,0,2023,,,,,,,,1,8,Bot,,,,,,,,,,,,,,,,,,,,,718932,664874,687554,703070,695770,688394,545350,663853,687279,,,,,,,,,63,2,,6,1,6,1,1,6,6,1,,,,0.0,0.066,,,,-0.066,,5,5,0.995,0.995,35,22,35,23,1,1,,,,,,,,
,2023-03-27,,,,"Kelly, Joe",678285,523260,,ball,,,,,,Fabian Pertuz walks.,S,R,R,CHC,CWS,B,,,0,0,2023,,,,,,,,1,8,Bot,,,,,,,,,,,,,,,,,,,,,718932,664874,687554,703070,695770,688394,545350,663853,687279,,,,,,,,,63,1,,6,1,6,1,1,6,6,1,,,,0.0,0.039,,,,-0.039,,5,5,0.995,0.995,35,22,35,23,1,1,,,,,,,,
,2023-03-27,,,,"Kelly, Joe",702333,523260,field_out,hit_into_play,,,,,,"Haydn McGeary grounds out, pitcher Joe Kelly to first baseman DJ Gladney.",S,R,R,CHC,CWS,X,1,ground_ball,0,0,2023,,,,,,,,0,8,Bot,133.12,184.93,,,,,,,,,,,,,,,,,,,718932,664874,687554,703070,695770,688394,545350,663853,687279,,,,0.0,,0,0,,62,1,,6,1,6,1,1,6,6,1,,,,-0.001,-0.265,,,,0.265,,5,5,0.996,0.996,35,23,35,24,1,1,,,,,,,,
,2023-03-24,,,,"Kelly, Joe",665923,523260,force_out,hit_into_play,,,,,,"Esteury Ruiz grounds into a force out, fielded by third baseman Leury Garcia.   Max Schuemann out at 3rd.",S,R,R,OAK,CWS,X,5,ground_ball,0,0,2023,,,,,,680474,542208,2,7,Bot,98.63,171.01,,,,,,,,,,,,,,,,,,,718970,664874,672635,621545,544725,570481,571740,663853,693049,,,,0.0,,0,0,,66,1,,0,12,0,12,12,0,0,12,,,,0.0,-0.296,,,,0.296,,-12,-12,0.0,0.0,35,24,35,24,1,2,,,,,,,,
,2023-03-24,,,,"Kelly, Joe",542208,523260,single,hit_into_play,,,,,,Carlos Perez singles on a line drive to left fielder Billy Hamilton.   Max Schuemann to 2nd.,S,R,R,OAK,CWS,X,7,line_drive,0,0,2023,,,,,,,680474,2,7,Bot,84.1,118.97,,,,,,,,,,,,,,,,,,,718970,664874,672635,621545,544725,570481,571740,663853,693049,,,,0.9,,1,0,,65,1,,0,12,0,12,12,0,0,12,,,,0.0,0.368,,,,-0.368,,-12,-12,0.0,0.0,35,32,35,33,1,0,,,,,,,,
,2023-03-24,,,,"Kelly, Joe",669127,523260,strikeout,called_strike,,,,,,Shea Langeliers called out on strikes.,S,R,R,OAK,CWS,S,2,,0,2,2023,,,,,,,680474,1,7,Bot,,,,,,,,,,,,,,,,,,,,,718970,664874,672635,621545,544725,570481,571740,663853,693049,,,,0.0,,0,0,,64,3,,0,12,0,12,12,0,0,12,,,,0.0,-0.16,,,,0.16,,-12,-12,0.0,0.0,35,25,35,26,1,2,,,,,,,,
,2023-03-24,,,,"Kelly, Joe",669127,523260,,called_strike,,,,,,Shea Langeliers called out on strikes.,S,R,R,OAK,CWS,S,,,0,1,2023,,,,,,,680474,1,7,Bot,,,,,,,,,,,,,,,,,,,,,718970,664874,672635,621545,544725,570481,571740,663853,693049,,,,,,,,,64,2,,0,12,0,12,12,0,0,12,,,,0.0,-0.053,,,,0.053,,-12,-12,0.0,0.0,35,25,35,26,1,2,,,,,,,,
,2023-03-24,,,,"Kelly, Joe",669127,523260,,called_strike,,,,,,Shea Langeliers called out on strikes.,S,R,R,OAK,CWS,S,,,0,0,2023,,,,,,,680474,1,7,Bot,,,,,,,,,,,,,,,,,,,,,718970,664874,672635,621545,544725,570481,571740,663853,693049,,,,,,,,,64,1,,0,12,0,12,12,0,0,12,,,,0.0,-0.042,,,,0.042,,-12,-12,0.0,0.0,35,25,35,26,1,2,,,,,,,,
,2023-03-24,,,,"Kelly, Joe",607054,523260,single,hit_into_play,,,,,,Jace Peterson singles on a line drive to right fielder Oscar Colas.,S,L,R,OAK,CWS,X,9,line_drive,0,0,2023,,,,,,,,1,7,Bot,156.72,102.63,,,,,,,,,,,,,,,,,,,718970,664874,672635,621545,544725,570481,571740,663853,693049,,,,0.9,,1,0,,63,1,,0,12,0,12,12,0,0,12,,,,0.0,0.416,,,,-0.416,,-12,-12,0.0,0.0,35,33,35,33,1,2,,,,,,,,
,2023-03-24,,,,"Kelly, Joe",657656,523260,strikeout,swinging_strike,,,,,,Ramon Laureano strikes out swinging.,S,R,R,OAK,CWS,S,2,,0,2,2023,,,,,,,,0,7,Bot,,,,,,,,,,,,,,,,,,,,,718970,664874,672635,621545,544725,570481,571740,663853,693049,,,,0.0,,0,0,,62,3,,0,12,0,12,12,0,0,12,,,,0.0,-0.169,,,,0.169,,-12,-12,0.0,0.0,35,28,35,29,1,2,,,,,,,,
,2023-03-24,,,,"Kelly, Joe",657656,523260,,swinging_strike,,,,,,Ramon Laureano strikes out swinging.,S,R,R,OAK,CWS,S,,,0,1,2023,,,,,,,,0,7,Bot,,,,,,,,,,,,,,,,,,,,,718970,664874,672635,621545,544725,570481,571740,663853,693049,,,,,,,,,62,2,,0,12,0,12,12,0,0,12,,,,0.0,-0.054,,,,0.054,,-12,-12,0.0,0.0,35,28,35,29,1,2,,,,,,,,
,2023-03-24,,,,"Kelly, Joe",657656,523260,,swinging_strike,,,,,,Ramon Laureano strikes out swinging.,S,R,R,OAK,CWS,S,,,0,0,2023,,,,,,,,0,7,Bot,,,,,,,,,,,,,,,,,,,,,718970,664874,672635,621545,544725,570481,571740,663853,693049,,,,,,,,,62,1,,0,12,0,12,12,0,0,12,,,,0.0,-0.042,,,,0.042,,-12,-12,0.0,0.0,35,28,35,29,1,2,,,,,,,,
,2023-03-21,,,,"Kelly, Joe",572228,523260,field_out,hit_into_play,,,,,,"Luke Voit grounds out, shortstop Erik Gonzalez to first baseman Gavin Sheets.",S,R,R,MIL,CWS,X,6,ground_ball,0,0,2023,,,,,,,,2,6,Bot,113.76,166.17,,,,,,,,,,,,,,,,,,,719019,518735,657757,663853,669394,570481,571740,656514,621545,,,,0.0,,0,0,,48,1,,2,6,2,6,6,2,2,6,,,,-0.006,-0.275,,,,0.275,,-4,-4,0.059,0.059,35,32,35,32,1,2,,,,,,,,
,2023-03-21,,,,"Kelly, Joe",642715,523260,strikeout,swinging_strike,,,,,,Willy Adames strikes out swinging.,S,R,R,MIL,CWS,S,2,,0,2,2023,,,,,,,,1,6,Bot,,,,,,,,,,,,,,,,,,,,,719019,518735,657757,663853,669394,570481,571740,656514,621545,,,,0.0,,0,0,,47,3,,2,6,2,6,6,2,2,6,,,,-0.011,-0.17,,,,0.17,,-4,-4,0.07,0.07,35,27,35,28,1,2,,,,,,,,
,2023-03-21,,,,"Kelly, Joe",642715,523260,,foul,,,,,,Willy Adames strikes out swinging.,S,R,R,MIL,CWS,S,,,0,1,2023,,,,,,,,1,6,Bot,,,,,,,,,,,,,,,,,,,,,719019,518735,657757,663853,669394,570481,571740,656514,621545,,,,,,,,,47,2,,2,6,2,6,6,2,2,6,,,,0.0,-0.057,,,,0.057,,-4,-4,0.07,0.07,35,27,35,28,1,2,,,,,,,,
,2023-03-21,,,,"Kelly, Joe",642715,523260,,swinging_strike,,,,,,Willy Adames strikes out swinging.,S,R,R,MIL,CWS,S,,,0,0,2023,,,,,,,,1,6,Bot,,,,,,,,,,,,,,,,,,,,,719019,518735,657757,663853,669394,570481,571740,656514,621545,,,,,,,,,47,1,,2,6,2,6,6,2,2,6,,,,0.0,-0.041,,,,0.041,,-4,-4,0.07,0.07,35,27,35,28,1,2,,,,,,,,
,2023-03-21,,,,"Kelly, Joe",608385,523260,field_out,hit_into_play,,,,,,Jesse Winker flies out to left fielder Billy Hamilton.,S,L,R,MIL,CWS,X,7,fly_ball,0,0,2023,,,,,,,,0,6,Bot,64.74,92.95,,,,,,,,,,,,,,,,,,,719019,518735,657757,663853,669394,570481,571740,656514,621545,,,,0.0,,0,0,,46,1,,2,6,2,6,6,2,2,6,,,,-0.018,-0.265,,,,0.265,,-4,-4,0.088,0.088,35,29,35,30,1,2,,,,,,,,
,2023-03-18,,,,"Kelly, Joe",663897,523260,field_out,hit_into_play,,,,,,Luke Williams flies out to right fielder Victor Reyes.,S,R,R,CWS,LAD,X,9,fly_ball,0,0,2023,,,,,,,571679,2,8,Top,194.79,82.69,,,,,,,,,,,,,,,,,,,719060,665861,622046,670148,665940,650528,672635,571740,622682,,,,0.0,,0,0,,72,1,,4,6,6,4,6,4,6,4,,,,0.013,-0.286,,,,0.286,,-2,2,0.143,0.857,35,26,35,27,1,1,,,,,,,,
,2023-03-18,,,,"Kelly, Joe",686781,523260,field_out,hit_into_play,,,,,,Brandon Lewis pops out to first baseman Chris Shaw.,S,R,R,CWS,LAD,X,3,popup,0,0,2023,,,,,,,571679,1,8,Top,146.7,175.34,,,,,,,,,,,,,,,,,,,719060,665861,622046,670148,665940,650528,672635,571740,622682,,,,0.0,,0,0,,71,1,,4,6,6,4,6,4,6,4,,,,0.014,-0.257,,,,0.257,,-2,2,0.129,0.871,35,24,35,25,1,0,,,,,,,,
,2023-03-18,,,,"Kelly, Joe",571679,523260,single,hit_into_play,,,,,,David Freitas singles on a sharp ground ball to center fielder Billy Hamilton.,S,R,R,CWS,LAD,X,8,ground_ball,0,0,2023,,,,,,,,1,8,Top,130.5,150.54,,,,,,,,,,,,,,,,,,,719060,665861,622046,670148,665940,650528,672635,571740,622682,,,,0.9,,1,0,,70,1,,4,6,6,4,6,4,6,4,,,,-0.012,0.416,,,,-0.416,,-2,2,0.141,0.859,35,34,35,34,1,1,,,,,,,,
,2023-03-18,,,,"Kelly, Joe",691949,523260,field_out,hit_into_play,,,,,,"Jake Vogel grounds out, second baseman Nate Mondou to first baseman Chris Shaw.",S,R,R,CWS,LAD,X,4,ground_ball,0,0,2023,,,,,,,,0,8,Top,147.71,153.57,,,,,,,,,,,,,,,,,,,719060,665861,622046,670148,665940,650528,672635,571740,622682,,,,0.0,,0,0,,69,1,,4,6,6,4,6,4,6,4,,,,0.011,-0.265,,,,0.265,,-2,2,0.13,0.87,35,21,35,22,1,0,,,,,,,,
